-14652
-7996
-15863
-8331
-15955
6831
-14761
-5200
-16282
-5983
-15405
2628
-14562
-7437
-15955
7608
-16022
4417
-15675
-7942
-15533
0
-15931
7386
-14701
6766
-15498
8778
-16088
-8108
-16207
-7386
-15964
-8830
-16041
5498
-15826
5759
-14788
-3277
-16031
-13811
-15383
-722
-15151
-6553
-14844
7386
-13908
16383
-15557
-10344
-16082
0
-15724
-4943
-15783
-8497
-15001
-12051
-16041
-3721
-16216
0
-15380
-7275
-15603
6207
-16372
-4976
-13613
6720
-16056
0
-15240
8331
-16173
11829
-15512
-8830
-15442
15153
-14480
-16383
-16335
8941
-10120
-280
-14443
11462
-13526
6319
-15676
4753
-14923
-3277
-15381
12245
-14827
-5720
-15047
-503
-15232
-3523
-16110
-7325
-14890
0
-13527
5831
-15285
-6831
-15828
4753
-14861
-7660
-15690
0
-14911
7386
-15425
5312
-13897
3721
-13416
5200
-15440
944
-15903
9496
-15904
-4609
-15635
-8331
-15359
7884
-15952
10232
-16189
-13106
-14356
2851
-15952
-8555
-15338
-9830
-14360
6878
-15163
-14258
-15238
6831
-13976
11574
-15444
0
-15913
4498
-12656
0
-15631
5609
-16169
0
-14949
9673
-13615
-503
-15469
0
-16014
7660
-13921
6165
-14706
6319
-13376
7164
-13236
2292
-13038
-16383
-16025
11462
-15640
6553
-15417
4165
-12840
-14929
-15753
4417
-15449
-8778
-15842
-6553
-15017
5054
-14633
-5312
-15531
-8667
-16017
6989
-15202
16383
-15903
0
-15840
-6553
-15607
9941
-16037
3055
-15015
3635
-16363
1499
-15242
6207
-16144
6553
-14577
-8108
-8498
-5831
-16315
-8108
-15325
7101
-16182
10009
-16061
8053
-16255
5983
-16254
5535
-16254
6319
-10587
-12581
-15299
-6553
-16342
12495
-15979
-16383
-16280
2499
-11167
7386
-13897
5088
-16055
0
-15818
1944
-16029
5200
-14970
-9274
-16338
-6319
-15931
503
-15816
0
-15918
4865
-15593
-11607
-13784
9897
-15442
-6720
-15140
-10163
-14479
3166
-15627
1398
-16106
4641
-15300
7660
-14854
0
-16109
6095
-14665
-4943
-15995
-10607
-15962
-5647
-14339
8219
-15752
5871
-15541
-12693
-15852
-4529
-16383
-14817
-15798
-6654
-16211
-833
-14535
-2740
-16083
6497
-16125
6054
-15700
0
