-16383
-16383
-16383
-16383
-16383
-16383
-16383
-16383
-16383
-16383
-16383
-16383
-16383
-16383
-16383
-16383
-16383
-16383
-16383
-16383
-16383
-16383
-16383
-16383
-16383
-16383
-16383
-16383
-16383
-16383
-16383
-16383
-16383
-16383
-16383
-16383
-4595
-16383
-16383
-16383
-16383
-16383
-16383
-16383
-16383
-16383
-16383
-16383
-16383
-16383
-16383
-16383
-16383
-16383
-16383
-16383
-16383
-16383
-16383
-16383
-16383
-16383
-16383
-16383
-16383
-16383
-16383
-16383
-16383
-16383
-16383
-16383
-16383
-16383
-16383
-16383
-16383
-16383
-16383
-16383
-16383
-16383
16383
16383
16383
16383
16383
16383
16383
16383
16383
16383
16383
16383
16383
16383
16383
16383
16383
4595
16383
16383
16383
16383
16383
16383
16383
16383
16383
16383
16383
16383
16383
16383
16383
16383
16383
16383
16383
16383
16383
16383
16383
16383
16383
16383
16383
16383
16383
16383
16383
16383
16383
16383
16383
16383
16383
16383
16383
16383
16383
16383
16383
16383
16383
16383
16383
16383
16383
16383
16383
16383
16383
16383
16383
16383
16383
16383
16383
16383
16383
16383
16383
16383
