-28
-28
-31
-31
-15
-30
-30
-31
-31
-16
-30
-30
-27
-31
13
-26
-28
-30
-31
-10
-31
-31
-30
-31
-11
-30
-29
-30
-31
5
-28
-28
-31
-31
-14
-30
-30
-30
-31
14
-30
-30
-27
-31
8
-29
-30
-31
-31
-15
-29
-29
-23
-31
0
-30
-30
-30
-13
14
-28
-28
-31
-31
13
-29
-29
-20
-31
17
-30
-30
-30
-31
-15
-31
-31
-29
-31
-14
-30
-30
-22
-20
-17
-30
-30
-23
-31
10
-30
-30
-31
-31
11
-28
-28
-31
-31
-6
-30
-30
-29
-31
-26
-29
-29
-31
-30
-1
-28
-29
-31
-31
-12
-28
-28
-30
-31
14
-26
-26
-28
-31
31
-29
-29
-31
-31
-20
-30
-30
-31
-31
0
-30
-30
-19
-21
-9
-30
-30
-30
-15
-16
-30
-28
-20
-31
-23
-30
-30
-31
-31
-7
-31
-31
-8
-31
0
-29
-29
-31
-31
-14
-29
-30
-31
-31
12
-31
-31
-31
-31
-9
-26
-26
-30
-31
13
-29
-30
-30
-31
0
-29
-29
-27
-31
16
-31
-31
-27
-31
22
-29
-29
-29
-31
-17
-29
-29
-31
-31
29
-27
-27
-31
-31
-31
-31
-31
-29
-31
17
-18
-19
-31
-31
-1
-27
-27
-31
-31
22
-26
-26
-29
-31
12
-28
-30
-29
-31
9
-28
-28
-31
-31
-6
-29
-29
-31
-31
23
-28
-28
-30
-31
-11
-29
-28
-31
-30
-1
-29
-29
-27
-31
-7
-29
-30
-31
-31
-14
-28
-28
-29
-31
0
-26
-26
-20
-31
11
-29
-29
-31
-31
-13
-30
-30
-30
-31
9
-28
-28
-30
-31
-14
-29
-30
-30
-31
0
-28
-28
-29
-29
14
-29
-29
-30
-31
10
-26
-26
-25
-31
7
-25
-25
-29
-31
10
-29
-29
-31
-31
2
-30
-30
-28
-31
18
-29
-30
-27
-31
-9
-30
-30
-31
-31
-16
-29
-29
-27
-31
15
-30
-30
-30
-31
19
-31
-31
-26
-31
-25
-27
-27
-23
-31
5
-30
-30
-30
-31
-16
-29
-29
-31
-31
-19
-27
-27
-31
-31
13
-29
-29
-31
-31
-27
-29
-29
-19
-31
13
-26
-26
-22
-31
22
-29
-29
-27
-31
0
-30
-30
-24
-31
9
-25
-24
-30
-31
0
-30
-30
-24
-31
11
-31
-31
-30
-31
0
-28
-28
-26
-31
18
-27
-26
-31
-31
-1
-29
-29
-31
-31
0
-30
-30
-28
-31
14
-26
-26
-30
-31
12
-28
-28
-31
-30
12
-25
-25
-30
-25
14
-28
-25
-28
-31
4
-24
-25
-31
-31
-31
-30
-30
-26
-31
22
-30
-30
-31
-31
12
-29
-29
-19
-31
8
-26
-24
-31
-31
-28
-30
-30
-30
-31
8
-30
-29
-22
-31
-17
-30
-30
-31
-31
-12
-28
-28
-31
-31
10
-28
-28
-28
-31
-10
-29
-29
-31
-31
-16
-30
-30
-29
-31
13
-29
-29
-27
-31
31
-30
-30
-31
-31
0
-30
-30
-31
-31
-12
-29
-30
-31
-31
19
-30
-30
-29
-31
6
-28
-28
-31
-31
7
-31
-31
-31
-31
3
-29
-29
-27
-31
12
-31
-31
-29
-31
12
-28
-28
-30
-31
-15
-14
-16
-24
-30
-11
-31
-31
-29
-31
-15
-29
-29
-31
-31
13
-31
-31
-24
-31
19
-30
-30
-29
-31
15
-31
-31
-29
-31
11
-30
-31
-22
-31
10
-31
-31
-31
-29
12
-23
-20
-30
-31
-24
-29
-29
-30
-31
-12
-31
-31
-31
-31
24
-30
-30
-31
-31
-31
-31
-31
-29
-31
5
-20
-21
-30
-31
14
-26
-26
-31
-31
10
-30
-30
-30
-31
0
-30
-30
-26
-29
4
-30
-30
-30
-31
10
-28
-28
-30
-31
-18
-31
-31
-27
-31
-12
-30
-30
-31
-31
1
-30
-30
-17
-31
0
-30
-30
-27
-31
9
-29
-30
-23
-29
-22
-26
-26
-29
-31
19
-29
-29
-27
-31
-13
-29
-29
-30
-31
-19
-27
-27
-31
-31
6
-30
-30
-30
-31
3
-30
-30
-31
-31
9
-29
-29
-20
-31
14
-28
-28
-31
-31
0
-30
-30
-31
-31
12
-27
-28
-21
-30
-9
-30
-30
-30
-31
-20
-30
-30
-30
-31
-11
-27
-27
-29
-31
16
-30
-30
-27
-31
11
-29
-29
-31
-31
-24
-30
-30
-22
-31
-9
-31
-31
-31
-31
-28
-30
-30
-30
-31
-13
-31
-31
-30
-31
-2
-20
-28
-28
-31
-5
-30
-30
-28
-28
12
-30
-31
-31
-31
11
-26
-30
-31
-31
0
