-28
-10
-23
-17
11
-30
-22
-28
-27
23
-30
3
-26
-19
-11
-29
-1
-25
-29
-3
-31
5
-28
-31
0
-30
-4
-28
-25
-10
-28
-7
-29
-27
6
-30
-4
3
-30
20
-30
11
-29
-30
0
-30
-11
-23
-26
-13
-30
9
-28
-23
0
-30
-4
-29
-27
-18
-28
-8
-29
-19
0
-29
6
-24
-21
-23
-31
-3
-28
-30
13
-31
2
-26
-29
-20
-30
7
-29
-19
18
-30
-1
-29
-30
-12
-30
-7
-22
-29
-8
-28
-28
-28
-22
12
-29
3
-29
-31
13
-29
-9
-29
-23
26
-29
-27
-27
-15
6
-28
-4
-28
-30
14
-27
-2
-30
-25
-13
-30
-6
-29
-31
16
-30
-13
-29
7
15
-30
3
-24
-17
-4
-30
24
-25
-29
29
-28
-3
-27
-22
-12
-30
27
-28
-31
-13
-31
8
-29
-28
-13
-29
-11
-27
-29
-13
-30
-6
-28
-30
9
-31
-6
-17
-29
21
-27
-7
-28
-21
31
-31
10
-24
-29
0
-29
6
-15
-26
-9
-31
-7
-29
-20
-31
-29
22
-24
-30
-14
-29
-9
-30
-30
-14
-28
-13
-29
-5
31
-31
-15
-27
-23
9
-20
-11
-29
-26
31
-28
-16
-31
-18
-17
-27
-4
-30
-26
14
-30
-23
-27
-25
-17
-28
-25
-25
-25
-19
-29
-16
-30
-19
-24
-28
-11
-30
-17
10
-29
-12
-22
-15
13
-29
1
-29
-20
5
-31
-9
-28
7
0
-28
2
-28
-29
21
-26
-3
-30
-10
23
-29
-7
-30
-30
-14
-30
-21
-21
-21
-16
-28
0
-29
-30
14
-30
-22
-27
-30
0
-28
2
-29
-25
29
-29
-7
-29
-28
15
-27
0
-24
-23
-5
-27
-5
-25
-15
16
-29
-5
-26
-30
13
-30
2
-28
-29
-20
-30
-5
-19
-15
0
-30
-20
-28
-30
28
-29
-18
-27
-26
-26
-30
-7
-29
-29
-20
-31
-2
-30
-29
12
-27
2
-28
-24
10
-30
-1
-23
-31
13
-29
-16
-28
-28
-12
-27
-20
-27
-27
0
-29
-5
-27
-30
8
-29
-4
-30
-27
-13
-27
0
-31
-20
-31
-29
1
-29
-30
0
-30
4
-29
-13
-11
-25
-20
-26
-8
9
-30
5
-30
-26
-14
-31
-16
-27
-27
-2
-28
1
-28
-26
-31
-26
-18
-29
-28
12
-29
-11
-29
-26
-31
-29
4
-27
-23
-5
-27
1
-29
-29
-13
-28
-10
-28
-24
14
-26
-11
-27
-7
31
-28
0
-27
-26
16
-25
-8
-31
-27
0
-30
9
-25
-27
-6
-30
-7
-28
-30
-25
-29
-1
-27
-29
-3
-25
-7
-29
-26
15
-30
-24
-22
-27
19
-29
5
-29
-25
-19
-30
-24
-24
-26
-25
-29
-7
-28
-28
10
-28
-4
-29
-22
13
-29
-6
-27
-30
27
-30
7
-25
-29
25
-29
6
-26
-28
-19
-30
-7
-28
-28
2
-30
-27
-27
-24
-31
-30
-15
-26
-14
-31
-30
-5
-29
-28
15
-29
1
-29
-30
-31
-31
-10
-29
-25
-5
-29
5
-29
-27
6
-31
-3
-26
-30
19
-28
-4
-30
-29
28
-16
3
-27
-16
22
-31
-21
-24
-18
3
-29
-5
-28
-29
-13
-31
5
-26
-22
25
-30
-4
-29
-28
-30
-31
-5
-30
-27
-9
-29
4
-28
-22
19
-31
-14
-28
-21
-14
-20
-7
-28
-12
20
-29
-14
-27
-29
-6
-31
-8
-26
-31
-23
-30
30
-14
-31
31
-31
7
-27
-28
-13
-22
-19
-25
-30
14
-27
-19
-27
-24
-15
-30
-3
-28
-30
0
-30
7
-29
-27
-10
-30
-14
-29
-8
-19
-29
-7
31
-30
18
-31
-5
-29
-14
15
-30
-9
-31
-22
-14
-29
-3
-26
-21
12
-30
6
-28
-26
-9
-30
3
-29
-22
8
-27
2
-30
-30
22
-29
-5
-29
-14
-14
-29
23
-27
-29
24
-28
-7
-28
-28
9
-30
4
-27
-31
-12
-31
-26
-17
1
16
-29
4
-29
-25
-21
-28
-21
-28
-25
-31
-30
-15
-26
-21
31
-28
5
-28
7
9
-30
18
-27
-29
14
-31
-4
-27
-27
12
-27
6
-28
-30
-27
-30
-5
-30
-19
-14
-29
-5
-28
-30
13
-30
1
-27
-28
-13
-31
-14
-29
-19
-28
-30
-2
-29
-30
14
-31
-1
-26
-30
-10
-24
-3
-28
-23
-13
-30
8
-28
-16
-16
-30
-3
-25
-30
0
-30
-8
-23
-24
4
