2222111112222122222222222211222122221111122120212222022222222222222222222222222222222222222222222222222222221222222222211111222222222211111222222222211121222222222211111222222222211111222222222211112222222222221122
2222111112122122222222222111211222111111122122112121222222222222222222222222222222222222222222222222222222222222222222211111222222222211111222222222211121222222222211111222222222211111222222222211112222222222221122
2222111112222222222222222112212222221111122122212222222222222222222222222222222222222222222222222222222222221222222222211111222222222211111222222222211121222222222211111222222222211111222222222211112222222222221121
2222111112202122222222222212221222221111122121112221122222222222222222222222222222222222222222222222222222222222222222211111222222222211111222222222211121222222222211111222222222211111222222222211112222222222221121
2221111112222122222222222211221222221111122121112121122222222222222222222222222222222222222222222222222222222222222222211111222222222211111222222222211121222222222211111222222222211111222222222211112222222222221121
2222111112222122222222222112212122221111122122212122222222222222222222222222222222222222222222222222222222222222222222211111222222222211111222222222211121222222222211111222222222211111222222222211112222222222221121
2222111112222122222222222122211222211111122121112121122222222222222222222222222222222222222222222222222222222222222222211111222222222211111222222222211121222222222211111222222222211111222222222211112222222222221122
2222111112222122222222222212222222221111122120112121022222222222222222222222222222222222222222222222222222221222222222211111222222222211111222222222211121222222222211111222222222211111222222222211112222222222221121
2222111112102122222222222111212122221111122121112121122222222222222222222222222222222222222222222222222222221222222222211111222222222211111222222222211121222222222211111222222222211111222222222211112222222222221122
2222111112222122222222222211221122221111122122112121222222222222222222222222222222222222222222222222222222221222222222211111222222222211111222222222211121222222222211111222222222211111222222222211112222222222221121
2222111112222222222222222212221222221111122122112121221222222222222222222222222222222222222222222222222222222222222222211111222222222211111222222222211121222222222211111222222222211111222222222211112222222222221121
2222111112222122222222222212222122221111122120212222022222222222222222222222222222222222222222222222222222221222222222211111222222222211111222222222211121222222222211111222222222211111222222222211112222222222221122
1221111112202122222222222112211122121111122121112221122222222222222222222222222222222222222222222222222222222222222222211111222222222211111222222222211121222222222211111222222222211111222222222211112222222222221121
1222111112222122222222222112211222111111122121212222122222222222222222222222222222222222222222222222222222221222222222211111222222222211111222222222211121222222222211111222222222211111222222222211112222222222221122
1221111112202122222222222112211212121111112120122221022222222222222222222222222222222222222222222222222222212222222222211111222222222211111222222222211121222222222211111222222222211111222222222211112222222222221122
1222111112122122222222222111211222121111122122112121222222222222222222222222222222222222222222222222222222222222222222211111222222222211111222222222211121222222222211111222222222211111222222222211112222222222221121
2222111112221122222222222112211222111111122122212222222222222222222222222222222222222222222222222222222222222222222222211111222222222211111222222222211121222222222211111222222222211111222222222211112222222222221122
1222122222122122222222222111212222111111122121212222122222222222222222222222222222222222222222222222222222222222222222211111222222222211111222222222211121222222222211111222222222211111222222222211112222222222221121
1222111112202122222222222112211212121111112122222222222222222222222222222222222222222222222222222222222222122222222222211111222222222211111222222222211121222222222211111222222222211111222222222211112222222222221121
1221111112102122222222222111212222121111122121112121122222222222222222222222222222222222222222222222222222222222222222211111222222222211111222222222211121222222222211111222222222211111222222222211112222222222221121
1222111112222122222222222111212122111111222122112221222222222222222222222222222222222222222222222222222222221222222222211111222222222211111222222222211121222222222211111222222222211111222222222211112222222222221121
1222111112122122222222222111212122221111122122112121222222222222222222222222222222222222222222222222222222221222222222211111222222222211111222222222211121222222222211111222222222211111222222222211112222222222221121
1222111112202122222222222212222122111111122121112121122222222222222222222222222222222222222222222222222222221222222222211111222222222211111222222222211121222222222211111222222222211111222222222211112222222222221122
2222111112222122222222222211222112121111112122122221222222222222222222222222222222222222222222222222222222221222222222211111222222222211111222222222211121222222222211111222222222211111222222222211112222222222221122
2222111112222122222222222112211212121111112122122121212222222222222222222222222222222222222222222222222222222222222222211111222222222211111222222222211121222222222211111222222222211111222222222211112222222222221122
2222111112222222222222222212212212221111112122222222222222222222222222222222222222222222222222222222222222221222222222211111222222222211111222222222211121222222222211111222222222211111222222222211112222222222221121
2222111112222122222222222211221212121111112122222222212222111222222222222222222222222222222222222222222222222222222222211111222222222211111222222222211121222222222211111222222222211111222222222211112222222222221122
2222111112222122222222222211221212121111112120122221012222222222222222222222222222222222222222222222222222222222222222211111222222222211111222222222211121222222222211111222222222211111222222222211112222222222221122
2222111112221122222222222112212212221111112122222122222222222222222222222222222222222222222222222222222222222222222222211111222222222211111222222222211121222222222211111222222222211111222222222211112222222222221122
2222111112221122222222222211121212111111112121222222112222222222222222222222222222222222222222222222222222222222222222211111222222222211111222222222211121222222222211111222222222211111222222222211112222222222221121
2222111112122122222222222221212212121111112122222122222222222222222222222222222222222222222222222222222222222222222222211111222222222211111222222222211121222222222211111222222222211111222222222211112222222222221121
2222111112202122222222222212212212121111111122222122222222222222222222222222222222222222222222222222222222221222222222211111222222222211111222222222211121222222222211111222222222211111222222222211112222222222221122
2222111112122122222222222211222112111111112120222222012222222222222222222222222222222222222222222222222222221222222222211111222222222211111222222222211121222222222211111222222222211111222222222211112222222222221121
2222111112212222222222222112211212221111112122222222222222222222222222222222222222222222222222222222222222222222222222211111222222222211111222222222211121222222222211111222222222211111222222222211112222222222221122
2222111112221122222222222212222112221111112122222122212222222222222222222222222222222222222222222222222222221222222222211111222222222211111222222222211121222222222211111222222222211111222222222211112222222222221122
2222111112202122222222222212211122221111122121112221122222222222222222222222222222222222222222222222222222222222222222211111222222222211111222222222211121222222222211111222222222211111222222222211112222222222221122
2222111112212122222222222222221222221111122120112121022222222222222222222222222222222222222222222222222222221222222222211111222222222211111222222222211121222222222211111222222222211111222222222211112222222222221121
2222111112102122222222222111211222221111122121112221122222222222222222222222222222222222222222222222222222222222222222211111222222222211111222222222211121222222222211111222222222211111222222222211112222222222221121
2222111112102122222222222111211222221111122121112121122222222222222222222222222222222222222222222222222222222222222222211111222222222211111222222222211121222222222211111222222222211111222222222211112222222222221121
2222111112122122222222222111221222111111122122212222222222222222222222222222222222222222222222222222222222222222222222211111222222222211111222222222211121222222222211111222222222211111222222222211112222222222221121
2222111112222122222222222111212222221111122121212222122222222222222222222222222222222222222222222222222222222222222222211111222222222211111222222222211121222222222211111222222222211111222222222211112222222222221121
2222111112122122222222222111212122211111122121112221122222222222222222222222222222222222222222222222222222222222222222211111222222222211111222222222211121222222222211111222222222211111222222222211112222222222221121
2221111112102122222222222212212122221111121120211112222222222222222222222222222222222222222222222222222222221222222222211111222222222211111222222222211121222222222211111222222222211111222222222211112222222222221121
2222111112122122222222222211222122221111122121112121122222222222222222222222222222222222222222222222222222221222222222211111222222222211111222222222211121222222222211111222222222211111222222222211112222222222221121
2222111112122222222222222211221221221111121122211221222222222222222222222222222222222222222222222222222222222222222222211111222222222211111222222222211121222222222211111222222222211111222222222211112222222222221121
2221111112112122222222222111212122221111122120112221122222222222222222222222222222222222222222222222222222221222222222211111222222222211111222222222211121222222222211111222222222211111222222222211112222222222221121
2211111112122122222222222111212112121111111121122121122222222222222222222222222222222222222222222222222222221111222222211111211222222211111222222222211121222222222211111222222222211111222222222211112222222222221122
2222111112122122222222222111212212211111112122222122212222222222222222222222222222222222222222222222222222222222222222211111222222222211111222222222211121222222222211111222222222211111222222222211112222222222221122
2222111112222222222222222121211222221111122122222222221222222222222222222222222222222222222222222222222222221222222222211111222222222211111222222222211121222222222211111222222222211111222222222211112222222222221121
2222111112122122222222222111212212111111112122122221222222222222222222222222222222222222222222222222222222222222222222211111222222222211111222222222211121222222222211111222222222211111222222222211112222222222221122
2222111112212122222222222112211212121111112121122221122222222222222222222222222222222222222222222222221222222222222222211111222222222211111222222222211121222222222211111222222222211111222222222211112222222222221121
2222111112222122222222222112212212111111112122222122222222222222222222222222222222222222222222222222222222222222222222211111222222222211111222222222211121222222222211111222222222211111222222222211112222222222221121
2222111112222122222222222211221212121111112122222122212222222222222222222222222222222222222222222222222222221222222222211111222222222211111222222222211121222222222211111222222222211111222222222211112222222222221121
2222111112222122222222222111212212221111111122122121222222222222222222222222222222222222222222222222222222222222222222211111222222222211111222222222211121222222222211111222222222211111222222222211112222222222221121
2222122222122122222222222111212212111111111122122121222222222222222222222222222222222222222222222222222222222222222222211111222222222211111222222222211121222222222211111222222222211111222222222211112222222222221121
2222111112122122222222222111212212121111111122122121212222222222222222222222222222222222222222222222222222221222222222211111222222222211111222222222211121222222222211111222222222211111222222222211112222222222221121
2222111112221222222222222112211212221111112122222122222222222222222222222222222222222222222222222222222222221222222222211111222222222211111222222222211121222222222211111222222222211111222222222211112222222222221121
2222111112222122222222222212222112111111112121122121112222222222222222222222222222222222222222222222222222221222222222211111222222222211111222222222211121222222222211111222222222211111222222222211112222222222221122
1212111112112122222222222112212112121111112121122221122222222222222222222222222222222222222222222222222222222222222222211111222222222211111222222222211121222222222211111222222222211111222222222211112222222222221122
1222111112212122222222222112211212121111112121122121122222222222222222222222222222222222222222222222222222221222222222211111222222222211111222222222211121222222222211111222222222211111222222222211112222222222221122
1211111112112122222222222112211112121111112120122221022222222222222222222222222222222222222222222222222222221222222222211111222222222211111222222222211121222222222211111222222222211111222222222211112222222222221122
1212111112212122222222222112211212111111112121122121022222222222222222222222222222222222222222222222222222222222222222211111222222222211111222222222211121222222222211111222222222211111222222222211112222222222221122
1222111112122122222222222111211212121111112120122121022222222222222222222222222222222222222222222222222222222222222222211111222222222211111222222222211121222222222211111222222222211111222222222211112222222222221122
1212111112212122222222222112212212111111112122122121212222222222222222222222222222222222222222222222222222222222222222211111222222222211111222222222211121222222222211111222222222211111222222222211112222222222221121
1212111112212122222222222112212212111111112122222122212222222222222222222222222222222222222222222222222222222222222222211111222222222211111222222222211121222222222211111222222222211111222222222211112222222222221121
1212111112112122222222222112212212211111112122222222022222222222222222222222222222222222222222222222222222222222222222211111222222222211111222222222211121222222222211111222222222211111222222222211112222222222221121
1211111112212122222222222112212112121111112121122221122222222222222222222222222222222222222222222222222222221222222222211111222222222211111222222222211121222222222211111222222222211111222222222211112222222222221121
1211111112112221222222222122211212111111112122222222222222222222222222222222222222222222222222222222222222222222222222211111222222222211111222222222211121222222222211111222222222211111222222222211112222222222221121
2222111112222122222222222112211112121111112122222122222222222222222222222222222222222222222222222222222222221222222222211111222222222211111222222222211121222222222211111222222222211111222222222211112222222222221121
2222111112221122222222222112211112211111112122122121222222222222222222222222222222222222222222222222222222221222222222211111222222222211111222222222211121222222222211111222222222211111222222222211112222222222221122
2222111112211122222222222112211212121111112122222122212222222222222222222222222222222222222222222222222222222222222222211111222222222211111222222222211121222222222211111222222222211111222222222211112222222222221122
2222111112222222222222222111212222221111122122212122221222222222222222222222222222222222222222222222222222221222222222211111222222222211111222222222211121222222222211111222222222211111222222222211112222222222221121
2222111112222122222222222112211222121111122122112121222222222222222222222222222222222222222222222222222222222222222222211111222222222211111222222222211121222222222211111222222222211111222222222211112222222222221121
2222111112201122222222222112211222121111122122122121222222222222222222222222222222222222222222222222222222222222222222211111222222222211111222222222211121222222222211111222222222211111222222222211112222222222221122
2222111112222222222222222112211222121111122120112221022222222222222222222222222222222222222222222222222222221222222222211111222222222211111222222222211121222222222211111222222222211111222222222211112222222222221122
2222111112202122222222222112211212121111112222222122222222222222222222222222222222222222222222222222222222221222222222211111222222222211111222222222211121222222222211111222222222211111222222222211112222222222221121
2222111112122122222222222211222222221111121121111221122222222222222222222222222222222222222222222222222222221222222222211111222222222211111222222222211121222222222211111222222222211111222222222211112222222222221122
2222111112222122222222222111212122221111122121212222122222222222222222222222222222222222222222222222222222221222222222211111222222222211111222222222211121222222222211111222222222211111222222222211112222222222221121
2222111112222122222222222111212112121111111122122122222222222222222222222222222222222222222222222222222222221222222222211111222222222211111222222222211121222222222211111222222222211111222222222211112222222222221121
2222111112222222222222222112211212111111112222222122222222222222222222222222222222222222222222222222222222222222222222211111222222222211111222222222211121222222222211111111222222211111222222222211112222222222221122
2222111112222122222222222111212122121111122122112121222222222222222222222222222222222222222222222222222222221222222222211111222222222211111222222222211121222222222211111222222222211111222222222211112222222222221121
2222111112212122222222222112212112111111112122222222212222222222222222222222222222222222222222222222222222222222222222211111222222222211111222222222211121222222222211111222222222211111222222222211112222222222221122
1222111112221122222222222112211212121111112122222222212222222222222222222222222222222222222222222222222222221222222222211111222222222211111222222222211121222222222211111222222222211111222222222211112222222222221122
2222111112212122222222222112211112111111112120222222012222222222222222222222222222222222222222222222222222221222222222211111222222222211111222222222211121211222222211111222222222211111222222222211112222222222221122
2222111112222122222222222111211212111111112122122121212222222222222222222222222222222222222222222222222222222222222222211111222222222211111222222222211121222222222211111222222222211111222222222211112222222222221121
2222111112222122222222222112211212111111112122122121212222222222222222222222222222222222222222222222222222222222222222211111222222222211111222222222211121222222222211111222222222211111222222222211112222222222221122
2222111112222122222222222211222212121111112122122121212222222222222222222222222222222222222222222222222222222222222222211111222222222211111222222222211121222222222211111222222222211111222222222211112222222222221121
1222112112122122222222222211222212121111112222222122222222222222222222222222222222222222222222222222222222222222222222211111222222222211111222222222211121222222222211111222222222211111222222222211112222222222221122
2222111111222122222222222111212211111111111212221112222222222222222222222222222222222222222222222222222222222222222222211111222222222211111222222222211121122222222211111222222222211111222222222211112222222222221121
2222111112221122222222222112212112121111112122222222012222222222222222222222222222222222222222222222222222221222222222211111222222222211111222222222211121211222222211111222222222211111222222222211112222222222221122
2222111112222122222222222112211112111111111122122121222222222222222222222222222222222222222222222222222222221222222222211111222222222211111222222222211121222222222211111222222222211111222222222211112222222222221122
2222111112122122222222222211222112121111112122222122212222222222222222222222222222222222222222222222222222221222222222211111222222222211111222222222211121211222222211111222222222211111222222222211112222222222221122
2222111112102122222222222111211122221111122120112121022222222222222222222222222222222222222222222222222222221222222222211111222222222211111222222222211121222222222211111222222222211111222222222211112222222222221122
2221111112112122222222222111211222121111122122112221222222222222222222222222222222222222222222222222222222222222222222211111222222222211111222222222211121222222222211111222222222211111222222222211112222222222221122
2222111112222222222222222212222222121111222122212222221222222222222222222222222222222222222222222222222222221222222222211111222222222211111222222222211121222222222211111222222222211111222222222211112222222222221121
2222111112222122222222222112211212121111112120122221022222222222222222222222222222222222222222222222222222222222222222211111222222222211111222222222211121222222222211111222222222211111222222222211112222222222221122
2222111112122122222222222111211222111111122122112121222222222222222222222222222222222222222222222222222222222222222222211111222222222211111222222222211121222222222211111222222222211111222222222211112222222222221121
2222111112222222222222222112211122211111222122212222222222222222222222222222222222222222222222222222222222221222222222211111222222222211111222222222211121222222222211111222222222211111222222222211112222222222221122
2222111112222122222222222111211222121111122121112121122222222222222222222222222222222222222222222222222222222222222222211111222222222211111222222222211121222222222211111222222222211111222222222211112222222222221121
2222111112122122222222222111212222121111122122112121222222222222222222222222222222222222222222222222222222221222222222211111222222222211111222222222211121222222222211111222222222211111222222222211112222222222221121
2222111112222122222222222111212122111112222222212122222222222222222222222222222222222222222222222222222222221222222222211111222222222211111222222222211121222222222211111222222222211111222222222211112222222222221122
2222111112212122222222222112212122111111122121122221122222222222222222222222222222222222222222222222222222221222222222211111222222222211111222222222211121222222222211111222222222211111222222222211112222222222221122
2222111112221222222222222112211222111212222112212222221222222222222222222222222222222222222222222222222222221222222222211111222222222211111222222222211121222222222211111222222222211111222222222211112222222222221122
2222111112222122222222222112212122221111122121112221122222222222222222222222222222222222222222222222222222221222222222211111222222222211111222222222211121222222222211111222222222211111222222222211112222222222221121
2222111112222122222222222211221112111111112120122221022222222222222222222222222222222222222222222222222222222222222222211111222222222211111222222222211121222222222211111222222222211111222222222211112222222222221121
2222111112222122222222222212211212121111112122222122222222222222222222222222222222222222222222222222222222221222222222211111222222222211111222222222211121222222222211111222222222211111222222222211112222222222221121
2222111112102122222222222111211212211111112222222122222222222222222222222222222222222222222222222222222222222222222222211111222222222211111222222222211121222222222211111222222222211111222222222211112222222222221121
2222111112222122222222222211221212121111112122122121222222222222222222222222222222222222222222222222222222222222222222211111222222222211111222222222211121222222222211111222222222211111222222222211112222222222221121
2222111112222122222222222212221212121111112122122221222222222222222222222222222222222222222222222222222222222222222222211111222222222211111222222222211121222222222211111222222222211111222222222211112222222222221121
2222111112222122222222222112212212221111112121122221122222222222222222222222222222222222222222222222222222222222222222211111222222222211111222222222211121222222222211111222222222211111222222222211112222222222221121
2222111112222122222222222211122212221111112122122121222222222222222222222222222222222222222222222222222222222222222222211111222222222211111222222222211121222222222211111222222222211111222222222211112222222222221122
2222111112122122222222222111212222111111122122212122222222222222222222222222222222222222222222222222222222222222222222211111222222222211111222222222211121222222222211111222222222211111222222222211112222222222221121
2222111112222122222222222112212212121111112121222222122222222222222222222222222222222222222222222222222222222222222222211111222222222211111222222222211121222222222211111222222222211111222222222211112222222222221121
2222111112222122222222222112212212221111112122222122222222222222222222222222222222222222222222222222222222221222222222211111222222222211111222222222211121222222222211111222222222211111222222222211112222222222221121
2222111112122122222222222211122212221111112222222122222222222222222222222222222222222222222222222222222222221222222222211111222222222211111222222222211121222222222211111222222222211111222222222211112222222222221122
2222111112122122222222222111212122221111122121212221122222222222222222222222222222222222222222222222222222221222222222211111222222222211111222222222211121222222222211111222222222211111222222222211112222222222221122
2222111112222122222222222112211222221111122120212222022222222222222222222222222222222222222222222222222222222222222222211111222222222211111222222222211121222222222211111222222222211111222222222211112222222222221122
2222111112221222222222222112212222111111122122212122222222222222222222222222222222222222222222222222222222221222222222211111222222222211111222222222211121222222222211111222222222211111222222222211112222222222221121
2222111112222122222222222112211222121111122122212222222222222222222222222222222222222222222222222222211222222222222222211111222222222211111222222222211121222222222211111222222222211111222222222211112222222222221122
2222111112222122222222222122211222221111122120112221022222222222222222222222222222222222222222222222221222222222222222211111222222222211111222222222211121222222222211111222222222211111222222222211112222222222221121
2222111112122122222222222211222222221111122121212221122222222222222222222222222222222222222222222222222222222222222222211111222222222211111222222222211121111222222211111222222222211111222222222211112222222222221121
2222111112222122222222222211211222221111121121112221122222222222222222222222222222222222222222222222212222222222222222211111222222222211111222222222211121222222222211111222222222211111222222222211112222222222221121
2222111112122122222222222111212222222222121120211222122222222222222222222222222222222222222222222222222222222222222222211111222222222211111222222222211121222222222211111222222222211111222222222211112222222222221121
2222111112122122222222222111212222121111122121212122122222222222222222222222222222222222222222222222222222221222222222211111222222222211111222222222211121222222222211111222222222211111222222222211112222222222221121
2222111112122122222222222111212122221111122121112221122222222222222222222222222222222222222222222222222222211222222222211111222222222211111222222222211121222222222211111222222222211111222222222211112222222222221121
2221111112222222222222222111211222221111122122212122222222222222222222222222222222222222222222222222221222222222222222211111222222222211111222222222211121222222222211111222222222211111222222222211112222222222221122
2221111112122122222222222111212122221111122121112221122222222222222222222222222222222222222222222222222222221222222222211111222222222211111222222222211121222222222211111222222222211111222222222211112222222222221122
2222111112222122222222222111212112121111112120122221022222222222222222222222222222222222222222222222222222222222222222211111222222222211111222222222211121221212222211111222222222211111222222222211112222222222221122
2222111112222122222222222121211222121111122121222122122222222222222222222222222222222222222222222222222222221222222222211111222222222211111222222222211121222222222211111222222222211111222222222211112222222222221121
2222111112222122222222222112211212121111112122222122222222222222222222222222222222222222222222222222222222222222222222211111222222222211111222222222211121222222222211111222222222211111222222222211112222222222221122
2222111112222122222222222112111212121111112120122121022222222222222222222222222222222222222222222222222222222222222222211111222222222211111222222222211121222222222211111222222222211111222222222211112222222222221122
2222111112102122222222222111211212221111112121222122022222222222222222222222222222222222222222222222222222222222222222211111222222222211111222222222211121222222222211111222222222211111222222222211112222222222221122
2222111112222122222222222212221212121111112122222122212222222222222222222222222222222222222222222222222222222222222222211111222222222211111222222222211121222222222211111222222222211111222222222211112222222222221121
2221111112222122222222222111212122121111122120112121022222222222222222222222222222222222222222222222222222222222222222211111222222222211111222222222211121222222222211111222222222211111222222222211112222222222221121
2222222111222211122222222121211212211111112120122221022222222222222222222222222222222222222222222222222222222222222222211111222222222211111222222222211121222222222211111222222222211111222222222211112222222222221121
2221111112222122222222222111212112221111112121122121022222222222222222222222222222222222222222222222222222221222222222211111222222222211111222222222211121222212222211111222222222211111222222222211112222222222221122
2222111112222122222222222111212111221111111120121121022222222222222222222222222222222222222222222222222222221222222222211111222222222211111222222222211121222222222211111222222222211111222222222211112222222222221122
2222111112222122222222222211222112221111111121122121122222222222222222222222222222222222222222222222222222221222222222211111222222222211111222222222211121222222222211111222222222211111222222222211112222222222221121
2222111112222122222222222212212112121111112122122121222222222222222222222222222222222222222222222222222222221222222222211111222222222211111222222222211121222222222211111222222222211111222222222211112222222222221122
2222111112222122222222222211221212221111112122222222012222222222222222222222222222222222222222222222222222222222222222211111222222222211111222222222211121222222222211111222222222211111222222222211112222222222221122
2222111112222222222222222212212212121111212122222122222222222222222222222222222222222222222222222222222222221222222222211111222222222211111222222222211121222222222211111222222222211111222222222211112222222222221121
2222111112222122222222222111111212111111112122222221212222222222222222222222222222222222222222222222222222222222222222211111222222222211111222222222211121222222222211111222222222211111222222222211112222222222221121
2222111112122122222222222111211212121111112122222122222222222222222222222222222222222222222222222222222222222222222222211111222222222211111222222222211121222222222211111222222222211111222222222211112222222222221122
2221111112122122222222222112212212221111112122222222222222222222222222222222222222222222222222222222222222222222222222211111222222222211111222222222211121222222222211111222222222211111222222222211112222222222221121
2222111112122122222222222111211212121111112122222222212222222222222222222222222222222222222222222222222222222222222222211111222222222211111222222222211121222222222211111222222222211111222222222211112222222222221121
2222111112222122222222222212212212221111112120122121022222222222222222222222222222222222222222222222222222222222222222211111222222222211111222222222211121222222222211111222222222211111222222222211112222222222221121
2222111112222122222222222211212212221111112121122121122222222222222222222222222222222222222222222222222222221222222222211111222222222211111222222222211121222222222211111222222222211111222222222211112222222222221121
2222111112122122222222222111212112211111112120122221012222222222222222222222222222222222222222222222222222221222222222211111222222222211111222222222211121222222222211111222222222211111222222222211112222222222221121
2222111112221222222222222212211212221111112122222222222222222222222222222222222222222222222222222222222222221222222222211111222222222211111222222222211121222222222211111222222222211111222222222211112222222222221122
2222111112222122222222222212222112221111112122122221222222222222222222222222222222222222222222222222222222221222222222211111222222222211111222222222211121222222222211111222222222211111222222222211112222222222221121
2222111112221122222222222211211112221111112222122121222222222222222222222222222222222222222222222222222222222222222222211111222222222211111222222222211121222222222211111222222222211111222222222211112222222222221122
2222111112222122222222222112211212111111112122222222222222222222222222222222222222222222222222222222222222221222122222211111222222222211111222222222211121222222222211111222222222211111222222221111122222222221221122
2222111112222122222222222212221222221111122121112221122222222222222222222222222222222222222222222222222222222222122222211111222122222211111222222221211121222122222211111222122222211111222221221121122222122221221112
2222111112222122222222222212221212121111112122122221222222222222222222222222222222222222222222222222222222222222222222211111222222222211111222222222211121222222222211111222222222211111222222222211112222222222221121
2222111112222122222222222211221222221111122121112121122222222222222222222222222222222222222222222222222222222222222221211121222212222211111222122222211111222222221211111222112222211111222121222121112222222221221121
2222111112122122222222222211212122221111122121212222122222222222222222222222222222222222222222222222222222221222222222211111222222222211111222222222211121222222222211111222222222211111222222222211112222222222221121
2222111112212122222222222112212222221111122120122221022222222222222222222222222222222222222222222222222222222222222222211111222222222211111222222222211121222222222211111222222222211111222222222211112222222222221122
2222111112222122222222222112212122221111122122112221222222222222222222222222222222222222222222222222222222221222222222211111222222222211111222222222211121222222222211111222222222211111222222222211112222222222221121
2222122222122122222222222211222122221111122122112121222222222222222222222222222222222222222222222222222222221222222222211111222222222211111222222222211121222222222211111222222222211111222222222211112222222222221121
2222111112222122222222222211222112221111112122222122222222222222222222222222222222222222222222222222222222221222222222211111222222222211111222222222211121222222222211111222222222211111222222222211112222222222221122
2222111112222122222222222111212122221111122122112122222222222222222222222222222222222222222222222222222222221222222222211111222222222211111222222222211121222222222211111222222222211111222222222211112222222222221121
2222111112122122222222222111211112221111111121122121122222222222222222222222222222222222222222222222222222221222222222211111222222222211111222222222211121222222222211111222222222211111222222222211112222222222221121
2222111112221122222222222212211212211111112121222222112222222222222222222222222222222222222222222222222222222222222222211111222222222211111222222222211121222222222211111222222222211111222222222211112222222222221122
2221111112222222222222222112212212211111112122222122212222222222222222222222222222222222222222222222222222221222222222211111222222222211111222222222211121222222222211111222222222211111222222222211112222222222221121
2222111112222122222222222111211212221111112121122121112222222222222222222222222222222222222222222222222222222222222222211111222222222211111222222222211121222222222211111222222222211111222222222211112222222222221122
2222111112222122222222222212211212221111112122222222212222222222222222222222222222222222222222222222222222222222222222211111222222222211111222222222211121222222222211111222222222211111222222222211112222222222221122
2222111112222122222222222112212212221111212122222222222222222222222222222222222222222222222222222222222222222222222222211111222222222211111222222222211121222222222211111222222222211111222222222211112222222222221121
2222111112222122222222222211221212221111112121222122212222222222222222222222222222222222222222222222222222222222222222211111222222222211111222222222211121222222222211111222222222211111222222222211112222222222221121
2222111112222122222222222111212212211111111121122121122222222222222222222222222222222222222222222222222222221222222222211111222222222211111222222222211121222222222211111222222222211111222222222211112222222222221121
2222111112122122222222222111212112221111111121222122022222222222222222222222222222222222222222222222222222221222222222211111222222222211111222222222211121222222222211111222222222211111222222222211112222222222221122
2222111111122122222222222111212112221111111122222122222222222222222222222222222222222222222222222222222222221222222222211111222222222211111222222222211121222222222211111222222222211111222222222211112222222222221121
2222111112222222222222222212211212221111112122222122222222222222222222222222222222222222222222222222222222222222222222211111222222222211111222222222211121222222222211111222222222211111222222222211112222222222221122
2222111112221122222222222212222112221111112122222122212222222222222222222222222222222222222222222222222222221222222222211111222222222211111222222222211121222222222211111222222222211111222222222211112222222222221122
2222111112222122222222222211221122121111122121112221122222222222222222222222222222222222222222222222222222222222222222211111222222222211111222222222211121222222222211111222222222211111222222222211112222222222221121
2222111112222122222222222121212222121111122121222222122222222222222222222222222222222222222222222222222222221222222222211111222222222211111222222222211121222222222211111222222222211111222222222211112222222222221122
2222111112222122222222222112211212111111112122122121222222222222222222222222222222222222222222222222222222222222222222211111222222222211111222222222211121222222222211111222222222211111222222222211112222222222221122
2222111112222122222222222121211222221111122120112221022222222222222222222222222222222222222222222222222222222222222222211111222222222211111222222222211121222222222211111222222222211111222222222211112222222222221121
2222111112222122222222222212221212121111112122222222222222222222222222222222222222222222222222222222222222222222222222211111222222222211111222222222211121222222222211111222222222211111222222222211112222222222221122
2221111112212122222222222112212222111111122122212122222221222222222222222222222222222222222222222222222222222222222222211111222222222211111222222222211121222222222211111222222222211111222222222211112222222222221121
2222111112212112222222222112212212121111112121122221122222222222222222222222222222222222222222222222222222222222222222211111222222222211111222222222211121222222222211111222222222211111222222222211112222222222221121
2212111112102122222222222111212222221111122122112121222222222222222222222222222222222222222222222222222222222222222222211111222222222211111222222222211121222222222211111222222222211111222222222211112222222222221121
2222111112202122222222222112212122121111122122122121222222222222222222222222222222222222222222222222222222221222222222211111222222222211111222222222211121222222222211111222222222211111222222222211112222222222221121
2222111112222222222222222112212212121111112122222222222222222222222222222222222222222222222222222222222222222222222222211111222222222211111222222222211121222222222211111222222222211111222222222211112222222222221121
2222111112222122222222222222222122211111122121122221122222222222222222222222222222222222222222222222222222221222222222211111222222222211111222222222211121222222222211111222222222211111222222222211112222222222221121
2222111112112122222222222111211122121111122122112121222222222222222222222222222222222222222222222222222222221222222222211111222222222211111222222222211121222222222211111222222222211111222222222211112222222222221122
2222111112202122222222222112211212111111112122122121222222222222222222222222222222222222222222222222222222222222222222211111222222222211111222222222211121222222222211111222222222211111222222222211112222222222221122
2222111112221222222222222212222222121111122122222222221222222222222222222222222222222222222222222222222222221222222222211111222222222211111222222222211121222222222211111222222222211111222222222211112222222222221121
2222222112221121222222222222122212121111112120122122222222222222222222222222222222222222221222222222212222222222222222211111222222222211111222222222211121222222222211111222222222211111222222222211112222222222221122
2222111112122122222222222221221212211111112121222222122222222222222212222222222222222222222222222222222222222222222222211111222222222211111222222222211121222222222211111222222222211111222222222211112222222222221122
2222111112222122222222222212221212121111112122222122222222222222222222222222222222222222222212222222222222222222222222211111222222222211111222222222211121222222222211111222222222211111222222222211112222222222221121
2222111112222122222222222112211222121111122120222122022222222222222221222222222222222222222222222222222222222222222222211111222222222211111222222222211121222222222211111222222222211111222222222211112222222222221121
2222111112122122222222222121212222111111122122222222222212221222222221222222222222222222222222222222222222212222222222211111222222222211111222222222211121222222222211111222222222211111222222222211112222222222221121
2221111112202122222222222112212222111111122121122221122222222222222222222222222222222222222222222222222222221222222222211111222222222211111222222222211121222222222211111222222222211111222222222211112222222222221121
2222111112222122222222222112212112111111112122122121222222222222222222222222222222222222221212222222212222221222222222211111222222222211111222222222211121222222222211111222222222211111222222222211112222222222221121
2222111112222222222222222212121212111111112122222122222222222222222222222222222222222222222222222222222222222222222222211111222222222211111222222222211121222222222211111222222222211111222222222211112222222222221122
2222111112222122222222222112212112121111112122122121222222222222222222222222222222222222222122222222222222221222222222211111222222222211111222222222211121222222222211111222222222211111222222222211112222222222221122
2222111112222122222222222112211122221111122122112221222222222222222222222222222222222222222222222222222222221222222222211111222222222211111222222222211121222222222211111222222222211111222222222211112222222222221122
2222111112212122222222222112211122221111122121112221122222222222222222222222222222222222222222222222222222221222222222211111222222222211111222222222211121222222222211111222222222211111222222222211112222222222221122
2221111112122122222222222221221222221111121121112221122222222222222222222222222222222222222222222222222222222222222222211111222222222211111222222222211121222222222211111222222222211111222222222211112222222222221122
2222111112222122222222222112211222221111122121212222122222222222222222222222222222222222222222222222222222222222222222211111222222222211111222222222211121222222222211111222222222211111222222222211112222222222221121
2212111112112122222222222112211222221111122121112221122222222222222222222222222222222222222222222222222222222222222222211111222222222211111222222222211121222222222211111222222222211111222222222211112222222222221122
2222111112122122222222222111212222221111122122212222022222222222222222222222222222222222222222222222222222222222222222211111222222222211111222222222211121222221111211122222222222211111222222222211112222222222221122
2222112112222122222222222112212222221111122121112121122222222222222222222222222222222222222222222222222222222222222222211111112222222211111222222222211121222222222211111222222222211111222222222211112222222222221122
2222111112122122222222222112112222221111122121112221122222222222222222222222222222222222222222222222222222222222222222211111222222222211111222222222211121222222222211111222222222211111222222222211112222222222221122
2222111112122122222222222112212122221111121121112221122222222222222222222222222222222222222222222222222222221222222222211111222222222211111222222222211121222222222211111222222222211111222222222211112222222222221121
2222111112122122222222222111212122221111122122112221222222222222222222222222222222222222222222222222222222221222222222211111222222222211111222222222211121222222222211111222222222211111222222222211112222222222221122
2211111112212122222222222112212122221111122121112221122222222222222222222222222222222222222222222222222222221222222222211111222222222211111222222222211121222222222211111222222222211111222222222211112222222222221121
2221111112122122222222222111111112211111112120122221012222222222222222222222222222222222222222222222222222221222222222211111222222222211111222222222211121222222222211111222222222211111222222222211112222222222221121
2222111112222122222222222111211212111111112122222222212222222222222222222222222222222222222222222222222222222222222222211111222222222211111222222222211121222222222211111222222222211111222222222211112222222222221121
2221111112122222222222222111222212221111212122222222222222222222222222222222222222222222222222222222222222221222222222211111222222222211111222222222211121222222222211111222222222211111222222222211112222222222221121
2222111112202122222222222212221212111111112122122221212222222222222222222222222222222222222222222222222222222222222222211111222222222211111222222222211121222222222211111222222222211111222222222211112222222222221122
2222111112222122222222222112211212221111112122122221212222222222222222222222222222222222222222222222222222222222222222211111222222222211111222222222211121222222222211111222222222211111222222222211112222222222221122
2222111112222122222222222111211212221111112122222222222222222222222222222222222222222222222222222222222222222222222222211111222222222211111222222222211121222222222211111222222222211111222222222211112222222222221121
2222111112122122222222222112211212221111112122122121212222222222222222222222222222222222222222222222222222222222222222211111222222222211111222222222211121222222222211111222222222211111222222222211112222222222221121
2221111112112122222222222212222212221111112122222122222222222222222222222222222222222222222222222222222222221222222222211111222222222211111222222222211121222222222211111222222222211111222222222211112222222222221121
2222111112222122222222222112212112121111112122122121222222222222222222222222222222222222222222222222222222221222222222211111222222222211111222222222211121222222222211111222222222211111222222222211112222222222221121
2222111112222122222222222212212112211111112122222122212222222222222222222222222222222222222222222222222222221222222222211111222222222211111222222222211121222222222211111222222222211111222222222211112222222222221121
2222111112122222222222222111211212121111212122222122222222222222222222222222222222222222222222222222222222222222222222211111222222222211111222222222211121222222222211111222222222211111222222222211112222222222221121
2222111112102122222222222111212112221111111120222122022222222222222222222222222222222222222222222222222222221222222222211111222222222211111222222222211121222222222211111222222222211111222222222211112222222222221122
2222111112222122222222222211221122221111122121112221122222222222222222222222222222222222222222222222222222222222222222211111222222222211111222222222211121222222222211111222222222211111222222222211112222222222221122
2222111112222122222222222212221222221111122121112221122222222222222222222222222222222222222222222222212222221222222222211111222222222211111222222222211121222222222211111222222222211111222222222211112222222222221121
2222111112122122222222222111211222221111122120112221022222222222222222222222222222222222222222222222222222222222222222211111222222222211111222222222211121222222222211111222222222211111222222222211112222222222221121
2222111112222122222222222211221222221111122120112221022222222222222222222222222222222222222222222222222222222222222222211111222222222211111222222222211121222222222211111222222222211111222222222211112222222222221121
2222111112222122222222222212211222221111122121112221122222222222222222222222222222222222222222222222222222222222222222211111222222222211111222222222211121222222222211111222222222211111222222222211112222222222221121
2222111112122122222222222111212222221111122121112121122222222222222222222222222222222222222222222222222222222222222222211111222222222211111222222222211121222222222211111222222222211111222222222211112222222222221121
2222111112222122222222222211221222221111122122112121222222222222222222222222222222222222222222222222222222222222222222211111222222222211111222222222211121222222222211111222222222211111222222222211112222222222221121
2222111112122122222222222111212122221111122121112121122222222222222222222222222222222222222222222222222222221222222222211111222222222211111222222222211121222222222211111222222222211111222222222211112222222222221121
2222111112222122222222222211222122221111122121112121122222222222222222222222222222222222222222222222222222221222222222211111222222222211111222222222211121222222222211111222222222211111222222222211112222222222221121
2222111112122122222222222211222122221111122122212222222222222222222222222222222222222222222222222222222222221222222222211111222222222211111222222222211121222222222211111222222222211111222222222211112222222222221122
2222111112122122222222222211222122221111122121212222122222222222222222222222222222222222222222222222222222221222222222211111222222222211111222222222211121222222222211111222222222211111222222222211112222222222221121
2221111112122122222222222211212122221111122121112121122222222222222222222222222222222222222222222222222222221222222222211111222222222211111222222222211121222222222211111222222222211111222222222211112222222222221121
2222111112122122222222222211221222221111122121112221122222222222222222222222222222222222222222222222222222222222222222211111222222222211111222222222211121222222222211111222222222211111222222222211112222222222221122
2222111112222222222222222212212222221111122120112221022222211222222222222222222222222222222222222222222222221222222222211111222222222211111222222222211121222222222211111222222222211111222222222211112222222222221121
2222111112122122222222222111211222221111122121112221122222222222222222222222222222222222222222222222222222222222222222211111222222222211111222222222211121222222222211111222222222211111222222222211112222222222221122
2222111112222122222222222212211222221111122121212221122222222222222222222222222222222222222222222222222222222222222222211111222222222211111222222222211121222222222211111222222222211111222222222211112222222222221121
2221111112122122222222222211222222221111222121212222122222222222222222222222222222222222222222222222222222222222222222211111222222222211111222222222211121222222222211111222222222211111222222222211112222222222221121
2222111112222122222222222212221222221111122121212222122222222222222222222222222222222222222222222222222222222222222222211111222222222211111222222222211121222222222211111222222222211111222222222211112222222222221121
2222111112222122222222222212222222221111122121112221122222222222222222222222222222222222222222222222222222221222222222211111222222222211111222222222211121222222222211111222222222211111222222222211112222222222221121
2222111112222122222222222121211122221111122121112221122222222222222222222222222222222222222222222222222222222222222222211111222222222211111222222222211121222222222211111222222222211111222222222211112222222222221121
2222111112222122222222222211222222221111122121212221122222222222222222222222222222222222222222222222222222221222222222211111222222222211111222222222211121222222222211111222222222211111222222222211112222222222221122
2222111112222222222222222211221222121111222122212222122222222222222222222222222222222222222222222222222222222222222222211111222222222211111222222222211121222222222211111222222222211111222222222211112222222222221122
2222111112122122222222222211222122221111122122212221222222222222222222222222222222222222222222222222222222221222222222211111222222222211111222222222211121222222222211111222222222211111222222222211112222222222221121
1222111112222122222222222111212112221111112120122221022222222222222222222222222222222222222222222222222222222222222222211111222222222211111222222222211121222222222211111222222222211111222222222211112222222222221121
1222111112211122222222222112212212221111112120122121022222222222222222222222222222222222222212222222222222222222222222211111222222222211111222222222211121222222222211111222222222211111222222222211112222222222221122
1222111112212122222222222112211212221111112122122121222222222222222222222222222222222222222222222222222222222222222222211111222222222211111222222222211121222222222211111222222222211111222222222211112222222222221121
1222111112222122222222222112211212211111212122122121222222222222222222222222222222222222222222222222222222222222222222211111222222222211111222222222211121222222222211111222222222211111222222222211112222222222221122
1222111112222122222222222112211212221111112121222222122222222222222222222222222222222222222222222222222222222222222222211111222222222211111222222222211121222222222211111222222222211111222222222211112222222222221122
1222111112221122222222222112212112221111112122222222222222222222222222222222222222222222222222222222222222221222222222211111222222222211111222222222211121222222222211111222222222211111222222222211112222222222221121
1222111112222122222222222112211212221111112120122221022222222222222222222222222222222222222222222222222222222222222222211111222222222211111222222222211121222222222211111222222222211111222222222211112222222222211122
1222111111222122222222222121212112221111112121222122122222222222222222222222222222222222222222222222222222221222222222211111222222222211111222222222211121222222222211111222222222211111222222222211112222222222221121
1221111112122122222222222211222112221111112121122221122222222222222222222222222222222222222222222222222222221222222222211111222222222211111222222222211121222222222211111222222222211111222222222211112222222222221121
1222111112222122222222222112212112111111212122222122222222222222222222222222222222222222222222222222222222222222222222211111222222222211111222222222211121222222222211111222222222211111222222222211112222222222221122
2222111112222122222222222112212212221111112121122221122222222222222222222222222222222222222212222222222222221222222222211111222222222211111222222222211121222222222211111222222222211111222222222211112222222222221122
2222222222122221111111111222121212211111112121122121122222111222222222222222222222222222222222222222222222222222222222211111222222222211111222222222211121222222222211111222222222211111222222222211112222222222221121
2222111112122122222222222221221212221111112122222122212222222222222222222222222222222222222222222222222222222222222222211111222222222211111222222222211121222222222211111222222222211111222222222211112222222222221122
2222111112222222222222222112222212221111112122222222222222222222222222222222222222222222222222222222222222221222222222211111222222222211111222222222211121222222222211111222222222211111222222222211112222222222221122
2222111112222122222222222212221212221111112121122121122222222222222222222222222222222222222222222222222222222222222222211111222222222211111222222222211121222222222211111222222222211111222222222211112222222222221122
2222111112122122222222222112211212121111112222222122222222222222222222222222222222222222222222222222222222222222222222211111222222222211111222222222211121222222222211111222222222211111222222222211112222222222221121
2221111112222122222222222211222212211111112122122221222222222222222222222222222222222222222222222222222222222222222222211111222222222211111222222222211121222222222211111222222222211111222222222211112222222222221121
2221111112222122222222222212211212211111112222222122222222222222222222222222222222222222222222222222222222222222222222211111222222222211111222222222211121222222222211111222222222111111222222222211112222222222221122
2222111112122122222222222211222212211111112121122221122222222222222222222222222222222222222222222222222222221222222222211111222222222211111222222222211121222222222211111222222222211111222222222211112222222222221121
2222111112122122222222222211222112211111112122222222222222222222222222222222222222222222222222222222222222221222222222211111222222222211111222222222211121222222222211111222222222211111222222222211112222222222221122
2222111112222122222222222212211112221111112121222122122222222222222222222222222222222222222222222222222222221222222222211111222222222211111222222222211121222222222211111222222222211111222222222211112222222222221122
2222111112222222222222222112211222211111122122212122221222222222222222222222222222222222222222222222222222222222222222211111222222222211111222222222211121222222222211111222222222211111222222222211112222222222221122
2222111112122122222222222111212112221111112122122221222222222222222222222222222222222222222222222222222222221222222222211111222222222211111222222222211121222222222211111222222222211111222222222211112222222222221122
2222111112122122222222222211222112111111112222222122212222222222222222222222222222222222222222222222222222222222222222211111222222222211111222222222211121222222222211111222222222211111222222222211112222222222221121
2222111112222122222222222211222212121111112222222122211222222222222222222222222222222222222222222222222222221222222222211111222222222211111222222222211121222222222211111222222222211111222222222211112222222222221122
2222111112222122222222222111111212211111112222222122212222222222222222222222222222222222222222222222222222222222222222211111222222222211111222222222211121222222222211111222222222211111222222222211112222222222221122
1222111112212122222222222112211212111111111122222122211222222222222222222222222222222222222222222222222222222222222222211111222222222211111222222222211121222222222211111222222222211111222222222211112222222222221122
2222111111222122222222222211221212221111112120122221011222222222222222222222222222222222222222222222222222222222222222211111222222222211111222222222211121222222222211111222222222211111222222222211112222222222221121
2222111111222122222222222121212212221111112122222122211222222222222222222222222222222222222222222222222222222222222222211111222222222211111222222222211121222222222211111222222222211111222222222211112222222222221121
2222111112222122222222222111212212211111112122222222212222222222222222222222222222222222222222222222222222222222222222211111222222222211111222222222211121222222222211111222222222211111222222222211112222222222221121
2222111111221122222222222211222112221111111122222122212122222222222222222222222222222222222222222222222222221222222222211111222222222211111222222222211121222222222211111222222222211111222222222211112222222222221121
2222111112222122222222222211222112221111112122122121211222222222222222222222222222222222222222222222222222221222222222211111222222222211111222222222211121222222222211111222222222211111222222222211111222222222221121
2222111112222222222222222121211212111111112122222122222222222222222222222222222222222222222222222222222222222222222222211111222222222211111222222222211121222222222211111222222222211111222222222211111222222222221121
2222111112122122222222222211222112221111112222222122212222222222222222222222222222222222222222222222222222221222222222211111222222222211111222222222211121222222222211111222222222211111222222222211112222222222221121
2222111112222122222222222211212112221111111120122221022222222222222222222222222222222222222222222222222222221222222222211111222222222211111222222222211121222222222211111222222222211111222222222211112222222222221122
2222111112211122222222222112211212221111112121122221112222222222222222222222222222222222222222222222222222222222222222211111222222222211111222222222211121222222222211111222222222211111222222222211112222222222221122
2222111112222222222222222112212212221111112122222222222222222222222222222222222222222222222222222222222222221222222222211111222222222211111222222222211121222222222211111222222222211111222222222211112222222222221121
2222111112222122222222222112211212221111112121122221122222222222222222222222222222222222222222222222222222222222222222211111222222222211111222222222211121222222222211111222222222211111222222222211112222222222221121
2221111112122122222222222111212212221111111122122221022222222222222222222222222222222222222222222222222222222222222222211111222222222211111222222222211121222222222211111222222222211111221222222211111222222222221121
2222111112222122222222222112212212221111111122222222222222222222222222222222222222222222222222222222222222222222222222211111222222222211111222222222211121222222222211111222222222211111212222222211111222222222221121
2222111112222122222222222211221212221111112121122221122222222222222222222222222222222222222222222222222222222222222222211111222222222211111222222222211121222222222211111222222222211111222222222211112222222222221121
2222111112122122222222222111211212221111111120122221012222222222222222222222222222222222222222222222222222221222222222211111222222222211111222222222211121222222222211111222222222211111222222222211112222222222221122
2222111112221122222222222111212112111111112120122221022222222222222222222222222222222222222222222222222222221222222222211111222222222211111222222222211121111222222211111222222222211111222222222211112222222222221121
2222111112222122222222222111212112221111111120122221022222222222222222222222222222222222222222222222222222221222222222211111222222222211111222222222211121222222222211111222222222211111222222222211112222222222221122
2222111112222222222222222112211212221111112122222222222222222222222222222222222222222222222222222222222222222222222222211111222222222211111222222222211121222222222211111222222222211111222222222211112222222222221122
2222111111222121222222222121212112221111111120122121022222222222222222222222222222222222222222222222222222221222222222211111222222222211111222222222211121222222222211111222222222211111222222222211112222222222221122
2222111112222122222222222212221122121111122222112122222222222222222222222222222222222222222222222222222222222222222222211111222222222211111222222222211121222222222211111222222222211111222222222211112222222222221122
2222111112222122222222222211221212211111112222222122222222222222222222222222222222222222222222222222222222222222222222211111222222222211111222222222211121222222222211111222222222211111222222222211112222222222221122
2222111111222122222222222211221112121111112121122221122222222222222222222222222222222222222222222222222222221222222222211111222222222211111222222222211121222222222211111222222222211111222222222211112222222222221122
2222111112221122222222222112211222111111122121112121122222222222222222222222222222222222222222222222222222222222222222211111222222222211111222222222211121222222222211111222222222211111222222222211112222222222221122
2222111112221122222222222112211222121111122120112221022222222222222222222222222222222222222222222222222222221222222222211111222222222211111222222222211121222222222211111222222222211111222222222211112222222222221122
2222111112222122222222222111212212121111112121122121122222222222222222222222222222222222222222222222222222222211222222211111222222222211111222222222211121111222222211111111221111121212222222222211112211222222221121
2222111112222122222222222112212212121111112122222222222222222222222222222222222222222222222222222222222222222222222222211111222222222211111222222222211121222222222211111222222222211111222222222211112222222222221122
2222111112222122222222222211122222221111122121112121122222222222222222222222222222222222222222222222222222222222222222211111222222222211111222222222211121222222222211111222222222211111222222222211112222222222221122
2222111112222122222222222112212112221111112121122221122222222222222222222222222222222222222222222222222222221222222222211111111222222211111222222222211121222222222211111222222222211111222222222211112222222222221121
2222111112222122222222222112212122221111122120212222022222222222222222222222222222222222222222222222222222221222222222211111222222222211111222222222211121222222222211111222222222211111222222222211112222222222221121
2222111112202122222222222212212112211111212122122121222222222222222222222222222222222222222222222222222222221222222222211111222222222211111222222222211121222222222211111222222222211111222222222211112222222222221121
2222111112122122222222222111212112121111112222222122211222222222222222222222222222222222222222222222222222221222222222211111222222222211111222222222211121222222222211111222222222211111222222222211112222222222221122
2221111112122122222222222211221212211111112122222122212222222222222222222222222222222222222222222222222222222222222222211111222222222211111222222222211121222222222211111222222222211111222222222211112222222222221122
2222111112222222222222222212222212111112212122222122212122222222222222222222222222222222222222222222222222221222222222211111222222222211111222222222211121222222222211111222222222211111222222222211112222222222221121
2222111112222122222222222112211212111111112122122121212222222222222222222222222222222222222222222222222222221222222222211111222222222211111222222222211121222222222211111222222222211111222222222211112222222222221122
2222111112122122222222222211212112221111112120222222011222222222222222222222222222222222222222222222222222221222222222211111222222222211111222222222211121222222222211111222222222211111222222222211112222222222221122
2222111112122122222222222211222212221111212122222122222222222222222222222222222222222222222222222222222222222222222222211111222222222211111222222222211121222222222211111222222222211111222222222211112222222222221121
2222111112102122222222222211211212211111112120222122011222222222222222222222222222222222222222222222222222222222222222211111222222222211111222222222211121222222222211111222222222211111222222222211112222222222221121
2222111112122122222222222211222212111111112122122121211222222222222222222222222222222222222222222222222222222111222222211111222222222211111222222222211121222222222211111222222222211111222222222211112222222222221121
2222111112122122222222222211222212111111112222222122211222222222222222222222222222222222222222222222222222222222222222211111222222222211111222222222211121222222222211111222222222211111222222222211112222222222221121
2222111112222122222222222212221212111111212122222222211222222222222222222222222222222222222222222222222222221222222222211111222222222211111222222222211121222222222211111222222222211111222222222211112222222222221122
2222111112122222222222222221121212221111111122222122222222222222222222222222222222222222222222222222222222221222222222211111222222222211111222222222211121222222222211111222222222211111222222222211112222222222221121
2222111112122122222222222211222112121111112222222122212222222222222222222222222222222222222222222222222222221222222222211111222222222211111222222222211121222222222211111222222222211111222222222211112222222222221122
2222111112222122222222222112211122221111122122112221222222222222222222222222222222222222222222222222222222222222222222211111222222222211111222222222211121222222222211111222222222211111222222222211112222222222221121
2222111112221122222222222112211222221111122122112121222222222222222222222222222222222222222222222222222222221222222222211111222222222211111222222222211121222222222211111222222222211111222222222211112222222222221122
2222111112221122222222222211221112221111112121122121122222222222222222222222222222222222222222222222222222221222222222211111222222222211111222222222211121222222222211111222222222211111222222222211112222222222221122
2222111112222122222222222111211222221111122121112221122222222222222222222222222222222222222222222222222222222222222222211111222222222211111222222222211121222222222211111222222222211111222222222211112222222222221121
2222111112222122222222222112211222221111122121112221122222222222222222222222222222222222222222222222222222222222222222211111222222222211111222222222211121222222222211111222222222211111222222222211112222222222221122
2222111112222122222222222211222222221111122120112221022222222222222222222222222222222222222222222222222222222222222222211111222222222211111222222222211121222222222211111222222222211111222222222211112222222222221121
2222111112222122222222222111212212121111112121222122122222222222222222222222222222222222222222222222222222222222222222211111222222222211111222222222211121222222222211111222222222211111222222222211112222222222221121
2222111111221122222222222211222222221111122122112121222222222222222222222222222222222222222222222222222222222222222222211111222222222211111222222222211121222222222211111222222222211111222222222211112222222222221122
2222111112222122222222222112212112221111112120222222022222222222222222222222222222222222222222222222222222221222222222211111222222222211111222222222211121222222222211111222222222211111222222222211112222222222221121
2222111112222122222222222212212112121111112122122221222222222222222222222222222222222222222222222222222222221222222222211111222222222211111222222222211121222222222211111222222222211111222222222211112222222222221122
2222111112222122222222222211222122211111122121112221122222222222222222222222222222222222222222222222222222221222222222211111222222222211111222222222211121222222222211111222222222211111222222222211112222222222221121
2222111111222122222222222211211121112222121212211112222222222222222222222222222222222222222222222222222222221222222222211111222222222211111222222222211121222222222211111222222222211111222222222211112222222222221121
2222111112222122222222222112211212121111112121222222112222222222222222222222222222222222222222222222222222222222222222211111222222222211111222222222211121222222222211111222222222211111222222222211112222222222221122
2222111112222222222222222212212212111112212122222222222222222222222222222222222222222222222222222222222222221222222222211111222222222211111222222222211121222222222211111222222222211111222222222211112222222222221122
2222111112221122222222222112211212121111212120222122022222222222222222222222222222222222222222222222222222222222222222211111222222222211111222222222211121222222222211111222222222211111222222222211112222222222221122
2222111112221122222222222212221212121111112121122121122222222222222222222222222222222222222222222222222222222222222222211111222222222211111222222222211121222222222211111222222222211111222222222211112222222222221122
2222111112222222222222222221221212211111212122222122222222222222222222222222222222222222222222222222222222221222222222211111222222222211111222222222211121222222222211111222222222211111222222222211112222222222221122
2222111112122122222222222211221212111111112220122122222222222222222222222222222222222222222222222222222222222222222222211111222222222211111222222222211121222222222211111222222222211111222222222211112222222222221122
2222111112222122222222222111212212221111112121122121122222222222222222222222222222222222222222222222222222222222222222211111222222222211111222222222211121222222222211111222222222211111222222222211112222222222221121
2222111112122122222222222111212212111112112222222122222222222222222222222222222222222222222222222222222222222222222222211111222222222211111222222222211121222222222211111222222222211111222222222211112222222222221122
2222111112222122222222222112212212211111112122122121222222222222222222222222222222222222222222222222222222221222222222211111222222222211111222222222211121222222222211111222222222211111222222222211112222222222221121
2222111112221222222222222112211212211111212122222122222222222222222222222222222222222222222222222222222222221222222222211111222222222211111222222222211121222222222211111222222222211111222222222211112222222222221122
2222111111222122222222222112212112121111112120122121022222222222222222222222222222222222222222222222222222221222222222211111222222222211111222222222211121222222222211111222222222211111222222222211112222222222221122
2222111112102122222222222111212112121111112120222122022222222222222222222222222222222222222222222222222222222222222222211111222222222211111222222222211121222222222211111222222222211111222222222211112222222222221122
2222111112222122222222222211221212121111112122222122212222222222222222222222222222222222222222222222222222221222222222211111222222222211111222222222211121222222222211111222222222211111222222222211112222222222221122
2222111112122122222222222111211212111111112121122121122222222222222222222222222222222222222222222222222222222222222222211111222222222211111222222222211121222222222211111222222222211111222222222211112222222222221122
2222111112122122222222222211221212111111112120122121012222222222222222222222222222222222222222222222222222222222222222211111222222222211111222222222211121222222222211111222222222211111222222222211112222222222221122
2222111112222122222222222221121212121111112121122221112222222222222222222222222222222222222222222222222222222222222222211111222222222211111222222222211121222222222211111222222222211111222222222211112222222222221122
2222111112222122222222222212222212121111112122122122212222222222222222222222222222222222222222222222222222222222222222211111222222222211111222222222211121222222222211111222222222211111222222222211112222222222221121
2222111112222122222222222211222212221111112121222122112222222222222222222222222222222222222222222222222222222222222222211111222222222211111222222222211121222222222211111222222222211111222222222211112222222222221122
2222111112122122222222222211222212221111112120222222012222212222222222222222222222222222222222222222222222222222222222211111222222222211111222222222211121222222222211111222222222211111222222222211112222222222221122
2222111112222122222222222211222112111111112120122221012222222222222222222222222222222222222222222222222222221222222222211111222222222211111222222222211121222222222211111222222222211111222222222211112222222222221121
2222111112122222222222222211121212111111112122122121222222222222222222222222222222222222222222222222222222222222222222211111222222222211111222222222211121222222222211111222222222211111222222222211112222222222221121
2222111112122122222222222221222112111111112122222122212222222222222222222222222222222222222222222222222222222222222222211111222222222211111222222222211121222222222211111222222222211111222222222211112222222222221121
2222111112102122222222222211222222221111122121112121122222222222222222222222222222222222222222222222222222221222222222211111222222222211111222222222211121222222222211111222222222211111222222222211112222222222221122
2222111112112222222222222211222122211111122122112121222222222222222222222222222222222222222222222222222222221222222222211111222222222211111222222222211121222222222211111222222222211111222222222211112222222222221121
2222111112122222222222222212222222221111122120212222022222222222222222222222222222222222222222222222222222222222222222211111222222222211111222222222211121222222222211111222222222211111222222222211112222222222221121
2222111112222122222222222211221122221111122121112221122222222222222222222222222222222222222222222222222222222222222222211111222222222211111222222222211121222222222211111222222222211111222222222211112222222222221122
2222111112222122222222222211221222221111122121112121122222222222222222222222222222222222222222222222222222222222222222211111222222222211111222222222211121222222222211111222222222211111222222222211112222222222221122
2222111112222122222222222211221222221111122122212122222222222222222222222222222222222222222222222222222222222222222222211111222222222211111222222222211121222222222211111222222222211111222222222211112222222222221121
2222111112112122222222222211211222221111122121112121122221222222222222222222222222222222222222222222222222222222222222211111222222222211111222222222211121222222222211111222222222211111222222222211112222222222221121
2222111112102122222222222211222222221111122121112121122222222222222222222222222222222222222222222222222222221222222222211111222222222211111222222222211121222222222211111222222222211111222222222211112222222222221121
2222111112122112222222222111212121121111122222112121222222222222222222222222222222222222222222222222222222221222222222211111222222222211111222222222211121222222222211111222222222211111222222222211112222222222221121
2222111112222122222222222211222122221111122121212222122222222222222222222222222222222222222222222222222222221222222222211111222222222211111222222222211121222222222211111222222222211111222222222211112222222222221121
2222111112222222222222222211221222221111122122112121222222222222222222222222222222222222222222222222222222222222222222211111222222222211111222222222211121222222222211111222222222211111222222222211112222222222221121
2222111112202122222222222212222122221111122121112121122222222222222222222222222222222222222222222222222222221222221111122222222222222211111222222222211121222222222211111222222222211111222222222211112222222222221122
2222111112222122222222222222221112111111112122122121222222222222222222222222222222222222222222222222222222222222222222211111222222222211111222222222211121222222222211111222222222211111222222222211112222222222221122
2222111112222122222222222112211212221111112122222122222222222222222222222222222222222222222222222222222222221222222222211111222222222211111222222222211121222222222211111222222222211111222222222211112222222222221122
2222111112222122222222222212211212221111111122122121222222222222222222222222222222222222222222222222222222222222222222211111222222222211111222222222211121222222222211111222222222211111222222222211112222222222221122
2221111112102122222222222222211212111111112122122121222222222222222222222222222222222222222222222222222222222222222222211111222222222211111222222222211121222222222211111222222222211111222222222211112222222222221122
2222111112222122222222222212221212221111112121122221122222222222222222222222222222222222222222222222222222222222222222211111222222222211111222222222211121222222222211111222222222211111222222222211112222222222221121
2222111112112122222222222112212212221111112120122221122222222222222222222222222222222222222222222222222222222222222222211111222222222211111222222222211121222222222211111222222222211111222222222211112222222222221121
2221111112122122222222222112212212121111112122222122222222222222222222222222222222222222222222222222222222222222222222211111222222222211111222222222211121222222222211111222222222211111222222222211112222222222221121
2222111112122122222222222211222212121111111121222122222222222222222222222222222222222222222222222222222222222222222222211111222222222211111222222222211121222222222211111222222222211111222222222211112222222222221121
2222111112222122222222222211212112221111112122122122222222222222222222222222222222222222222222222222222222221222222222211111222222222211111222222222211121222222222211111222222222211111222222222211112222222222221121
2222111112122122222222222112212112111111112122222122222222222222222222222222222222222222222222222222222222221222222222211111222222222211111222222222211121222222222211111222222222211111222222222211112222222222221122
2222111112122122222222222111211112121111112122122221222222222222222222222222222222222222222222222222222222222222222222211111222222222211111222222222211121222222222211111222222222211111222222222211112222222222221121
2222111112122122222222222222122212221111111121122221122222222222222222222222222222222222222222222222222222221222222222211111222222222211111222222222211121222222222211111222222222211111222222222211112222222222221122
2222111112222122222222222112212212111111112120222122212222222222222222222222222222222222222222222222222222222222222222211111222221111221211222222222211121222222222211111222222222211111222222222211112222222222221122
2222111112221222222222222221222212121111112122222222222222222222222222222222222222222222222222222222222222221222222222211111222221222211111222222222211121222222222211111222222222211111222222222211112222222222221121
2222111112212122222222222112212212221111112121122121112222222222222222222222222222222222222222222222222222222222222222211111222222222211111222222222211121222222222211111222222222211111222222222211112222222222221122
2222111112222122222222222112211212111111112122122121212222222222222222222222222222222222222222222222222222222222222222211111222222222211111222222222211121222222222211111222222222211111222222222211112222222222221122
2222111112222122222222222111212112221111112122222122222222222222222222222222222222222222222222222222222222222222222222211111222222222211111222222222211121222222222211111222222222211111222222222211112222222222221121
2221111112122122222222222121211212111111112121222222112222222222222222222222222222222222222222222222222222222222222222211111222221111222221222222222211121222222222211111222222222211111222222222211112222222222221122
2222111112222122222222222211221212121111112122122121222222222222222222222222222222222222222222222222222222221222222222211111222222222211111222222222211121222222222211111222222222211111222222222211112222222222221121
2222111112122122222222222111212112211111112121122221122222222222222222222222222222222222222222222222222222221222222222211111222221111122222222222222211121222222222211111222222222211111222222222211112222222222221121
2222111112222122222222222122212112121111112121122221112222222222222222222222222222222222222222222222222222221222222222211111222222222211111222222222211121222222222211111222222222211111222222222211112222222222221121
2222111112222222222222222112211212221111112122222222222222222222222222222222222222222222222222222222222222222222222222211111222221221111111222222222211121222222222211111222222222211111222222222211112222222222221121
2222111112222122222222222211222112211111112122122221212222222222222222222222222222222222222222222222222222221222222222211111222221111121222222222222211121222222222211111222222222211111222222222211112222222222221122