-255
-147
-255
-255
-255
-255
-36
-255
-255
-255
-255
-255
-255
-255
-255
-255
-255
-189
-255
-255
-255
-255
-255
-255
-255
-255
-255
-255
-255
-255
-255
-255
-255
-255
-255
-255
-255
-255
-255
-255
-255
-255
-255
-255
-255
-255
-255
-255
-255
-255
-255
-255
-255
-6
-255
-255
-255
-255
-255
-61
-255
-255
-255
-255
-255
-255
-255
-255
-255
-255
-255
-255
-255
-255
-255
-255
255
101
255
255
255
255
255
255
255
255
255
255
255
255
255
255
255
255
255
255
255
255
255
255
255
91
255
255
255
255
255
255
255
255
255
255
255
255
255
255
255
255
255
255
255
255
255
255
255
255
255
255
255
255
255
255
255
255
255
255
255
255
247
255
255
255
255
255
255
255
255
255
255
255
