-255
-255
-100
-255
-255
-255
-255
-255
-255
-255
-255
-255
-255
-255
-255
-255
-255
-255
-255
-255
-255
-255
-255
-255
-255
-255
-255
-255
-255
-255
-255
-255
-255
-255
-255
-255
-244
-255
-255
-255
-138
-255
-255
-255
-255
-255
-255
-255
-255
-255
-255
-255
-255
-255
-255
-255
-255
-255
-255
-255
-255
-255
-255
-255
-255
-255
-255
-255
-255
-255
-255
-255
-255
-255
-255
-255
-255
255
255
255
255
255
255
255
255
255
255
243
255
255
255
255
255
255
255
255
255
255
255
255
255
255
112
255
255
255
255
255
255
255
83
255
255
255
255
255
255
255
255
255
255
255
255
255
44
255
255
255
255
255
255
255
255
255
255
255
255
255
255
255
255
255
255
255
255
255
255
255
255
255
255
255
255
255
255
