-243
-208
0
-246
-246
0
-250
-248
0
-252
-110
-60
-249
-213
27
-247
-212
0
-247
-238
-41
-247
-227
0
-227
-245
0
-239
-251
0
-227
-148
-37
-247
-189
0
-247
-231
4
-217
-233
0
-234
-230
0
-242
-243
117
-248
-253
119
-255
-243
-46
-251
-251
102
-250
-176
-51
-246
-215
0
-253
-246
0
-249
-195
4
-250
-230
-51
-239
-249
0
-251
-248
0
-247
-231
0
-244
-60
-84
-253
-252
-36
-234
-250
0
-245
-246
100
-228
-236
111
-231
-246
0
-230
-216
-39
-250
-253
1
-223
-223
-54
-239
-166
-65
-252
-216
0
-250
-188
-53
-248
-93
0
-254
-247
107
-236
-122
-10
-255
-254
0
-249
-43
-65
-247
-242
6
-251
-242
-4
-222
-162
25
-253
-143
-60
-243
-242
18
-245
-250
61
-254
-244
116
-237
-226
-48
-250
-245
-3
-250
-253
0
-255
-248
112
-229
-235
-15
-240
-190
4
-221
-158
-64
-236
-242
0
-222
-233
67
-255
-200
97
-230
-245
-25
-233
-190
102
-194
-212
37
-248
-147
80
-250
-205
42
-238
-233
105
-247
-238
111
-244
-233
77
-253
-217
115
-206
-252
86
-245
-231
70
-246
-182
53
-249
-231
110
-244
-227
81
-229
-159
99
-235
-253
51
-251
-226
112
-233
-224
111
-234
-235
111
-250
-246
0
-244
-209
0
-235
-54
73
-250
-250
77
-250
-239
109
-244
-208
65
-252
-104
89
-222
-222
105
-244
-235
107
-245
-218
37
255
-199
36
-247
-249
81
-255
-118
92
-240
-162
0
-248
-230
30
-243
-233
102
-244
-237
102
-230
-232
101
-251
-244
51
-249
-255
119
-204
-222
46
-243
-222
102
-235
-249
94
-235
-148
46
-223
-79
72
-228
-223
96
-255
-211
103
-243
-178
80
-249
-231
70
-211
-144
64
-232
-140
30
-246
-246
0
-213
-91
82
-243
-234
0
-243
-250
51
-255
-240
114
-236
-90
0
-212
-168
0
