-92
-251
-243
-11
-12
-229
18
-240
-242
-216
-208
-159
-251
-102
-110
0
-104
-245
-246
177
175
-239
-196
-255
-223
-247
-246
-227
-246
-242
-111
0
-238
-250
-250
18
17
-231
-113
-238
-226
-249
-248
-240
-253
-251
-111
0
36
-250
-249
-30
-31
-225
-172
-199
-249
-213
-213
-171
-254
-253
-105
27
-193
-244
-241
-41
-41
-208
-77
52
255
255
30
251
-253
-229
-107
-102
-251
-246
-247
-26
-25
-209
-30
-231
-253
-186
-212
-79
-221
-244
-104
0
-171
-246
-247
34
31
-66
-255
-214
-226
-251
-238
-222
-243
225
-108
-41
-238
-243
-244
-199
-200
-172
-89
-245
-253
-218
-101
-143
-254
-254
-110
-88
-225
-240
-241
-43
-43
-229
-125
-198
-233
-218
-193
-137
-254
-246
-106
-65
-51
-247
-247
-19
-19
-230
-53
-178
-242
-135
-227
-124
-205
-202
-69
0
-101
-225
-227
3
3
-183
-113
-228
-238
-251
-245
-152
-254
-255
-108
0
-131
-238
-239
-9
-8
-242
-42
-242
-252
-140
-251
-201
-238
-236
-107
0
-221
-253
-253
-121
-121
-219
30
-212
-210
-248
-240
-237
-251
-252
-108
-70
-186
-222
-227
-145
-146
-168
-77
-143
-193
-80
-148
6
-248
6
-111
-37
-222
-244
-247
29
28
-238
-53
-249
-188
-222
-189
-160
-200
-167
-111
0
-243
-213
-247
87
87
-244
18
-254
-161
-251
-231
-106
-251
-249
-110
4
-39
-245
-246
-7
-7
-217
-184
-156
-228
-248
-230
-210
-242
-93
-95
-72
-194
-213
-217
15
10
-186
-255
-221
-241
-243
-233
-237
-251
-253
-107
0
-196
-232
-234
-18
-18
-213
-113
-232
-250
-202
-230
-215
-251
-251
-103
0
-224
-240
-242
-28
-29
-244
-148
-253
-255
-243
-243
-238
-249
-254
-109
117
-227
-247
-248
-3
-2
-227
-113
-254
-255
-239
-253
-224
-250
-254
-109
119
-176
-254
-255
-171
-170
-228
-65
-220
-188
-174
-243
-161
-254
-254
-110
-46
-223
-253
-251
-5
-5
-225
18
-255
-255
-224
-251
-204
-246
-253
-109
102
-149
-240
-246
-67
-66
-231
-53
-229
-247
-245
-215
-232
-248
-246
-114
0
-242
-253
-253
2
1
-231
-136
-238
-248
-246
-246
-245
-254
-254
-112
0
22
-249
-249
-14
-17
-131
-255
-176
-236
-245
-195
-133
-254
-251
-68
4
39
-238
-239
-8
-8
-165
-255
-217
-242
-251
-249
-207
-254
-253
-113
0
34
-251
-251
-29
-29
-223
-136
-226
-244
-214
-248
-230
-248
-247
-96
0
-243
-246
-247
50
50
-241
101
-253
-214
-251
-231
-178
-243
-231
-108
0
-193
-247
-253
28
28
-227
-89
-188
-239
-251
-252
-233
-251
-232
-109
-36
-250
-237
-234
243
243
-221
-89
-254
-252
-254
-250
-224
-252
-250
-109
0
-230
-247
-245
-15
-15
-238
18
-247
-255
-240
-246
-229
-242
-254
-109
100
-214
-225
-228
-49
-51
-241
-89
-176
-251
-241
-236
-225
-253
-254
-110
111
-232
-228
-231
-16
-16
-236
30
-243
-246
-249
-246
-246
-254
-253
-112
0
-208
-227
-230
-72
-71
-229
-148
-224
-246
-248
-216
-227
-247
-230
-121
-39
-218
-238
-250
-49
-48
-236
-6
-252
-253
-245
-253
-253
-245
-252
-110
1
-173
-217
-223
-52
-52
-223
-101
-244
-253
-237
-223
-221
-91
195
-217
-54
-213
-241
-239
-151
-152
-193
42
-110
-104
-103
-166
-35
-254
-221
-112
-65
-210
-251
-252
93
91
-225
-196
-246
-251
-235
-216
-205
-253
-254
-110
0
-219
-234
-248
57
56
-235
53
-251
-175
-196
-93
-90
-223
-207
-110
0
-225
-254
-254
-28
-28
-230
125
-254
-255
-248
-247
-239
-251
-254
-109
107
-220
-231
-236
-81
-80
-238
-42
-238
-254
-252
-122
-12
-255
-255
-110
-10
-240
-255
-255
255
255
-238
-172
-254
-252
-254
-254
-227
-254
-253
-110
0
-218
-247
-249
29
29
-203
-136
-245
-226
-215
-43
-143
-106
-14
-108
-65
-244
-245
-247
3
2
-237
6
-252
-241
-247
-242
-137
-250
-205
-111
6
-242
-220
-222
17
16
-241
-101
-247
-232
-219
-162
-141
-255
-254
-110
25
-149
-244
-253
-156
-156
-220
160
-98
-87
-17
-143
-104
-253
-224
-113
-60
-172
-242
-243
-30
-30
-185
-53
-248
-254
-238
-242
-239
255
-126
-49
18
-29
-244
-245
171
169
-199
-160
-254
-210
-240
-250
-203
-248
-233
-90
61
-221
-254
-254
-3
-3
-243
-89
-254
-254
-251
-244
-235
-253
-254
-109
116
-220
-236
-237
-191
-190
-156
-53
-217
-209
-193
-226
-229
-254
-251
-106
-48
-213
-226
-250
185
184
-232
-65
-254
-197
-232
-245
-208
-250
-231
-103
-3
-242
-249
-250
239
237
-222
-196
-251
-246
-253
-253
-222
-253
-252
-97
0
-213
-255
-255
-24
-23
-219
-219
-247
-249
-233
-248
-228
-246
-252
-109
112
-243
-225
-229
-64
-64
-214
-125
-248
-254
-248
-235
-245
-254
-251
-108
-15
-95
-241
-240
-22
-23
-247
-89
-244
-253
-240
-190
-175
-253
-251
-110
4
-200
-217
-221
-88
-88
-218
6
-229
-251
-249
-158
-224
-254
-251
-119
-64
-166
-231
-236
-47
-46
-229
30
-250
-254
-230
-242
-238
-245
-200
-116
0
-200
-224
-222
-156
-157
-247
6
-231
-204
-241
-233
-229
-229
-231
-99
67
-174
-183
-180
57
55
-236
-113
-245
-212
-217
-97
-37
-118
-35
-110
106
-210
-229
-230
37
37
-216
-172
-253
-239
-251
-245
-236
-243
255
-110
-25
-199
-248
-249
81
80
-226
-113
-243
-237
-230
-179
-205
-250
-252
-110
129
-209
-187
-194
-14
-15
-227
-208
255
-140
-226
-212
-147
-248
-242
-111
37
-240
-247
-248
-55
-55
-224
-101
-227
-248
-212
-147
-145
-255
-255
-110
80
-110
-249
-250
-74
-74
-235
-136
-228
-241
-249
-205
-186
-246
-207
-116
42
-228
-237
-238
-48
-48
-235
-148
-245
-249
-234
-233
-225
-252
-254
-111
105
-162
-246
-247
-75
-76
-222
-125
-251
-252
-248
-238
-239
-244
-236
-118
111
-164
-243
-244
49
49
-195
-160
-190
-198
-247
-233
-201
-222
69
-108
77
-132
-244
-245
23
21
-246
30
-254
-232
-241
-231
-238
-253
-232
-96
70
-171
-235
-246
-54
-55
-217
-65
-232
-250
-245
-182
-179
-253
-205
-110
53
-140
-244
-244
-23
-24
-241
-42
-243
-250
-240
-227
-185
-253
-227
-109
81
-243
-243
-244
62
62
-239
-42
-254
-160
-252
-223
-146
-243
-223
-110
118
-251
-244
-245
-13
-13
-229
30
-235
-253
-149
-177
-180
-254
-253
-110
113
-242
-242
-243
221
220
-231
-243
-251
-247
-252
-251
-235
-253
-252
-107
125
-115
-233
-235
57
57
-250
-53
-237
-200
-253
-253
-237
-244
-80
-109
51
-187
-250
-251
-60
-59
-226
-65
-247
-255
-246
-226
-251
-253
-246
-114
112
-149
-232
-234
-50
-50
-243
-6
-250
-254
-234
-235
-242
-239
-251
-113
111
-221
-243
-250
-147
-147
-193
-30
-222
-138
-241
-246
-176
-253
-249
-110
0
-219
-251
-251
44
44
-207
-125
-193
-250
-242
-167
-210
-254
-254
-110
108
-243
-241
-244
2
-1
-155
-243
-204
-246
-238
-209
-204
-254
-251
-110
0
-141
-230
-235
-76
-75
-239
-42
-241
-253
-254
-54
-195
-208
-114
-135
73
-228
-253
-253
-13
-13
-158
-184
-254
-255
-226
-252
-234
-248
-254
-110
130
-242
-250
-250
235
235
-254
-101
-255
-255
-255
-250
-246
-254
-254
-109
77
-196
-243
-244
-135
-138
-255
-42
-233
-247
-242
-208
-231
-226
-84
-142
65
-176
-244
-244
-45
-45
-245
113
-249
-254
-239
-235
-245
-233
-249
-111
107
-110
-244
-245
59
56
-221
-255
-184
26
-243
-218
-244
-252
-192
-110
37
-163
255
255
9
7
-235
-125
-232
-237
-231
-199
-98
-253
-214
-110
36
-186
-238
-237
24
24
-228
-148
-246
-243
-199
-53
-208
-250
-250
-109
86
-107
-245
-247
70
69
-240
18
-253
-169
-252
-249
-236
-250
-231
-108
81
-223
-255
-255
50
50
-216
-101
-252
-156
-244
-118
-232
-161
-106
-109
92
-199
-239
-240
-134
-133
-202
30
-101
-101
-238
-162
45
-252
-251
-109
0
-223
-247
-248
-152
-151
-222
6
-249
-195
-232
-230
-174
-252
-246
-108
30
-149
-243
-244
1
1
-240
-30
-254
-253
-230
-241
-219
-254
-254
-110
123
-243
-242
-243
-48
-48
-244
-42
-225
-250
-250
-233
-244
-254
-254
-112
102
-210
-251
-251
-60
-60
-204
-208
-250
-252
-244
-244
-240
-254
-244
-110
51
-212
-249
-249
2
2
-178
-148
-255
-254
-245
-255
-230
-253
-229
-110
119
5
-227
-230
-43
-42
-235
-53
-239
-251
-228
-234
-237
-251
-250
-101
129
-249
-205
-204
18
17
-246
-136
-254
-246
-245
-222
-238
-254
-254
-112
46
-242
-233
-243
-21
-21
-231
-113
-231
-246
-233
-222
-229
-254
-254
-115
102
-100
-233
-235
-21
-21
-216
-42
-167
-247
-143
-249
-191
-253
-250
68
94
-243
-233
-235
-20
-20
-226
-136
-209
-227
-158
-148
-122
-253
-232
-110
46
-150
-225
-228
8
8
-230
-53
-236
-225
-210
-223
-218
-248
-28
-95
96
-148
-254
-255
-6
-6
-224
-172
-169
-238
-197
-211
-147
-243
-211
-49
103
-231
-241
-243
58
58
-227
-125
-254
-190
-244
-178
-220
-220
-202
-110
80
11
-249
-249
-21
-21
-243
77
-241
-253
-205
-227
-216
-254
-249
255
117
-212
-248
-249
76
75
-243
-125
-253
-136
-213
-231
-165
-195
-158
-108
70
-164
-194
-211
-183
-183
-203
-113
-180
-123
9
-144
-185
-253
-243
-112
64
-250
-230
-232
-14
-15
-236
-6
-133
-183
-180
-140
-11
-253
-204
-110
30
-244
-245
-246
-141
-143
-237
6
-209
-172
-239
-246
-216
-251
-240
-110
0
-223
-207
-213
34
34
-193
-148
-247
-208
-212
-91
-171
-250
-248
-109
82
-194
-210
-243
-90
-89
-223
30
-193
-248
-252
-234
-247
-254
-251
-118
0
-165
-241
-243
45
45
-245
-65
-254
-220
-251
-250
-234
-234
8
-109
51
-185
-254
-255
-135
-134
-228
-113
-83
-206
-238
-240
195
-250
-248
-110
114
-236
-234
-236
-108
-108
-237
18
-177
-236
-230
-90
-8
-252
-253
-109
0
-140
-215
-212
26
26
-231
-136
-242
-209
-228
-168
-222
-243
-224
-111
0
