-91
0
0
0
0
0
0
0
-115
134
0
0
191
99
-6
-56
0
56
-95
0
72
76
0
80
-79
56
0
-17
-84
14
126
-84
-107
-134
0
-14
114
-115
0
0
-60
0
0
-107
0
-18
-10
0
-133
0
0
-18
-18
0
95
68
122
-114
-21
0
-21
2
-25
-14
0
99
0
255
0
145
-21
0
107
-80
79
181
102
0
-107
-25
-95
-68
164
160
-157
0
149
130
150
114
88
-6
127
126
134
168
0
-256
95
146
-2
153
181
-256
48
103
134
169
130
-256
141
180
172
-256
164
114
91
130
172
176
-14
-256
41
-256
154
107
-256
-224
-256
127
0
106
-256
164
0
173
162
-253
126
173
64
-256
123
130
130
153
111
0
114
-176
76
115
37
149
-160
134
164
0
-256
130
-114
153
150
149
