-234
-244
-212
-45
-203
47
-234
-228
-230
-228
-228
-172
-52
-52
-4
-171
-209
-86
-85
-146
-192
-93
-10
-217
-113
-226
-231
-162
-230
-249
-252
-250
-251
-250
-233
-206
-251
-248
-242
-244
-249
-137
-204
-228
-246
-253
-254
-254
246
-252
-248
-238
-248
-247
-253
-249
-254
112
82
-253
-247
-110
-124
91
-231
-254
-242
100
-220
111
-247
-248
-247
-247
-247
29
-83
-83
76
-45
-147
-182
-181
-154
-232
-118
117
-242
-125
-154
-251
-253
-239
-206
-194
-237
-235
-254
-255
-254
-168
-162
2
-141
-186
-222
-148
-178
-185
-251
-255
-254
248
-254
-252
-254
-254
-251
-254
-251
-254
111
81
-253
-241
-111
-130
185
-254
-253
-244
83
-223
-75
-250
-248
-249
-248
-248
-150
-63
-63
26
-171
-117
27
24
87
-215
-106
-107
-223
-184
-219
-246
-252
-245
-246
-251
-225
-225
-253
-247
-242
-143
-172
-173
-236
-236
-158
-55
-159
-253
-255
-255
-252
248
-254
-254
-253
-251
-238
-255
-226
-248
108
72
-254
-254
-110
106
-87
-136
-238
-119
3
-194
-202
-216
-227
-237
-230
-226
198
-99
-99
73
-185
-221
-4
-5
-56
-206
-168
-87
-235
-172
-219
-250
-251
-251
-255
-255
-252
-249
-244
-249
-242
-244
-219
-224
-216
-234
-240
-218
-210
-245
-255
-255
-255
248
-254
-254
-255
-255
-251
-255
-254
-249
108
75
-255
-253
-109
-81
-27
-219
-249
-200
-80
-121
-66
-254
-253
-254
-253
-253
-167
-52
-52
135
-215
-255
44
43
-68
-226
-106
-127
-235
-125
-216
-255
-254
-255
-255
-255
-236
-219
-253
-251
-253
-244
-244
-249
-254
-254
-255
-252
-245
-249
-251
-255
-254
248
-251
-249
-240
-251
-249
-254
-251
-254
112
81
-253
-253
-110
-93
0
-159
-252
-185
3
-206
171
-235
-248
-246
-240
-248
45
-80
-80
-48
-121
-115
-31
-31
-78
-234
81
-64
-238
30
-247
-248
-220
-246
-253
-255
-253
-251
-228
-215
-235
-199
-167
-209
-209
-180
-209
-145
-84
-228
-253
-255
-254
248
-249
-250
-252
-253
-220
-254
-247
-252
111
82
-254
-250
-110
41
-84
-184
-249
-209
-8
-196
213
-232
-223
-231
-227
-227
64
-70
-70
29
-194
-202
-56
-56
-125
-238
19
-40
-243
6
-224
-253
-207
-238
-254
-255
-252
-252
-218
-214
-226
-239
-230
-239
-236
-179
-224
-198
-230
-242
-253
-254
-254
247
-253
-251
-250
-250
-238
-255
-252
-254
112
85
-249
-248
-115
-116
51
-177
-228
-23
-42
-149
53
-250
-249
-249
-248
-248
-134
-82
-82
-143
9
-180
-28
-29
-36
27
-255
-63
-31
-255
-245
-254
-254
-252
-254
-254
-254
-251
-249
-251
-251
-253
-253
-242
-243
-250
-246
-245
-238
-248
-255
-254
-255
247
-254
-254
-254
-254
-253
-255
-253
-255
112
82
-255
-252
-108
118
165
-238
-251
-233
78
-224
-122
-251
-249
-250
-249
-249
-28
-36
-36
78
-162
-138
89
89
-96
-237
-93
-161
-247
-89
-208
-250
-252
-246
-251
-253
-231
-194
-250
-248
-243
-246
-244
-248
-249
-245
-250
-249
-254
-243
-229
-255
-255
249
-254
-253
-254
-254
-233
-255
-249
-252
110
77
-255
-252
-110
69
0
-169
-206
-158
-168
-71
222
-247
-245
-244
-244
-243
-124
-54
-54
-102
-178
-195
-91
-91
-144
-193
-93
-4
-223
-101
-229
-225
-219
-229
-252
-254
-250
-253
-253
-247
-230
-250
-248
-242
-251
-251
-218
-220
-245
-194
-253
-255
-255
248
-253
-254
-251
-252
-239
-254
-244
-254
112
82
-253
-242
-115
-124
-108
-233
-248
-224
-186
-85
154
-244
-241
-244
-242
-241
-54
-58
-58
-159
-75
-58
74
74
-135
-227
19
-151
-234
-6
-244
-255
-251
-254
-255
-255
-37
24
-245
-246
-210
64
-212
-239
-241
-224
-186
-88
-223
-124
-172
128
120
-130
-141
-118
-72
-148
-221
-249
-245
-241
113
82
-217
-32
-110
0
0
-212
-254
-178
-40
-199
151
-250
-248
-248
-248
-248
-24
-57
-57
-52
-91
-155
-29
-31
48
-240
81
-61
-250
77
-247
-231
-246
-249
-254
-254
-249
-242
-243
-244
-241
-240
-240
-241
-245
-225
-220
-207
-213
-247
-250
-255
-254
248
-244
-235
-51
-120
-217
-251
-236
-250
111
82
-250
-234
-107
115
-151
29
-208
-200
151
-227
155
-235
-230
-232
-229
-230
-218
-46
-46
-53
-220
-241
-68
-67
-169
-237
44
-30
-244
18
-224
-255
-209
-245
-254
-255
-251
-249
-141
-130
-142
-244
-249
-240
-244
-109
-153
-140
-181
-238
-250
-255
-254
248
-255
-254
-253
-254
-246
-254
-252
-253
111
81
-255
-249
-110
105
1
-123
-233
-201
-104
-157
156
-244
-241
-242
-241
-241
48
-59
-59
-52
-192
-207
46
45
-88
-195
-118
-129
-212
-148
-252
-251
-246
-254
-254
-255
-214
-143
-251
-252
-242
-32
-212
-204
-238
-226
-170
-112
-232
-209
-252
-253
-254
246
-246
-250
-243
-251
-252
-254
-253
-254
112
82
-253
-212
-110
137
-185
-209
-253
-232
45
-197
149
-251
-250
-251
-250
-250
-109
-18
-18
-136
111
-46
-22
-22
-141
-230
56
-74
-238
30
-249
-250
-250
-255
-255
-255
-254
-254
-246
-251
-252
-244
-240
-237
-233
-220
-247
-243
-232
-247
-254
-255
-255
248
-251
-251
-253
-254
-250
-255
-252
-254
112
82
-254
-251
-109
-126
111
-175
-254
-218
-92
-181
222
-253
-252
-253
-252
-252
-183
-51
-51
-168
-27
-95
14
13
-43
-215
-6
-103
-242
-18
-248
-253
-250
-253
-255
-254
-246
-238
-245
-243
-251
-201
-212
-228
-228
-228
-239
-219
-230
-249
-254
-255
-255
248
-254
-253
-245
-252
-250
-255
-248
-254
112
82
-253
-251
-108
-115
-163
-228
-253
-223
-5
-198
74
-250
-248
-249
-248
-248
-172
-95
-95
19
-105
-184
57
57
-150
-240
-19
-139
-247
-30
-236
-243
-239
-233
-243
-243
-242
-236
-251
-250
-247
-75
-158
-219
-235
-226
-152
-61
-219
-197
-252
-255
-254
248
-252
-250
-252
-251
-139
-254
-251
-251
194
255
-254
-246
-109
-137
144
160
-223
-39
-95
-103
247
-251
-245
-250
-250
-249
-39
-38
-38
-170
-30
-74
-11
-11
-162
-237
131
-84
-244
113
-247
-249
-222
-238
-247
-246
-243
-222
-206
-228
-232
-207
-109
-159
-139
-124
-243
-223
-187
-253
-253
-255
-254
248
-253
-250
-252
-247
-247
-254
-251
-254
111
81
-253
-235
-96
86
-101
-233
-246
-197
-93
-178
19
-248
-246
-247
-246
-246
-159
-58
-58
-79
-94
-145
-59
-58
-202
-184
-106
-40
-209
-136
-25
-248
-159
-247
-254
-255
-255
-254
-226
-194
-236
-254
-254
-253
-252
-218
-241
-244
-241
-246
-250
-252
-251
245
-250
-247
-233
-245
-247
-254
-250
-254
112
82
-243
-243
-108
90
-62
-170
-249
-242
151
-225
152
-236
-232
-234
-230
-232
180
-60
-60
30
-177
-166
-231
-231
-116
-229
205
205
-247
208
-243
-252
-252
-248
-237
-205
-196
-55
-208
-227
-251
-252
-251
-245
-236
-235
-185
-116
-154
-175
-99
-255
-254
252
-243
-244
-244
-252
-245
-250
-250
-253
112
83
-251
-230
-111
-51
102
-213
-233
-201
-139
-181
232
-232
-231
-240
-250
-248
-64
-64
-64
79
-189
-255
26
26
-94
-237
-106
-114
-244
-125
-215
-251
-254
-253
-255
-254
-241
-216
-251
-249
-253
-222
-228
-246
-249
-252
-254
-253
-243
-241
-249
-255
-254
248
-253
-251
-242
-249
-249
-254
-252
-252
112
81
-248
-249
-110
-215
105
-212
-238
-134
-55
-173
47
-244
-239
-240
-239
-240
-52
-44
-44
-18
-66
30
-77
-77
-103
-237
31
-18
-245
-6
-9
-181
-223
-222
-247
-248
-244
-248
-226
-211
-209
-227
-243
-240
-251
-189
-192
-187
-130
-195
46
-253
-251
255
-222
-209
-86
-155
-196
-234
-212
147
-171
-81
-243
-133
-66
-11
214
-183
-247
-251
-89
-206
220
-241
-238
-236
-236
-234
43
-57
-57
-58
-191
-202
-223
-223
-154
-219
143
187
-242
125
-245
-253
-252
-240
-239
-198
-205
-141
-233
-246
-252
-247
-244
-242
-242
-194
-124
-130
-187
-147
-217
-254
-254
247
-246
-247
-249
-252
-243
-241
-246
-254
112
83
-252
-229
-109
-102
51
-94
255
142
255
-232
-70
-237
-231
-233
-231
-230
38
-32
-32
-9
-189
-235
-30
-30
-116
-230
-81
-66
-238
-101
-228
-209
-243
-248
-250
-253
-233
-236
-246
-248
-249
-243
-241
-240
-245
-248
-243
-224
-186
-247
-248
-252
-254
245
-251
-249
-222
-242
-251
-254
-252
-254
113
81
-254
-236
-98
115
118
-195
-230
-213
82
-208
-129
-225
-215
-219
-216
-215
212
-28
-28
98
-197
-218
-19
-20
-8
-245
-106
-72
-249
-113
-222
-242
-225
-229
-248
-249
-248
-239
-234
-243
-244
-200
-191
-216
-236
-217
-202
-181
-183
-184
-249
-254
-255
247
-237
-236
-249
-254
-253
-253
-254
-255
112
82
-254
-239
-110
255
-109
-199
-239
-217
-25
-200
160
-245
-243
-244
-242
-243
-84
-59
-59
30
-215
-170
-53
-52
-230
-242
56
-46
-248
42
-223
-240
-191
-254
-254
-254
-254
-253
-69
-67
-206
-251
-252
-246
-247
-214
-251
-252
-253
-250
-252
-255
-255
248
-251
-251
-252
-253
-247
-254
-253
-254
112
83
-254
-253
-110
-161
130
-225
-242
-204
-139
-142
240
-237
-238
-244
-250
-250
-126
-65
-65
-67
-170
-175
-109
-108
-136
-236
-68
17
-244
-89
-126
-250
-217
-163
-244
-251
-235
-249
-252
-241
-207
-187
-211
-177
-246
-234
61
12
216
188
-145
-235
-248
231
-177
-114
-208
-235
-156
-186
-203
-228
96
74
-241
-204
-108
0
122
-221
-254
-195
33
-207
161
-247
-243
-246
-245
-245
-52
-82
-82
127
-133
-132
27
26
-69
-195
-68
-114
-205
-125
-248
-221
-235
-226
-249
-250
-246
-241
-250
-248
-247
-74
-145
-129
-211
-210
-137
-79
-82
-207
-253
-255
-254
248
-252
-249
-253
-250
-169
-254
-246
-253
190
231
-254
-247
-110
-77
-35
-103
-212
-103
18
-201
160
-248
-247
-248
-246
-247
-45
-40
-40
-17
-174
-193
196
195
-73
-209
-93
-225
-222
-113
-218
-253
-254
-254
-254
-248
-233
-219
-183
-203
-235
-176
-133
-203
-233
-248
-243
-222
-214
-240
-235
-254
-253
248
-245
-240
-232
-238
-236
-251
-243
-228
95
76
-250
-190
-78
-132
238
-244
-255
-248
27
-199
234
-237
-250
-234
-233
-236
-127
-62
-62
-86
-18
-101
-25
-26
-23
-225
6
-67
-231
-42
-248
-194
-158
-216
-244
-248
-245
-236
-211
-230
-232
-122
-48
-58
-213
-114
-182
-99
-18
-254
-254
-255
-255
248
-253
-251
-253
-253
-253
-255
-254
-251
109
81
-254
-227
-91
-188
-99
-226
-253
-227
37
-202
-89
-251
-250
-250
-250
-250
-35
-10
-10
28
-2
-135
219
218
-85
-229
-143
-237
-239
-160
-190
-235
-254
-253
-254
-252
-247
-249
-250
-252
-249
-223
-241
-248
-253
-255
-253
-248
-245
-199
-244
-255
-254
248
-253
-253
-248
-254
-251
-254
-252
-244
105
72
-251
-231
-109
-58
-108
-239
-254
-238
32
-208
245
-253
-253
-253
-252
-252
-7
-60
-60
-86
-128
-142
66
66
-97
-236
106
-145
-244
101
-246
-219
-171
-218
-252
-230
-189
-202
-249
-249
-246
-182
-232
-242
-250
-234
-230
-233
-248
-243
-254
-255
-254
248
-253
-252
-255
-254
-217
-255
-238
-249
108
73
-254
-252
-111
0
-107
-191
-229
-135
-172
-76
154
-243
-239
-242
-239
-238
-30
-62
-62
-124
-69
-83
-95
-94
-121
-220
-44
1
-231
-77
-227
-237
-220
-225
-249
-254
-244
-249
-252
-247
-244
-247
-245
-246
-248
-245
-236
-218
-246
-208
-254
-255
-254
248
-253
-253
-252
-253
-234
-254
-242
-254
111
81
-253
-242
-116
-113
-110
-170
-246
-240
-162
-85
26
-246
-242
-244
-243
-242
56
-62
-62
-152
-70
-255
-49
-49
-97
-233
-31
-46
-238
-53
-21
-253
-238
-240
-254
-254
-252
-254
-229
-234
-242
-238
-246
-240
-213
-216
-244
-217
-231
-252
-254
-255
-255
247
-238
-240
-253
-253
-251
-255
-254
-254
111
81
-252
-253
-114
97
72
-235
-250
-204
-44
-195
246
-254
-254
-254
-255
-255
-150
-50
-50
-88
-67
-180
-46
-46
-148
-141
-155
-51
-178
-219
-117
-226
-203
-247
-251
-251
-253
-253
-191
-213
-246
-234
-246
-229
-241
-153
-234
-239
-247
-248
-251
-254
-253
247
-251
-246
-210
-228
-238
-253
-252
-254
112
82
-253
-249
-112
-77
170
-244
-255
-246
13
-155
245
-237
-223
-220
-212
-211
-127
-87
-87
-46
-1
-45
-58
-58
-195
-228
-81
-40
-238
-89
-117
-208
229
-170
-253
-254
-252
-249
-195
-96
-183
-247
-247
-247
-238
-43
-175
-182
-209
-253
-253
-255
-255
248
-253
-252
-251
-251
-252
-255
-254
-241
102
72
-254
-251
-109
105
255
-106
-241
-201
-94
-148
246
-252
-236
-252
-250
-247
-107
-59
-59
-96
-137
-165
81
80
-17
-195
-118
-153
-207
-172
-248
-250
-242
-212
-215
-205
-108
-59
-242
-238
-226
-226
-248
-249
-252
-250
-241
-214
-213
-219
-249
-254
-254
247
-215
-220
148
49
126
-254
-239
-254
112
85
-252
-238
-108
0
0
-202
-249
-149
-125
-120
-58
-241
-238
-239
-237
-237
20
-55
-55
-84
-189
-192
50
46
152
-124
-155
-119
-65
-255
-245
-248
-245
-245
-244
-247
-228
-150
-253
-249
-224
-188
-236
-246
-253
-229
-213
-200
-240
-198
-221
-254
-254
247
-239
-240
-252
-254
-251
-254
-252
-255
112
82
-254
-234
-110
130
-77
-244
-255
-250
86
-210
-119
-253
-252
-252
-252
-252
-181
-27
-27
-98
11
-128
-55
-56
-44
-234
-68
-38
-240
-89
-104
-68
-164
-176
-216
-238
-240
-240
-224
-227
-232
-227
-218
-197
-212
-213
-163
-88
-202
-247
-249
-254
-253
247
-254
-253
-242
-252
-253
-250
-252
-245
104
76
-245
-242
-105
184
-255
-144
-210
124
-81
-166
-121
-244
-241
-242
-241
-241
-102
-74
-74
-137
165
-61
185
183
-4
-202
-155
-217
-212
-184
230
-236
-247
-252
-252
-249
-206
-248
-210
-202
-209
-150
-218
-234
-246
-244
-244
-238
-206
-251
-249
-253
-254
246
-252
-251
-249
-253
-249
-254
-253
-242
102
73
-253
-240
-103
-137
-115
-216
-234
-171
93
-204
-70
-244
-240
-241
-240
-240
-78
-33
-33
26
-151
-122
-73
-74
-41
-249
6
-19
-252
-30
-80
-253
-239
-250
-252
-255
-253
-254
-241
-235
-234
-191
-242
-238
-244
-234
-247
-246
-244
-207
-232
-255
-255
248
-253
-253
-251
-254
-253
-254
-254
-242
117
84
-244
-234
-111
236
-114
-42
-230
-237
-51
-200
53
-233
-225
-227
-225
-226
-97
-34
-34
-18
-178
-126
-111
-110
-202
-241
31
19
-247
18
-228
-255
-235
-196
-252
-255
-249
-252
-252
-248
-227
-189
-225
-250
-254
-252
-40
243
31
-242
-249
-255
-254
248
-254
-254
-253
-254
-248
-255
-247
-252
111
82
-255
-251
-110
-255
255
-231
-254
-194
4
-203
9
-254
-255
-255
-254
-255
-152
-33
-33
-64
-105
-142
-123
-123
-93
-220
-31
37
-241
-42
-229
-220
-210
-129
-219
-240
-238
-241
-253
-251
-251
-142
-175
-213
-227
-223
-189
-104
-16
-233
-238
-248
-250
241
-244
-247
-34
-128
-186
-242
-231
-242
104
73
-246
-237
-110
139
77
-201
-229
-203
105
-224
57
-180
-156
-165
-158
-155
229
-73
-73
-59
-158
-191
-88
-87
-170
-241
-19
-8
-247
-30
-226
-220
-156
-206
-252
-252
-251
-253
-241
-130
-139
-236
-251
-253
-254
-250
-211
-239
-232
-250
-252
-255
-255
248
-250
-251
-250
-252
-243
-254
-253
-254
112
84
-254
-253
-110
-4
255
-205
-213
-115
-12
-175
-125
-232
-224
-227
-225
-224
56
-66
-66
-98
-4
-91
-128
-131
36
-253
68
53
-254
30
-113
-245
-206
-184
-239
-215
-207
-218
-197
-212
-224
-190
-170
-179
-169
-55
-145
-133
-199
-207
-229
-255
-251
248
-253
-254
-220
-243
-234
-254
-233
-252
110
79
-254
-245
-111
178
-138
-188
-200
-97
35
-194
143
-223
-215
-220
-211
-216
-115
-61
-61
-53
-168
-193
-34
-35
-62
-244
56
-60
-249
42
-250
-250
-230
-241
-252
-254
-253
-250
-229
-239
-242
-205
-222
-205
-232
-192
-216
-206
-222
-160
-191
-254
-254
248
-215
-209
-238
-252
-250
-252
-250
-254
113
85
-215
-190
-113
98
114
-225
-252
-224
63
-212
220
-248
-230
-246
-244
-241
-186
-36
-36
52
-134
-121
-188
-188
-81
-219
93
131
-238
77
-242
-204
-238
-231
-239
-210
-239
-229
-251
-252
-251
-208
-184
-140
-190
-73
-209
-151
-29
-170
-252
-255
-254
248
-253
-252
-166
-216
-242
-254
-251
-254
111
81
-253
-237
-111
74
-142
-180
-238
-228
155
-222
-136
-238
-232
-234
-232
-232
-181
-4
-4
52
-199
-218
-205
-205
-102
-208
-31
157
-240
-30
-133
-243
-242
-237
-235
-213
-205
-150
-251
-251
-251
-241
-248
-232
-249
-239
-209
-219
-231
-186
-252
-254
-254
247
-250
-251
-243
-247
-248
-252
-249
-254
111
81
-254
-242
-112
-51
-153
-163
-168
-91
31
-202
-67
-243
-239
-240
-239
-239
-168
-51
-51
-150
-93
-232
-128
-131
35
-248
6
53
-251
-18
-89
-250
-198
-158
-226
-234
-209
-215
-237
-199
-212
-83
-144
-191
-207
-173
-157
-25
-136
-231
-218
-255
-255
249
-254
-253
-237
-242
-243
-255
-251
-254
111
80
-254
-248
-110
191
-201
-229
-248
-188
16
-210
-48
-236
-230
-232
-231
-230
30
-91
-91
-29
-15
-134
-91
-92
-48
-243
-31
1
-248
-53
-61
-207
-181
-179
-233
-238
-223
-239
-243
-232
-225
-204
-227
-174
-228
-211
-141
-166
-166
-244
-252
-255
-254
248
-251
-251
-252
-254
-234
-255
-250
-254
111
81
-254
-249
-109
-89
79
-192
-254
-192
-3
-199
216
-248
-241
-239
-234
-234
-62
-85
-85
-5
-35
-145
-98
-97
-179
-184
-168
3
-211
-184
-123
-248
-216
-223
-253
-254
-249
-250
-254
-249
-181
-248
-244
-242
-251
-252
-119
-106
-232
-186
-221
-254
-251
248
-228
-250
-212
-252
-232
-246
-240
-161
174
95
-243
-180
-90
-8
111
-173
-234
-158
-112
-186
232
-227
-236
-235
-237
-234
10
-58
-58
-5
-120
-186
8
7
-58
-235
-143
-98
-245
-148
-217
-250
-233
-238
-250
-251
-234
-220
-245
-236
-223
-174
-170
-184
-189
-207
-160
-184
-177
-188
-253
-255
-246
248
-252
-251
-143
-162
-119
-254
-201
-235
103
62
-254
-249
-108
-55
39
-5
-236
-219
-79
-177
248
-253
-240
-252
-251
-249
-62
-58
-58
-33
-201
-225
-71
-71
-156
-233
-6
-26
-240
-65
-227
-255
-192
-232
-254
-254
-250
-251
-163
-64
-178
-225
-243
-245
-240
-148
54
-87
-209
-238
-252
-255
-254
248
-255
-254
-255
-254
-250
-255
-254
-251
111
82
-254
-249
-110
-114
0
-246
-250
-240
135
-218
-80
-238
-231
-234
-232
-231
87
1
1
152
-204
-231
17
16
19
-234
-93
-103
-237
-125
-220
-182
-242
-245
-243
-250
-230
-214
-244
-243
-246
-217
-239
-246
-251
-253
-235
-227
-192
-212
-246
-254
-254
247
-245
-244
-204
-230
-243
-245
-250
-251
110
82
-178
-239
-106
0
172
-244
-254
-249
43
-199
129
-219
-213
-211
-211
-209
-61
11
11
-19
-94
-162
-20
-21
-56
-245
-93
-73
-249
-101
-219
-213
-141
-128
-234
-236
-235
-225
-212
-207
-236
-104
-125
-165
-186
-80
-82
174
-111
-255
-254
-255
-255
248
-254
-253
-253
-253
-254
-255
-254
-255
112
82
-254
-255
-110
91
191
-215
-241
-128
-141
-144
24
-242
-238
-239
-238
-237
-86
-59
-59
-138
-26
-63
-59
-58
-105
-243
-6
-38
-248
-18
-22
-245
-231
-241
-254
-254
-252
-253
-244
-245
-245
-248
-250
-248
-241
-222
-246
-246
-245
-184
-252
-255
-254
248
-254
-254
-251
-253
-239
-254
-239
-253
111
81
-255
-245
-114
-106
-118
-231
-253
-226
39
-216
112
-246
-246
-248
-246
-247
-7
-96
-96
-76
21
-47
-173
-173
-93
-170
-6
106
-230
-18
-236
-232
-244
-226
-204
-218
-235
-233
-253
-253
-251
-178
-131
-111
-161
-118
-176
-103
-116
-192
-251
-255
-254
248
-254
-253
-254
-254
-252
-254
-252
-255
111
81
-253
-241
-110
74
-135
-225
-254
-229
7
-197
128
-236
-227
-230
-231
-227
-20
-70
-70
-65
-25
-90
-2
-2
-127
-239
56
-92
-246
30
-249
-252
-252
-255
-255
-255
-255
-253
-252
-252
-254
-222
-235
-227
-237
-237
-246
-237
-228
-246
-254
-255
-255
248
-245
-247
-253
-254
-250
-255
-251
-254
111
80
-254
-250
-109
-119
114
-212
-251
-201
9
-199
193
-247
-245
-244
-244
-244
-107
-65
-65
7
-59
-160
-186
-185
-184
-219
68
122
-239
53
-240
-188
-238
-230
-214
-143
-200
-115
-253
-254
-253
-226
-217
-133
-163
-120
-248
-233
-199
-236
-251
-255
-255
248
-254
-243
-254
-247
-247
-255
-250
-254
112
83
-244
-248
-110
0
0
-214
-240
-185
16
-197
91
-238
-232
-234
-232
-232
-86
-56
-56
-111
-58
-89
19
16
97
-242
-44
-101
-239
-101
-243
30
-227
-248
-244
-250
-232
-195
-246
-213
-237
-231
-235
-242
-249
-234
-210
-223
-230
-251
-251
-255
-255
248
-251
-248
-251
-252
-246
-252
-240
-253
112
82
-253
-248
-107
115
238
-180
-226
-199
55
-197
159
-244
-241
-242
-240
-241
-129
-59
-59
-17
-217
-210
-58
-59
-19
-239
-19
-34
-243
-77
-223
-231
-229
-241
-251
-248
-241
-248
-223
-232
-233
-212
-189
-215
-226
-220
-233
-233
-209
-247
-254
-254
-253
247
-251
-250
-251
-252
-241
-255
-244
-251
109
71
-251
-251
-115
83
121
-253
-252
-239
107
-222
-73
-225
-216
-219
-216
-216
106
-55
-55
-32
-158
-147
5
4
-52
-201
-31
-95
-210
-77
-244
-234
-245
-246
-253
-254
-246
-232
-243
-246
-245
-106
-102
-182
-218
-217
-187
-169
-138
-252
-255
-255
-255
248
-255
-253
-255
-253
-251
-255
-251
-241
103
59
-254
-253
-110
58
-42
-235
-254
-231
32
-202
242
-236
-223
-219
-209
-208
-57
-50
-50
-5
-110
-185
-43
-42
-150
-203
-180
-55
-221
-196
-224
-184
-62
-104
-242
-248
-224
-218
-43
-167
-179
-175
-153
-145
-165
255
-125
-140
-4
-203
-246
-255
-255
248
-253
-251
-226
-245
-245
-254
-253
-251
112
83
-254
-227
-108
81
128
-170
-208
-196
-156
-34
95
-244
-241
-241
-240
-240
-113
-57
-57
-177
-82
-14
-41
-40
-189
-214
19
-58
-227
6
-255
-252
-234
-254
-255
-255
-255
-254
-197
-191
-247
-250
-251
-248
-238
-143
-244
-232
-242
-239
-218
-255
-255
249
-247
-248
-231
-246
-252
-251
-254
-253
111
81
-254
-251
-112
15
108
-174
-244
-206
-29
-203
248
-249
-248
-248
-248
-247
-192
-58
-58
-96
-190
-123
14
13
-53
-231
19
-103
-237
6
-247
190
-214
-221
-238
-241
-243
-224
-246
-243
-250
-184
-193
-215
-234
-229
-238
-208
-210
-211
-247
-255
-255
248
-253
-252
-234
-245
-247
-255
-247
-254
117
85
-254
-245
-103
148
-169
-254
-254
-246
35
-210
232
-250
-237
-249
-248
-245
-214
-58
-58
-43
-130
-184
-41
-43
30
-158
-118
-47
-112
-184
-249
-209
-215
-191
-247
-251
-244
-244
-212
-239
-217
-180
-166
-135
-147
-73
-125
1
-24
-251
-255
-255
-254
248
-254
-252
-254
-251
-249
-255
-248
-246
108
71
-253
-251
-112
-72
0
-226
-242
-205
-50
-204
-28
-246
-243
-245
-243
-243
-22
-64
-64
3
-191
-198
-168
-167
-191
-229
-31
94
-240
-42
-72
-213
-252
-227
-110
-210
68
-71
-255
-255
-254
-151
-85
-93
-173
-230
-250
-243
-182
-124
-250
-254
-253
247
-252
-251
-249
-251
-236
-253
-241
-254
111
82
-253
-242
-109
-130
229
-232
-253
-225
26
-218
-119
-242
-238
-240
-239
-238
-77
-103
-103
61
-65
-48
-146
-147
4
-221
-19
73
-243
-6
-92
-174
-233
-206
-226
-214
-244
-226
-252
-250
-249
-189
-201
-135
-199
-190
-210
-181
-115
-218
-253
-255
-255
248
-254
-254
-254
-255
-254
-255
-254
-255
112
82
-254
-247
-111
123
-213
-237
-248
-209
135
-229
-71
-250
-248
-249
-248
-248
26
-79
-79
114
-168
-235
-60
-60
-141
-242
-56
-37
-247
-65
-81
-166
-202
-234
-252
-252
-255
-254
-240
-232
-226
-254
-250
-248
-243
-186
-241
-219
-235
-247
-245
-255
-255
248
-253
-251
-229
-247
-246
-254
-251
-253
112
85
-244
-247
-109
159
-166
-243
-254
-243
-20
-193
139
-253
-252
-252
-252
-252
-144
-75
-75
28
-127
-115
-15
-16
-75
-251
-68
-78
-252
-77
-219
-252
-202
-244
-253
-253
-248
-245
-250
-240
-236
-207
-231
-235
-243
-245
-240
-231
-243
-238
-253
-255
-254
248
-253
-252
-254
-254
-225
-255
-239
-250
109
74
-254
-251
-113
-204
102
-218
-226
-150
-28
-187
42
-231
-224
-226
-223
-223
23
-77
-77
-60
-167
-203
16
15
-2
-232
-81
-103
-237
-148
-237
-231
-232
-238
-246
-246
-237
-165
-249
-243
-232
-179
-190
-199
-219
-235
-193
-148
-164
233
-119
-253
-254
249
-159
-123
-237
-250
-249
-242
-250
-254
111
82
-252
-214
-109
44
83
-227
-253
-230
15
-200
-76
-250
-248
-249
-248
-248
-125
-107
-107
-9
-79
-98
-6
-5
-134
-190
-118
-89
-209
-148
-225
-253
-250
-247
-251
-253
-255
-255
-254
-254
-255
-246
-236
-236
-243
-247
-252
-244
-216
-252
-255
-255
-255
248
-249
-250
-254
-255
-253
-255
-253
-254
111
81
-255
-253
-109
-133
107
-187
-245
-242
-22
-202
24
-243
-238
-240
-239
-238
-27
-71
-71
38
-195
-190
-131
-132
-51
-232
31
50
-247
42
-230
-253
-214
-162
-217
-226
-139
-167
-251
-242
-234
-213
-226
-213
-230
-224
-229
-225
-218
-225
-247
-255
-254
248
-249
-251
-245
-249
-246
-23
-222
-254
111
81
-254
-237
-111
-153
-102
-166
-156
-110
108
-215
-78
-231
-223
-226
-224
-223
34
-84
-84
11
-171
-209
-166
-166
-78
-223
-19
97
-244
-6
-97
-253
-238
-182
-217
-180
-195
-73
-246
-244
-236
-147
-147
-109
-120
-9
-222
-144
-149
-231
-235
-255
-254
248
-253
-253
-239
-246
-227
-255
-245
-251
110
68
-254
-245
-110
107
0
-201
-234
-224
-207
-77
54
-240
-236
-237
-236
-235
-7
-57
-57
149
-224
-255
-41
-40
-154
-221
-68
-57
-231
-113
-248
-252
-232
-251
-254
-255
-255
-255
-228
-233
-244
-248
-245
-245
-219
-191
-245
-235
-237
-251
-254
-255
-255
247
-251
-251
-254
-253
-249
-254
-251
-253
111
80
-253
-253
-111
-222
67
-244
-255
-247
-6
-192
-79
-241
-237
-239
-237
-237
-47
-41
-41
-115
105
-110
-34
-36
45
-243
-143
-55
-246
-172
-229
-176
-206
-191
-185
-242
-230
-238
-245
-245
-247
-161
-178
-106
-188
-205
-222
-123
-21
-252
-253
-253
-253
246
-254
-253
-250
-252
-254
-253
-254
-253
110
80
-254
-250
-108
106
-105
-178
-165
-99
24
-150
-77
-226
-217
-221
-218
-216
147
-61
-61
-255
-255
-255
1
-2
92
-251
-31
-86
-251
-89
-223
-239
-230
-206
-231
-214
-171
-143
-248
-231
-224
-153
-193
-210
-239
-227
-164
-138
-197
-124
-229
-252
-254
246
-230
-241
-241
-252
-252
-252
-253
-255
112
82
-253
-206
-108
180
-255
-245
-251
-246
-94
-189
-132
-244
-241
-242
-240
-240
-61
-75
-75
-52
-161
-191
11
9
50
-241
-93
-96
-243
-113
-217
-206
-241
-236
-252
-252
-231
-227
-248
-249
-253
-226
-248
-243
-251
-249
-246
-234
-250
-200
-254
-255
-255
248
-253
-253
-253
-254
-237
-255
-249
-252
111
80
-254
-250
-112
0
0
-226
-251
-195
-1
-180
-149
-249
-247
-248
-248
-248
-112
22
22
-32
-4
-161
33
33
-62
-242
-155
-119
-246
-160
-215
-254
-247
-254
-254
-254
-223
-115
-233
-237
-240
-133
-174
-222
-234
-211
-105
-176
-217
-198
-219
-120
-77
115
-207
-205
-178
-212
-236
-253
-249
-251
113
83
-242
-164
-108
70
-92
-231
-254
-229
-61
-200
240
-232
-216
-207
-197
-199
-98
36
36
-26
-136
-107
-166
-167
-33
-214
-143
100
-241
-136
-130
-204
-227
-197
-186
-201
-226
-236
-250
-251
-250
-101
-122
-135
-134
-65
-65
137
188
-207
-252
-255
-252
248
-254
-253
-254
-254
-246
-254
-239
-253
111
71
-253
-245
-112
0
74
-248
-254
-245
93
-217
176
-246
-243
-245
-243
-243
-27
-88
-88
-4
-77
-135
43
44
-172
-243
81
-129
-248
65
-247
-246
-254
-254
-255
-254
-237
-124
-253
-253
-253
-173
-173
-237
-251
-254
-210
-191
-57
-241
-251
-255
-254
248
-251
-249
-242
-250
-248
-253
-250
-255
112
82
-204
-249
-110
87
-117
-244
-255
-216
23
-207
25
-252
-251
-252
-252
-252
-167
-20
-20
-4
-97
-155
-130
-130
-45
-219
-56
48
-237
-65
-230
5
-241
-222
-234
-246
-198
-225
-253
-252
-238
-230
-206
-239
-244
-247
-225
-194
-220
-221
-250
-248
-250
241
-246
-240
-244
-243
-250
-251
-248
-254
112
82
-252
-241
-106
0
-18
-181
-223
-150
-72
-233
-137
-238
-232
-234
-233
-232
134
-63
-63
52
-228
-255
8
8
-108
-228
-168
-100
-238
-184
-218
-254
-246
-252
-253
-253
-250
-240
-252
-250
-246
-188
-92
-190
-239
-227
-212
-229
-170
-204
-228
-254
-254
247
-251
-251
-251
-253
-252
-254
-253
-255
112
82
-254
-237
-110
151
-255
-205
-232
-206
128
-217
146
-223
-220
-214
-212
-211
46
10
10
52
-163
-124
-149
-148
-194
-239
-56
67
-246
-65
-150
-252
-246
-53
-63
-215
38
-83
-255
-255
-252
-12
-10
-159
-218
-245
-230
-198
165
-192
-249
-254
-252
247
-253
-251
-249
-249
-225
-253
-208
-253
113
90
-253
-247
-110
-8
98
-41
-217
-137
19
-199
-135
-244
-241
-242
-241
-240
66
-22
-22
-133
-72
-217
-93
-92
-140
-238
-155
-2
-244
-172
-117
-255
-215
-241
-249
-251
-248
-250
-251
-194
-113
-192
-221
-251
-253
-246
-214
-152
-215
-220
-186
-255
-254
250
-253
-254
-253
-254
-245
-254
-246
-253
111
81
-255
-250
-109
0
-255
-151
-255
-170
-14
-205
-98
-240
-246
-239
-249
-250
45
-65
-65
79
-149
-192
33
33
-81
-221
-131
-119
-239
-136
-218
-247
-251
-253
-254
-255
-248
-237
-245
-247
-251
-135
-214
-237
-229
-231
-193
-114
-217
-247
-255
-255
-255
248
-254
-254
-255
-254
-248
-255
-253
-251
110
78
-255
-253
-108
119
-41
-179
-231
-133
-51
-171
-128
-229
-217
-220
-217
-217
18
-65
-65
-39
-111
-58
6
4
18
-236
-106
-93
-243
-113
-219
-245
-253
-253
-254
-254
-249
-246
-252
-252
-252
-242
-234
-233
-239
-237
-235
-227
-223
-242
-254
-255
-255
248
-254
-254
-250
-253
-252
-255
-253
-255
112
83
-255
-254
-109
96
-110
-176
-250
-172
-52
-177
-30
-235
-228
-231
-229
-229
-97
-64
-64
-29
-143
-95
-79
-78
-152
-231
-31
-17
-240
-42
-58
-251
-227
-248
-255
-255
-254
-254
-243
-226
-224
-243
-252
-251
-252
-231
-199
-230
-239
-158
-223
-254
-246
248
-244
-251
-240
-251
-208
-251
-224
-204
248
87
-243
-226
-125
98
117
-244
-254
-248
105
-213
69
-219
-206
-212
-208
-207
153
-21
-21
6
-135
-161
-90
-91
-46
-224
31
-1
-244
42
-226
-231
-198
21
-218
-250
-229
-248
-245
-229
-219
-118
-159
-222
-235
-202
-59
115
-15
-240
-249
-255
-255
248
-251
-251
-239
-233
-33
-254
-253
-239
108
116
-254
-240
-105
112
255
-178
-247
-38
-91
-172
-198
-156
-237
-227
-206
-248
159
-59
-59
-7
-173
-140
6
4
81
-225
-131
-90
-228
-148
-221
-239
-250
-249
-254
-253
-236
-236
-245
-251
-242
-195
-202
-214
-231
-207
-210
-176
-198
-249
-254
-255
-253
248
-254
-253
-151
-203
-16
-255
-244
-251
111
76
-255
-253
-109
36
135
-214
-248
-210
18
-205
-90
-215
-201
-206
-203
-201
37
-70
-70
46
-187
-162
-67
-66
-144
-251
-6
-30
-252
-53
-82
-239
-221
-228
-253
-254
-255
-254
-143
-210
-226
-254
-255
-253
-252
-168
-219
-230
-247
-254
-254
-254
-240
247
-250
-251
-252
-253
-248
-255
-252
-255
112
83
-255
-254
-110
-255
0
-142
-242
-150
-101
-157
161
-251
-250
-251
-249
-250
-60
-59
-59
-112
-140
-59
76
74
-13
-207
-31
-149
-213
-89
-244
-242
-252
-254
-255
-254
-208
-133
-243
-220
-187
-196
-215
-214
-241
-207
-219
-225
-231
-225
-248
-254
-254
247
-245
-248
-250
-253
-250
-253
-253
-255
112
83
-254
-226
-154
178
-48
-195
-222
-186
-182
-30
-54
-246
-243
-244
-243
-243
-31
-55
-55
-118
-176
-183
-59
-59
-120
-233
193
-38
-239
101
-234
-245
-240
-247
-254
-255
-254
-255
-250
-247
-247
-251
-252
-254
-249
-226
-250
-251
-252
-246
-255
-255
-255
248
-255
-254
-254
-254
-247
-255
-250
-255
111
82
-255
-253
-110
102
-208
191
-176
-123
-93
-152
155
-243
-239
-243
-240
-239
-71
-58
-58
56
-220
-209
-12
-12
-163
-225
-56
-83
-234
-65
-249
-255
-213
-240
-254
-252
-240
-248
-207
-242
-240
-245
-210
-19
-195
-194
-239
-243
-157
-252
-252
-255
-255
248
-253
-252
-250
-248
-251
-254
-253
-254
112
81
-254
56
113
65
-27
-180
-241
-255
-247
47
151
-214
-211
-202
-200
-198
-14
-69
-69
-184
84
-255
-56
-55
-128
-240
-131
-41
-245
-136
-141
-255
-232
-236
-252
-255
-254
-254
-212
-237
-235
-251
-251
-247
-232
-170
-212
-236
-221
-246
-254
-255
-255
247
-234
-236
-253
-253
-252
-255
-254
-254
111
81
-252
-253
-110
-232
126
-233
-249
-207
62
-219
-103
-247
-245
-246
-245
-245
-102
-26
-26
117
-121
19
-199
-198
-131
-181
-31
145
-230
-42
-103
-237
-245
-222
-235
-229
-246
-244
-253
-253
-253
-228
-226
-226
-215
-94
-221
-234
-196
-232
-252
-255
-254
248
-254
-254
-252
-254
-249
-255
-248
-254
111
77
-254
-250
-111
69
156
-178
-253
-96
-85
-175
219
-243
-238
-243
-240
-241
-130
-55
-55
-168
9
255
47
44
64
-238
31
-125
-241
18
-247
-227
-204
-209
-232
-236
-115
-72
-221
-207
-195
-123
-205
-229
-225
-213
-206
-215
-245
-245
-253
-255
-254
248
-252
-251
-233
-252
-247
-254
-247
-253
111
79
-253
-252
-110
-137
-152
-170
-247
-251
-36
-206
-53
-248
-246
-247
-247
-247
68
-46
-46
-58
-183
-182
-200
-200
-84
-195
143
151
-238
160
-251
-254
-248
-243
-231
-188
-189
-99
-247
-251
-253
-245
-235
-242
-242
-230
-213
-209
-237
-201
-19
-255
-254
255
-238
-242
-236
-248
-248
-244
-249
-254
112
82
-250
-237
-110
-102
-204
-191
-238
-138
-66
-143
-76
-239
-233
-235
-234
-233
-125
33
33
-27
-80
-97
-57
-56
-171
-233
-44
-41
-241
-53
-79
-251
-222
-251
-255
-255
-253
-253
-214
-182
-217
-250
-251
-252
-254
-211
-230
-219
-244
-89
-138
-251
-248
247
-225
-214
16
-102
-220
-201
-218
120
-157
-233
-245
11
-8
79
79
-254
-252
-248
-66
-213
-32
-236
-230
-231
-228
-227
-86
-59
-59
19
-144
-177
-34
-34
-148
-237
-81
-63
-246
-89
-233
-216
-91
-226
-250
-249
-227
-220
-123
-171
-126
-197
-172
-182
-208
3
-184
-198
-107
-229
-250
-255
-255
248
-253
-252
-204
-235
-243
-254
-252
-254
113
84
-254
-242
-110
-83
105
36
-235
-195
33
-208
-25
-245
-241
-243
-242
-241
74
-51
-51
-126
-120
-137
-53
-53
-83
-226
-131
-43
-236
-148
-53
-255
-251
-246
-254
-255
-253
-247
-156
-217
-248
-219
-232
-216
-199
-94
-248
-228
-202
-245
-251
-255
-255
247
-255
-255
-252
-254
-248
-255
-254
-253
112
83
-255
-252
-110
-135
222
-92
-229
-133
9
-183
99
-251
-249
-250
-249
-249
-119
-74
-74
-150
10
-79
61
61
-141
-203
-68
-142
-220
-125
-236
-252
-254
-254
-255
-255
-215
-93
-253
-251
-248
-238
-248
-247
-253
-253
-242
-246
-239
-241
-249
-255
-254
248
-248
-246
-53
16
52
-233
-233
-252
110
75
-254
-247
-109
109
205
-112
-254
-196
-81
-168
26
-241
-237
-238
-237
-236
27
-59
-59
9
-211
-207
49
48
-9
-214
-155
-129
-225
-208
-226
-251
-246
-247
-255
-255
-206
-150
-250
-248
-245
-176
-201
-235
-240
-235
-228
-188
-237
-207
-253
-254
-254
246
-248
-249
-247
-253
-250
-254
-251
-254
111
81
-253
-223
-111
255
-154
-194
-230
-13
-87
-142
-28
-250
-248
-249
-248
-247
-140
-68
-68
-110
-45
-160
-55
-54
-156
-231
-56
-43
-240
-65
-54
-210
-223
-246
-254
-255
-253
-253
-218
-203
-214
-247
-252
-246
-239
-190
-230
-222
-241
-245
-215
-255
-255
249
-245
-249
-220
-248
-252
-252
-253
-234
96
56
-253
-247
-111
0
18
-161
-251
-244
157
-222
-130
-249
-247
-247
-247
-246
34
-78
-78
49
-158
-208
-224
-223
-143
-220
-56
189
-242
-53
-134
-253
-253
-245
-248
-221
-224
-194
-240
-252
-254
-247
-250
-253
-252
-236
-198
-179
-244
-186
-230
-255
-254
248
-250
-250
-252
-254
-248
-254
-249
-254
112
82
-254
-239
-110
-102
-255
-223
-250
-224
-71
-163
150
-246
-242
-245
-243
-242
-187
-55
-55
-64
-125
-97
-126
-125
-176
-214
-6
38
-232
-18
-231
-234
-242
-112
-242
-252
-247
-246
-254
-252
-248
-145
-212
-244
-236
-251
-114
31
255
-239
-255
-255
-255
248
-252
-248
-253
-253
-250
-255
-253
-254
112
82
-254
-249
-109
155
-255
-253
-253
-246
21
-204
-72
-251
-250
-250
-250
-249
-198
-39
-39
11
-175
-115
-39
-41
13
-236
-106
-52
-240
-160
-229
-247
-232
-230
-248
-253
-248
-247
-242
-240
-240
-190
-168
-176
-197
-178
-228
-112
-26
-253
-255
-255
-255
248
-255
-254
-255
-253
-252
-255
-252
-253
112
85
-254
-254
-110
48
122
98
-250
-250
8
-238
-133
-239
-235
-238
-234
-234
29
-61
-61
29
-166
-255
10
9
-35
-237
-68
-99
-248
-53
-218
-255
-252
-255
-255
-255
-250
-248
-249
-251
-251
-244
-237
-238
-240
-229
-251
-248
-239
-241
-254
-255
-255
248
-254
-253
-254
-254
-254
-255
-250
-254
111
80
-254
-252
-110
57
-255
-220
-251
-109
-89
-132
-116
-255
-255
-255
-255
-255
-95
-85
-85
-118
173
-36
-86
-86
-122
-236
-81
-8
-242
-89
-109
-192
-219
-238
-250
-253
-244
-253
-232
-209
-230
-245
-232
-246
-253
-238
-204
-179
-218
-254
-254
-255
-255
248
-253
-253
-253
-253
-254
-255
-253
-255
111
82
-255
-255
-109
23
-37
-172
-254
-175
-123
-118
-133
-240
-236
-238
-237
-237
-20
-83
-83
90
-214
-255
43
42
-3
-238
-106
-125
-242
-125
-214
-254
-243
-253
-254
-254
-237
-227
-251
-244
-226
-205
-223
-228
-242
-217
-224
-196
-237
-218
-233
-254
-254
247
-251
-248
-219
-236
-246
-252
-251
-253
115
83
-253
-242
-112
97
50
-242
-253
-241
56
-216
94
-252
-251
-252
-251
-251
-14
-22
-22
-59
-137
-140
-23
-23
-121
-210
-6
-72
-222
-65
-254
-249
-236
-243
-253
-254
-253
-251
-236
-249
-250
-247
-239
-226
-240
-232
-248
-250
-236
-245
-253
-255
-254
248
-254
-253
-251
-252
-228
-255
-245
-249
109
75
-255
-253
-111
102
153
-230
-248
-221
-31
-203
123
-235
-231
-228
-227
-227
-95
-58
-58
76
-122
-37
-30
-31
10
-246
-143
-61
-248
-160
-221
-239
-247
-248
-252
-252
-252
-252
-253
-253
-253
-230
-235
-207
-248
-236
-239
-218
-203
-251
-254
-255
-255
248
-247
-248
-253
-253
-250
-255
-250
-254
111
81
-254
-249
-107
-126
227
-231
-247
-216
52
-213
-52
-152
-115
-129
-132
-149
-109
-203
-203
52
-113
-198
26
26
-60
-222
-68
-113
-230
-77
-235
-176
-243
-246
-253
-253
-249
-244
-248
-249
-245
-107
-160
-123
-231
-217
-130
-121
-85
-216
-253
-255
-254
248
-253
-251
-253
-253
-244
-255
-250
-252
120
100
-254
-249
-110
-91
181
-232
-254
-233
26
-212
54
-254
-254
-254
-254
-254
-24
9
9
-18
-135
-203
-176
-176
-42
-194
-44
114
-237
-18
-234
-233
-236
-218
-223
-209
-242
-232
-254
-254
-252
-208
-172
-177
-184
-121
-147
-177
-63
-196
-252
-255
-254
248
-254
-253
-254
-254
-251
-254
-251
-254
111
81
-253
-244
-112
-126
29
-189
-232
-199
-56
-171
-121
-242
-238
-239
-239
-238
-22
-62
-62
-20
-70
-181
-40
-40
-103
-232
-106
-56
-240
-125
-225
-254
-244
-245
-254
-255
-254
-253
-229
-242
-241
-243
-239
-237
-239
-211
-241
-244
-235
-188
-242
-255
-255
248
-254
-254
-247
-254
-254
-254
-254
-255
112
83
-249
-214
-112
111
-107
-208
-253
-199
-70
-170
56
-252
-252
-252
-252
-252
-131
-53
-53
-102
-128
-152
39
37
22
-210
-168
-120
-219
-208
-232
-249
-240
-228
-243
-251
-156
25
-237
-240
-244
-203
-231
-230
-247
-231
-179
-220
-250
-188
-249
-255
-255
248
-252
-250
-247
-250
-251
-253
-251
-254
111
80
-253
-253
-109
156
206
-244
-255
-252
110
-215
-133
-251
-249
-250
-250
-250
-59
-177
-177
90
-108
-140
-30
-30
-67
-235
-118
-64
-241
-148
-223
-246
-214
-225
-249
-252
-245
-249
-247
-234
-246
-198
-216
-192
-173
-210
-231
-144
-157
-247
-249
-255
-255
248
-254
-251
-243
-245
-253
-254
-255
-214
82
51
-251
-241
-102
125
-245
-252
-254
-242
96
-219
-126
-253
-253
-253
-253
-253
-42
-8
-8
20
-53
28
-40
-40
-176
-245
-44
-58
-250
-53
-225
-131
-78
-232
-249
-245
-225
-220
-106
-90
-183
-228
-214
-200
-161
-106
-221
-214
-197
-228
-249
-255
-255
248
-254
-252
-226
-244
-245
-254
-254
-254
114
86
-254
-240
-109
93
-76
-142
-221
-247
-202
13
237
-226
-227
-240
-253
-252
-23
-52
-52
-192
84
-255
37
37
-76
-231
-155
-122
-238
-184
-214
-254
-245
-250
-254
-254
-238
-60
-243
-240
-234
-27
-168
-120
-152
-196
-183
-155
-235
-165
-247
-252
-254
245
-240
-244
-235
-251
-249
-249
-250
-254
111
81
-253
-196
-104
86
154
-201
-251
-183
-7
-198
155
-253
-253
-253
-253
-253
-172
-72
-72
-112
-2
-162
-119
-118
-157
-232
6
29
-243
-6
-230
-252
-249
-240
-251
-254
-242
-250
-253
-251
-248
-204
-241
-242
-251
-251
-173
-192
-177
-189
-221
-253
-187
247
-213
-250
-204
-241
-79
-211
158
164
-7
214
-238
-150
-75
98
-116
-255
-251
-247
11
-220
116
-188
-168
-160
-165
-165
-140
-60
-60
123
-170
-88
-56
-55
-174
-234
-131
-42
-242
-160
-139
-209
-19
-121
-250
-246
-239
-241
59
-40
-137
-222
-213
-181
-223
154
-96
74
-189
-209
-245
-255
-255
248
-252
-250
-196
-234
-242
-253
-252
-254
112
83
-254
-226
-111
-196
161
-245
-253
-217
32
-209
123
-242
-238
-238
-238
-238
-103
-63
-63
-52
-11
-92
-111
-112
-39
-220
19
25
-228
-6
-229
-45
-233
-195
-246
-247
-195
-237
-249
-228
-232
-219
-238
-226
-247
-249
-240
-195
-211
-228
-250
-254
-254
247
-248
-237
-238
-238
-245
-253
-248
-254
112
83
-145
-241
-110
-102
-51
-206
-249
-157
-125
-74
-132
-255
-254
-254
-254
-254
-75
41
41
-30
-159
-255
-68
-68
-95
-215
-243
-27
-231
-255
-114
-203
-241
-250
-250
-253
-244
-255
-244
-247
-251
-255
-240
-245
-255
-218
-251
-251
-252
-245
-254
-255
-255
248
-255
-255
-254
-254
-248
-255
-249
-254
111
81
-255
-253
-110
194
-188
-228
-254
-245
62
-200
46
-250
-249
-249
-249
-249
-133
-132
-132
-32
-60
-147
247
247
-163
-118
-131
-251
-169
-160
-192
-254
-255
-253
-254
-253
-251
-240
-253
-253
-250
-236
-248
-253
-254
-255
-253
-250
-236
-212
-251
-255
-254
248
-251
-250
-247
-248
-249
-253
-252
-103
0
-60
-252
-212
-97
-255
255
-248
-254
-241
23
-180
-132
-254
-253
-254
-253
-253
-158
27
27
32
-139
-188
58
58
-98
-225
-131
-139
-234
-148
-211
-252
-254
-254
-255
-255
-198
-172
-252
-252
-253
-243
-242
-243
-253
-254
-227
-231
-192
-248
-253
-255
-255
248
-252
-251
-250
-252
-251
-254
-252
-255
112
82
-183
-252
-110
39
-106
-232
-241
-187
123
-229
-94
-189
-168
-181
-174
-171
113
-4
-4
97
-142
-133
-153
-153
-90
-204
31
77
-211
6
-232
-7
-245
-243
-234
-248
-153
-184
-251
-250
-249
-185
-195
-233
-242
-238
-248
-226
-239
-239
-252
-255
-255
248
-252
-248
-251
-247
-244
-253
-252
-252
111
80
-252
-250
-109
115
118
-211
-226
-178
61
-198
-147
-226
-216
-221
-216
-215
-82
-24
-24
9
-119
-128
-153
-157
72
-222
-56
91
-248
-53
-126
-253
-242
-191
-224
-238
-216
-191
-244
-235
-232
-166
-183
-93
-207
-205
-198
-72
-149
-153
-213
-255
-251
249
-250
-252
-248
-253
-246
-254
-236
-253
111
81
-254
-234
-111
79
-123
-161
-218
-39
-46
-160
-70
-251
-250
-250
-250
-250
-52
-57
-57
-7
-146
-224
-26
-26
-88
-229
-106
-69
-237
-136
-227
-241
-251
-251
-248
-250
-252
-254
-251
-252
-254
-249
-248
-249
-251
-252
-249
-244
-214
-252
-249
-251
-255
244
-253
-253
-250
-254
-253
-255
-254
-255
112
82
-254
-250
-108
0
0
-211
-252
-172
26
-203
-186
-248
-246
-247
-246
-246
-101
-130
-130
118
-52
-158
61
61
-109
-237
-118
-141
-243
-136
-212
-245
-250
-253
-253
-254
-244
-222
-252
-251
-249
-213
-191
-224
-241
-218
-219
-218
-197
-215
-253
-255
-254
248
-253
-252
-254
-254
-235
-255
-245
-252
128
119
-254
-250
-110
30
-79
-166
-250
-200
-3
-206
-64
-250
-250
-250
-249
-250
-95
-25
-25
-84
-9
-23
-111
-113
24
-237
180
30
-247
160
-242
-253
-191
-171
-213
-236
-176
-209
-227
-220
-195
-42
-107
-119
-178
-150
-68
-102
-95
-219
-240
-255
-254
248
-254
-253
-237
-242
-235
-255
-247
-254
111
81
-254
-247
-110
81
-154
-209
-227
-206
-162
-105
52
-238
-233
-235
-233
-232
54
-59
-59
-102
-127
-117
-56
-56
-90
255
-180
-38
255
-255
-11
-231
-223
-239
-249
-251
-251
-253
-242
-234
-244
-255
-253
-248
-249
-215
-246
-252
-254
-234
-253
-255
-255
248
-254
-254
-251
-253
-242
-255
-245
-254
111
81
-255
-251
-114
-144
150
-233
-255
-226
69
-216
37
-254
-254
-254
-254
-254
5
-177
-177
38
-101
-200
-44
-45
-33
-237
-56
-49
-241
-113
-6
-157
-141
-150
-215
-242
-115
-129
-213
-162
-82
-65
-128
-95
-114
-191
-113
-108
-108
-204
-248
-255
-255
248
-254
-252
-238
-248
-246
-254
-254
-253
112
81
-254
-230
-108
-98
123
-53
-252
-193
-70
-185
-132
-250
-248
-248
-248
-248
16
191
191
93
-196
-255
-77
-77
-115
-251
-6
-19
-252
-42
-116
-254
-240
-239
-250
-249
-251
-251
-209
-216
-219
-237
-239
-244
-251
-138
-179
-174
-8
-247
-250
-255
-254
248
-255
-255
-254
-255
-253
-255
-254
-253
111
79
-255
-254
-110
8
-117
15
-160
88
-141
-91
250
-239
-237
-242
-246
-246
-83
-62
-62
16
-197
-255
-28
-28
-98
-214
-168
-67
-229
-196
-222
-125
-98
169
-144
-164
-220
-166
-221
-228
-240
-235
-160
-105
-125
-116
-177
-200
-119
-233
-242
-254
-254
247
-227
-241
-227
-243
-245
-243
-250
-252
111
81
-251
-212
-85
0
99
-162
-244
-204
-157
-138
-70
-249
-248
-249
-248
-248
-108
-67
-67
-42
-158
-149
48
47
-66
-226
-81
-130
-234
-125
-216
-255
-248
-253
-255
-255
-222
-219
-251
-245
-249
-162
-218
-225
-248
-250
-213
-211
-244
-221
-237
-254
-254
248
-249
-249
-246
-253
-250
-254
-251
-255
112
83
-254
-246
-111
76
-70
-206
-248
-207
48
-220
-46
-245
-243
-244
-243
-242
-158
-66
-66
35
-112
-180
24
24
-126
-242
-68
-113
-247
-101
-224
-230
-235
-221
-247
-251
-252
-248
-251
-252
-251
-118
-188
-197
-225
-227
-179
-109
-164
-189
-252
-255
-254
248
-252
-250
-253
-253
-215
-254
-248
-252
130
130
-254
-248
-110
-181
67
108
-252
-250
99
-244
148
-221
-217
-222
-215
-219
59
-60
-60
6
-193
-191
19
18
-45
-243
56
-107
-250
42
-249
-255
-251
-254
-255
-255
-247
-240
-246
-249
-250
-219
-211
-222
-228
-227
-248
-236
-227
-233
-253
-255
-254
248
-254
-250
-254
-254
-253
-255
-245
-249
107
66
-253
-247
-110
154
178
-244
-253
-250
-8
-195
220
-244
-242
-240
-240
-239
-78
-66
-66
18
-164
-188
-39
-40
-39
-240
44
-55
-245
18
-248
-232
-168
-173
-245
-249
-246
-244
-216
-225
-225
-155
-199
-136
-182
-128
-115
-77
41
-248
-249
-253
-251
246
-254
-252
-243
-246
-252
-249
-251
-253
111
82
-252
-245
-105
-105
-118
-90
-228
-158
78
-217
44
-240
-236
-237
-236
-235
-21
-56
-56
-46
-87
-147
187
186
-84
-221
-118
-220
-234
-136
-204
-255
-254
-254
-255
-254
-209
-210
-161
-216
-246
-178
-175
-182
-242
-253
-237
-217
-205
-250
-246
-255
-254
248
-252
-249
-245
-250
-250
-254
-252
-213
81
61
-253
-232
-96
-158
194
-195
-209
-234
-164
-34
-78
-233
-225
-228
-225
-225
-147
-51
-51
-184
76
-202
-57
-58
-83
-234
-81
-38
-242
-125
-83
-254
-230
-244
-253
-254
-251
-252
-234
-220
-228
-232
-237
-248
-238
-203
-232
-207
-213
-207
-34
-253
-251
253
-220
-216
-117
-175
-220
-236
-234
-28
-49
-91
-242
-202
-116
49
70
-206
-244
-205
-53
-187
-140
-246
-243
-244
-243
-243
-116
-87
-87
-30
-82
-158
34
35
-148
-223
-118
-122
-233
-148
-214
-254
-255
-255
-255
-255
-252
-238
-254
-254
-255
-246
-243
-251
-253
-255
-255
-255
-252
-241
-252
-255
-255
248
-254
-253
-252
-253
-253
-255
-254
-254
111
82
-254
-251
-110
22
-98
-220
-254
-227
119
-229
26
-252
-251
-251
-251
-251
-97
-62
-62
19
-65
-161
-215
-215
-78
-143
6
177
-221
6
-239
-243
-250
-244
-250
-236
-250
-246
-252
-253
-254
-227
-213
-230
-244
-143
11
56
-155
-209
-252
-255
-252
248
-254
-253
-253
-254
-243
-254
-241
-251
112
81
-253
-243
-110
72
128
-177
-226
-172
-17
-199
245
-242
-240
-239
-238
-238
36
-57
-57
-107
-193
-85
37
36
-23
-240
56
-120
-244
18
-246
-252
-231
-218
-235
-233
-174
-168
-239
-239
-217
-21
-180
-229
-221
-192
-203
-71
-168
-168
-249
-253
-254
246
-246
-246
-244
-251
-251
-253
-251
-254
111
82
-253
-212
-109
119
-173
-219
-242
-183
90
-221
-157
-237
-231
-233
-231
-231
-120
0
0
29
-129
-143
-169
-169
-127
-232
-68
99
-242
-77
-126
-222
-246
-228
-221
-221
-207
-211
-254
-254
-253
-231
-203
-177
-221
-229
-206
-195
-141
-245
-251
-255
-255
248
-254
-252
-254
-252
-250
-255
-252
-254
112
83
-253
-252
-110
0
-255
-216
-254
-193
7
-212
153
-252
-250
-250
-251
-250
-47
-67
-67
-41
-100
-80
-127
-127
-114
-217
6
41
-239
-6
-231
-250
-224
-95
-179
-236
-127
-186
-253
-248
-232
-153
-166
-195
-234
-227
-169
57
44
-228
-253
-255
-253
248
-254
-252
-253
-252
-209
-255
-227
-251
114
106
-253
-252
-110
95
255
-231
-253
-232
29
-202
115
-235
-223
-229
-228
-227
-39
-60
-60
99
-59
-187
39
39
-133
-231
-168
-125
-239
-196
75
-241
-249
-254
-254
-254
-253
-231
-252
-252
-250
-120
-207
-140
-237
-201
54
-22
-191
-216
-253
-255
-254
248
-253
-250
-253
-252
-240
-254
-252
-251
121
99
-254
-249
-111
-77
77
-63
-245
-198
-55
-148
-23
-250
-249
-249
-249
-249
-15
-81
-81
-45
-137
-166
149
149
-70
-226
-106
-198
-235
-125
-203
-255
-254
-255
-255
-254
-220
-182
-185
-152
-213
-199
-199
-217
-227
-244
-243
-237
-179
-247
-247
-253
-254
246
-251
-250
-242
-250
-250
-254
-251
-218
84
66
-253
-241
-104
-165
118
-163
-253
-150
14
-220
-97
-207
-251
-251
-248
-251
208
-57
-57
-98
-147
-217
-34
-35
-37
-225
-81
-59
-238
-101
-254
-249
-225
-245
-251
-253
-244
-246
-236
-230
-227
-197
-215
-217
-189
-176
-225
-191
-212
-218
-254
-255
-250
248
-252
-251
-253
-253
-227
-254
-230
-250
110
75
-254
-249
-110
-88
97
-127
-235
-179
70
-206
-142
-231
-222
-226
-223
-222
100
-35
-35
-30
-153
-152
51
51
-171
-230
-131
-135
-241
-136
-212
-245
-247
-217
-225
-226
-236
-211
-254
-252
-252
-213
-245
-248
-254
-252
-245
-244
-245
-231
-252
-255
-255
248
-235
-232
-38
-187
-147
-255
-249
-254
111
82
-254
-247
-109
128
-224
-223
-248
-196
-16
-207
215
-247
-245
-246
-245
-245
4
-59
-59
-146
-30
-198
-39
-41
28
-245
68
-52
-251
53
-246
-228
-203
-209
-250
-248
-243
-199
-241
-238
-228
-160
-226
-218
-210
-193
-158
-146
-116
116
-203
-252
-253
246
-139
-85
-183
-221
-232
-239
-249
-253
112
82
-249
-195
-111
91
-112
-177
-255
-239
-75
-181
-26
-244
-241
-242
-242
-241
29
-68
-68
84
-220
-210
-41
-41
-61
-229
-143
-53
-237
-184
-234
-255
-243
-246
-251
-254
-252
-253
-236
-241
-248
-221
-240
-217
-210
-224
-249
-242
-220
-250
-254
-255
-255
247
-245
-247
-254
-254
-254
-255
-254
-254
111
81
-252
-252
-113
-198
107
-246
-253
-237
56
-214
142
-249
-246
-247
-247
-246
17
-72
-72
-16
-78
-121
10
9
-62
-225
-19
-100
-231
-77
-249
-243
-206
-236
-254
-253
-244
-224
-244
-250
-253
-223
-230
-237
-239
-244
-232
-233
-243
-246
-254
-255
-254
248
-253
-253
-254
-254
-228
-255
-244
-250
109
74
-255
-253
-114
-70
-107
-197
-253
-161
15
-209
-52
-255
-255
-255
-255
-255
-112
-59
-59
-84
-161
-188
-117
-116
-183
-238
180
25
-246
160
-243
-251
-234
-103
-231
-253
-232
-253
-253
-249
-229
-192
-226
-251
-254
-252
-158
12
-1
-218
-251
-254
-254
247
-254
-253
-252
-253
-242
-254
-241
-254
111
81
-254
-251
-109
-231
-231
-229
-251
-236
-69
-177
26
-248
-245
-247
-246
-246
-101
-62
-62
-79
-56
-52
-14
-14
-124
-242
-19
-81
-249
-30
-239
-247
-246
-250
-250
-253
-254
-254
-252
-252
-252
-244
-245
-234
-249
-237
-249
-239
-228
-252
-254
-255
-255
248
-245
-248
-254
-254
-253
-255
-252
-255
112
82
-255
-253
-109
-104
116
-147
-231
255
-157
32
223
-253
-252
-252
-252
-252
-135
-60
-60
-189
165
4
-9
-9
-171
-213
-56
-86
-229
-65
-249
-247
-244
-238
-246
-246
-248
-245
-252
-252
-251
-245
-242
-233
-238
-249
-250
-237
-190
-248
-254
-255
-255
248
-253
-252
-253
-254
-253
-255
-253
-254
111
82
-253
-251
-111
-13
-79
-178
-250
-177
21
-218
31
-96
-201
-194
-226
-201
183
-57
-57
-112
-115
-165
-21
-22
-15
-231
-6
-71
-237
-42
-249
-241
-234
-240
-251
-254
-248
-236
-233
-240
-235
-177
-183
-207
-215
-174
-187
-116
-157
-254
-254
-255
-254
248
-254
-252
-143
-29
181
-254
-243
-252
111
80
-254
-253
-110
-43
-107
-230
-255
-213
0
-198
-102
-251
-250
-251
-250
-250
-87
-30
-30
-44
6
-175
63
63
-101
-232
-106
-143
-239
-113
-214
-241
-251
-253
-254
-254
-244
-240
-253
-252
-247
-196
-222
-218
-244
-229
-134
-215
-227
-192
-253
-255
-255
248
-253
-252
-253
-253
-220
-255
-253
-252
137
137
-254
-250
-110
101
-129
-160
-250
-95
-80
-157
161
-252
-250
-251
-251
-250
-146
-63
-63
-112
-90
-176
-23
-23
-94
-206
-44
-72
-217
-101
-249
-238
-254
-251
-253
-252
-250
-250
-247
-250
-252
-245
-235
-235
-245
-244
-251
-235
-188
-237
-251
-255
-255
248
-252
-250
-248
-250
-251
-253
-253
-234
97
68
-254
-244
-151
94
0
-171
-191
-181
-203
54
243
-249
-215
-248
-244
-239
-107
-57
-57
-96
-178
-218
-69
-68
-204
-192
44
-30
-212
18
-226
-249
-159
-249
-254
-254
-253
-254
-204
-112
-106
-248
-252
-252
-252
-216
-198
-233
-241
-229
-143
-254
-255
251
-125
-101
-173
-238
-251
-238
-246
-248
108
78
-251
-229
-123
0
35
