-203
-229
-111
141
-199
-189
-200
-186
-206
-183
-60
-112
-60
-42
-255
-237
-244
-97
-141
-138
-253
-251
-252
-255
-255
-255
-211
-253
-255
-242
-244
-251
-215
-153
-180
-214
-247
-245
-247
-186
-242
-234
-240
-247
-255
-254
235
-242
-254
-249
-226
-196
-175
-195
-138
156
-252
-253
-254
-24
-222
-249
-251
0
-255
-245
-209
135
-254
-254
-254
-254
-254
-254
126
-88
126
28
-128
-231
-242
-182
76
143
-251
-254
-255
-255
-255
-203
-243
-255
-244
-254
-255
-247
-250
-252
-254
-252
-197
-178
-182
-218
-163
-236
-238
-242
-255
-254
236
-244
-251
-250
-229
-255
-255
-255
-254
234
-251
-253
-254
-60
-218
-219
-246
0
-249
-183
-207
-163
-240
-241
-239
-240
-240
-240
36
12
36
52
-119
-228
-246
-24
-133
-163
-209
-144
-180
-239
-246
-247
-247
-207
-254
-254
-253
-207
-243
-253
-254
-254
-249
-246
-243
-174
-225
-246
-247
-247
-255
-255
236
-250
-255
-252
-241
-255
-254
-254
-254
233
-229
-198
-252
-23
-202
-190
-251
0
-255
-224
-212
23
-254
-254
-254
-254
-254
-254
-12
-11
-12
82
-155
-239
-247
-12
-30
-161
-242
-233
-247
-254
-255
-254
-252
-254
-255
-218
-248
-254
-253
-250
-181
2
-242
-253
-255
-217
-252
-254
-254
-253
-255
-255
236
-248
-255
-253
-253
-255
-255
-255
-254
233
-254
-255
-255
-24
-252
-252
-253
-119
-248
-193
-223
201
-244
-241
-237
-242
-244
-241
84
-5
84
-91
-85
-208
-222
-61
-249
-185
-168
8
72
255
255
255
95
255
255
-70
255
-205
74
255
255
255
255
137
-172
30
255
-248
-247
-246
-253
-253
234
-244
-253
-247
-246
-254
-255
-255
-253
233
-251
-254
-254
-32
-244
-245
-246
0
-239
-171
-70
157
-246
-247
-246
-246
-246
-246
-56
-3
-56
56
-167
-66
-125
-182
-252
-44
-238
-247
-242
-251
-253
-224
-247
-248
-251
-244
-227
-247
-248
-248
-245
-249
-204
-178
-198
-238
-234
-245
-244
-250
-251
-251
232
255
-254
-223
-243
-254
-254
-254
-253
233
-252
-253
-254
-25
-228
-238
-241
60
-239
-101
-193
15
-225
-227
-223
-225
-225
-224
-68
-11
-68
53
-121
-183
-202
-121
-235
-102
-254
-249
-249
-251
-251
-244
-235
-236
-253
-252
-248
-228
-250
-251
-248
-250
-237
-242
-230
-245
-209
-255
-255
-255
-255
-255
235
-254
-255
-254
-255
-255
-255
-255
-255
233
-255
-255
-255
-24
-251
-255
-255
0
-242
-177
-76
160
-239
-238
-239
-237
-240
-237
-65
-76
-65
-255
-255
-43
-16
-255
79
-187
-255
-255
-255
-255
-255
-238
-242
-254
-254
-255
-255
-227
-244
-250
-254
-253
-212
-216
-191
-243
-235
-253
-253
-253
-255
-255
236
-244
-254
-251
-251
-255
-255
-255
-254
233
-216
-221
-240
-16
-245
-248
-251
86
-254
-188
-204
49
-230
-233
-230
-232
-230
-231
-64
-41
-64
-74
-39
-219
-244
-85
-235
-199
-254
-252
-252
-254
-255
-254
-248
-186
-255
-254
-250
-209
-243
-243
-234
-241
-198
-130
-31
-190
-196
-231
-234
-219
-254
-252
234
-232
-254
-237
-250
-254
-255
-255
-253
233
-253
-255
-255
-25
-248
-247
-246
44
-248
-193
-204
80
-234
-236
-233
-234
-234
-234
-40
-124
-40
-7
-134
-238
-247
-12
-233
-204
-250
-254
-254
-254
-255
-255
-253
-174
-254
-238
-222
-254
-254
-254
-252
-246
-174
-128
-165
-185
-202
-232
-236
-250
-254
-251
235
-187
-254
-204
-243
-254
-255
-254
-253
233
-254
-254
-253
-25
-231
-228
-243
-3
-237
-189
-180
22
-243
-244
-242
-243
-242
-243
-60
-101
-60
97
-159
-213
-228
-134
-227
-93
-242
-231
-247
-254
-254
-242
-250
-254
-252
-253
-250
-249
-250
-250
-253
-254
-238
-240
-243
-254
-253
-250
-251
-251
-255
-255
236
-243
-254
-253
-247
-250
-255
-255
-253
233
-253
-254
-255
-25
-227
-239
-250
-65
-252
-94
-121
-138
-234
-236
-233
-234
-234
-234
-58
-63
-58
-91
-32
-231
-243
-109
-130
-131
-252
-253
-254
-255
-255
-255
-255
-163
-255
-255
-252
-241
-251
-253
-254
-253
-199
-214
-173
-208
-216
-240
-243
-226
-254
-254
235
-244
-255
-248
-252
-254
-255
-255
-253
233
-253
-255
-255
-25
-251
-250
-252
-25
-189
-131
-207
94
-238
-239
-237
-238
-238
-237
-58
-5
-58
85
-118
-242
-248
0
-250
-155
-250
-252
-253
-253
-253
-215
57
-253
-254
-254
-253
24
-143
-230
-247
-252
-252
-252
-250
-251
-249
-241
-240
-246
-255
-254
235
-246
-248
-251
-233
-253
-254
-254
-253
233
-241
-247
-250
-22
-187
-188
-226
0
-243
-178
-213
-33
-220
-223
-219
-222
-222
-221
-60
115
-60
132
-255
-237
-242
-49
-223
-117
-248
-235
-237
-253
-252
-203
-203
-234
-246
-246
-252
-248
-250
-244
-237
-249
-130
-105
-206
-166
-231
-236
-241
-235
-255
-254
236
-251
-254
-252
-245
-254
-255
-255
-255
233
-250
-254
-255
-25
-244
-244
-250
25
-253
-250
-226
155
-244
-246
-243
-244
-245
-243
-79
-7
-79
-16
-140
-229
-249
255
-242
-206
-253
-253
-253
-255
-255
-254
-253
-157
-253
-252
-243
-203
-222
-207
-222
-244
-251
-236
-239
-218
-202
-226
-234
-187
-255
-254
238
-250
-253
-250
-238
-253
-254
-254
-254
233
-245
-251
-254
-24
-243
-243
-251
-102
-208
-122
-194
-150
-209
-214
-208
-210
-210
-209
255
-255
255
154
-178
-239
-243
-61
-123
-177
-240
-236
-246
-254
-255
-252
-251
-236
-254
-230
-185
-252
-254
-251
-239
-221
-193
-204
-238
-171
-181
-248
-248
-254
-255
-253
234
-239
-254
-228
-249
-255
-255
-255
-254
233
-255
-255
-255
-25
-245
-243
-250
0
-235
-140
-146
255
-244
-244
-243
-243
-243
-243
-52
-61
-52
37
-109
-245
-250
-182
192
149
-254
-255
-255
-255
-187
-248
-253
-248
-252
-202
-196
-65
-180
-204
-125
-209
-160
-170
-96
-248
-236
-243
-242
-249
-254
-254
236
-237
-247
-243
-230
-251
-252
-251
-244
231
-53
11
-55
85
-208
-217
-233
-163
-253
-229
-170
-57
-250
-251
-250
-250
-250
-250
-11
39
-11
-75
-146
-119
-143
-170
-243
-171
-255
-255
-255
-255
-253
-244
-252
-255
-255
-254
-248
-250
-252
-241
-233
-218
-6
-160
-209
-226
-238
-186
-188
-215
-16
-80
67
-239
-252
-250
-145
-250
-251
-251
-246
234
-238
-246
-254
-25
-82
-105
-234
32
-220
-89
-121
-128
-246
-247
-246
-247
-247
-246
-67
-113
-67
-52
-128
-209
-224
-182
-209
-99
-255
-254
-254
-255
-255
-250
-253
-255
-252
-254
-251
-253
-251
-253
-250
-244
-225
-235
-240
-251
-251
-247
-249
-240
-255
-254
235
-66
-255
-237
-251
-255
-255
-255
-252
233
-254
-255
-253
-25
-244
-248
-247
34
-252
-222
-205
49
-244
-247
-247
-249
-251
-252
-61
-62
-61
-18
-45
-238
-244
-85
-235
-102
-254
-254
-255
-255
-253
-181
-216
-255
-255
-252
-254
-193
-223
-229
-229
-186
-138
-91
-60
-189
-210
-190
-196
-216
-13
52
-60
-227
-251
-245
-159
-251
-252
-252
-247
235
-238
-247
-252
-25
-68
-113
-219
0
-250
-178
-185
133
-211
-222
-209
-221
-212
-220
-97
-10
-97
28
-128
-238
-247
-146
-151
-148
-254
-249
-250
-254
-255
-254
-239
-206
-255
-250
-241
-231
-241
-241
-198
-213
-41
113
-7
-103
-154
-220
-226
-233
-255
-254
235
-223
-255
-246
-248
-254
-255
-255
-253
233
-252
-254
-254
-25
-246
-244
-249
36
-254
-242
-198
-26
-253
-253
-253
-253
-253
-253
-4
-38
-4
-29
-73
-236
-244
-97
-216
-96
-252
-254
-255
-255
-254
-241
-253
-255
-236
-255
-254
-249
-253
-253
-252
-247
-135
-215
-234
-230
-224
-251
-251
-253
-255
-255
235
-251
-254
-252
-249
-255
-255
-255
-255
233
-254
-254
-255
-29
-246
-244
-253
-35
-252
-243
-206
237
-213
-247
-213
-243
-219
-238
-55
-99
-55
62
-153
-244
-248
0
-246
-182
-252
-253
-254
-255
-252
-228
-251
-255
-244
-254
-248
-245
-249
-244
-237
-211
-197
-180
-211
-231
-221
-248
-248
-252
-255
-254
235
-249
-254
-250
-244
-255
-255
-255
-254
233
-254
-254
-254
-32
-238
-238
-250
25
-207
-39
-216
-130
-245
-246
-244
-245
-245
-244
-61
-50
-61
90
-255
-217
-220
-134
-220
-142
-254
-243
-251
-252
-250
-220
-185
-197
-246
-246
-234
-247
-250
-249
-248
-245
-241
-241
-233
-230
-221
-252
-253
-156
-255
-255
236
-255
-251
-255
-178
-254
-255
-255
-255
237
-253
-255
-255
-24
-238
-252
-255
0
-252
-211
-171
90
-252
-253
-252
-252
-252
-252
-94
-106
-94
-33
-150
-232
-242
-24
-227
-198
-241
-254
-254
-255
-255
-255
-254
-254
-255
-222
-226
-254
-254
-253
-250
-244
-231
-237
-230
-217
-245
-248
-250
-253
-255
-254
235
-249
-254
-247
-250
-255
-255
-255
-254
233
-254
-255
-254
-25
-250
-243
-246
-8
-250
-228
-226
122
-230
-228
-230
-227
-232
-227
-38
36
-38
76
-109
-243
-249
-97
-142
-141
-240
-215
-238
-252
-254
-254
-251
-253
-255
-212
-243
-252
-253
-241
-105
166
-245
-252
-253
-193
-254
-252
-252
-251
-255
-255
236
-247
-254
-252
-252
-255
-255
-255
-254
233
-254
-255
-255
-24
-252
-251
-252
-149
-251
-194
-205
-50
-250
-250
-249
-250
-250
-249
-73
-69
-73
-29
-109
-211
-237
-158
-219
-64
-255
-255
-255
-255
-255
-246
-250
-255
-253
-254
-254
-250
-253
-252
-254
-253
-245
-235
-241
-254
-253
-251
-251
-253
-255
-255
235
-253
-255
-253
-246
-255
-255
-255
-254
233
-252
-253
-255
-25
-227
-242
-250
-81
-243
-132
-207
152
-244
-245
-244
-244
-244
-244
-57
-65
-57
113
-206
-246
-249
0
-249
-183
-241
-242
-247
-254
-254
-249
-241
-254
-254
-253
-251
-235
-247
-246
-244
-241
-221
-230
-221
-231
-237
-254
-254
-253
-255
-255
236
-247
-248
-252
-247
-255
-255
-255
-254
233
-253
-253
-254
-24
-229
-250
-251
56
-250
-140
-172
-63
-244
-244
-238
-244
-242
-242
-76
83
-76
-29
-55
-241
-248
-61
-232
-112
-247
-229
-244
-254
-254
-239
-219
-255
-255
-254
-251
-236
-228
-237
-236
-235
-208
-224
-233
-227
-193
-250
-251
-255
-255
-252
234
-207
-253
-233
-250
-254
-255
-255
-253
233
-254
-254
-254
-26
-250
-249
-231
-48
-252
-173
-211
205
-249
-247
-249
-247
-249
-247
-58
-85
-58
-22
-70
-208
-237
12
-243
-209
-166
-221
-238
-253
-254
-254
-254
-132
-255
-254
-252
-243
-254
-254
-255
-255
-250
-246
-242
-239
-246
-231
-235
-244
-255
-255
236
-247
-254
-250
-204
-254
-254
-254
-253
234
-252
-251
-254
-25
-101
-99
-246
-68
-255
-251
-198
147
-244
-245
-244
-245
-245
-244
-46
-19
-46
-112
0
-229
-235
-36
-250
-188
-221
-245
-253
-255
-255
-183
-64
-254
-254
-252
-248
-160
-210
-234
-222
-233
-226
-149
-125
-177
-212
-254
-254
-254
-255
-255
236
-254
-255
-254
-251
-255
-255
-255
-254
233
-255
-254
-255
-24
-242
-242
-254
0
-252
-202
-178
221
-241
-245
-245
-243
-242
-243
-59
-38
-59
-113
-78
-215
-230
49
-230
-199
-255
-254
-254
-254
-255
-255
-252
-251
-254
-197
-220
-253
-251
-248
-240
-121
-171
-156
-199
255
-89
-245
-247
-246
-255
-254
236
-250
-255
-252
-250
-255
-255
-255
-253
233
-253
-255
-255
-25
-249
-248
-250
-6
-197
-115
-161
-74
-233
-235
-233
-233
-233
-233
-63
-29
-63
-96
0
-250
-253
-73
-215
-91
-246
-209
-224
-248
-252
-243
-248
-249
-253
-255
-254
-247
-253
-252
-253
-251
-231
-242
-238
-253
-250
-250
-249
-252
-251
-245
227
-122
-243
-231
-248
-254
-255
-255
-252
233
-254
-254
-252
-25
-241
-245
-243
51
-231
-129
-217
155
-246
-247
-245
-244
-245
-246
-49
-64
-49
30
-64
-160
-223
-12
-240
-192
-194
-198
-240
-254
-254
-254
-252
-205
-254
-254
-253
-224
-247
-252
-254
-254
-251
-247
-236
-170
-242
-240
-242
-248
-255
-254
236
-247
-255
-248
-223
-255
-254
-254
-253
234
-253
-253
-254
-24
-168
-153
-249
-61
-225
-221
-173
231
-225
-239
-247
-253
-254
-252
-47
-51
-47
37
-128
-229
-237
-146
-125
-152
-239
-245
-243
-253
-255
-252
-244
-253
-255
-181
-14
-253
-254
-251
-235
-123
-123
-172
-208
-15
48
-228
-228
-243
-254
-253
235
-220
-254
-230
-240
-254
-254
-254
-253
233
-253
-254
-254
-25
-231
-228
-244
0
-198
22
-194
-68
-249
-249
-249
-249
-249
-249
-61
-93
-61
28
-255
-131
-120
-231
-225
-99
-201
-195
-237
-245
-237
-114
-195
-224
-251
-224
-237
-234
-242
-203
-202
-215
-242
-235
-86
-195
-194
-252
-250
-252
-255
-254
235
-249
-254
-252
-243
-250
-251
-251
-252
229
-249
-252
-254
-24
-209
-245
-250
0
-255
-238
-209
82
-252
-252
-252
-252
-252
-252
-65
-93
-65
32
-93
-241
-247
-36
-240
-107
-250
-252
-254
-255
-255
-211
-241
-255
-243
-254
-254
-242
-238
-251
-253
-252
-194
-184
-200
-215
-208
-250
-251
-252
-255
-254
236
-248
-254
-249
-247
-255
-255
-255
-254
233
-254
-254
-254
-29
-242
-242
-251
-27
-219
34
-137
-130
-251
-251
-251
-251
-251
-251
-56
-108
-56
-173
-128
-223
-234
-134
-223
-106
-254
-252
-253
-254
-250
-239
-42
-243
-255
-247
-243
-132
-157
-207
-225
-240
-252
-250
-246
-248
-253
-252
-251
-251
-255
-255
236
-253
-252
-254
-248
-254
-254
-254
-254
233
-249
-250
-253
-24
-219
-247
-253
0
-243
-219
-200
220
-244
-243
-239
-243
-244
-242
-57
-78
-57
-37
-102
-235
-246
134
-236
-205
-246
-248
-250
-254
-255
-254
-252
-212
-255
-246
-198
-255
-255
-255
-255
-251
-147
38
-43
-206
-191
-230
-232
-251
-255
-253
234
-243
-254
-228
-246
-254
-255
-254
-254
233
-254
-254
-255
-25
-227
-231
-248
0
-255
-251
-209
-135
-252
-253
-252
-252
-252
-252
45
-109
45
11
-98
-236
-241
-121
-222
-111
-244
-221
-212
-244
-248
-194
-130
-248
-255
-251
-249
-218
-245
-243
-234
-242
-207
-230
-215
-214
-204
-255
-255
-255
-255
-255
236
-255
-255
-255
-253
-255
-255
-255
-255
233
-255
-255
-255
-24
-251
-249
-255
0
-204
-50
-126
-73
-237
-239
-237
-238
-237
-237
-74
-80
-74
-166
-255
-221
-233
-97
-86
-136
-255
-255
-255
-255
-255
-254
-250
-249
-255
-234
-239
-253
-253
-252
-174
-107
-200
-223
-212
-186
-219
-252
-253
-249
-255
-254
236
-239
-255
-242
-253
-255
-255
-255
-253
233
-255
-255
-254
-25
-254
-253
-247
-8
-245
-248
-203
244
-219
-248
-219
-245
-224
-241
-62
39
-62
62
-144
-235
-248
146
-234
-202
-254
-254
-254
-255
-255
-252
-237
-206
-255
-225
-180
-239
-248
-246
-236
-229
-216
-178
-201
-223
-229
-225
-228
-245
-254
-254
236
-229
147
31
-222
-252
-253
-253
-251
233
-245
-249
-254
-24
-204
-220
-243
-102
-234
-164
-190
-85
-214
-219
-214
-216
-217
-215
-162
23
-162
43
-150
-245
-247
-85
-81
-146
-234
-242
-248
-253
-254
-254
-243
-253
-255
-248
-236
-253
-250
-252
-247
-248
-241
-246
-245
-247
-250
-243
-245
-243
-255
-255
236
-244
-253
-240
-252
-254
-255
-255
-254
233
-254
-255
-253
-24
-245
-240
-245
0
-249
-180
-215
82
-249
-250
-249
-249
-249
-249
-105
-123
-105
32
-128
-234
-246
36
-231
-202
-249
-207
-240
-253
-254
-254
-253
-251
-255
-251
-235
-255
-255
-255
-255
-251
-174
-106
-73
-168
-125
-249
-250
-251
-255
-255
236
-251
-249
-253
-250
-243
-253
-252
-252
231
-255
-255
-254
-24
-241
-245
-252
-60
-207
-173
-175
11
-217
-223
-216
-218
-217
-217
-54
-137
-54
-79
-64
-223
-235
-49
-23
-103
-252
-254
-255
-255
-255
-254
-203
-254
-255
-252
-241
-214
-224
-159
-221
-247
-231
-238
-245
-223
-242
-24
-21
255
-232
-227
214
-176
-98
-57
80
27
-170
-122
60
163
-178
-227
-248
-22
116
255
-53
-101
-253
-210
-216
-146
-251
-252
-251
-252
-252
-251
-25
-94
-25
69
-112
-225
-231
-146
-207
-97
-215
255
201
-189
-236
-237
-233
-251
-254
-253
-251
-251
-249
-244
-235
-233
-211
-196
-231
-216
-230
-244
-246
-254
-255
-255
248
-179
-255
-253
-235
-255
-255
-255
-252
233
-254
-254
-197
7
-242
-247
-247
-105
-253
-121
-180
215
-249
-250
-250
-249
-249
-250
-56
-123
-56
-168
0
-80
43
-206
-227
-222
-234
-251
-253
-254
-254
-252
-217
-253
-254
-235
-225
-235
-215
-219
-224
-198
-180
-164
-216
-188
-199
-235
-236
-243
-254
-254
236
-237
-250
-232
-216
-223
-207
-207
-208
188
-251
-252
-254
-24
-214
-243
-246
0
-171
-107
-216
161
-245
-247
-245
-244
-245
-246
-66
-61
-66
-89
-55
-240
-245
-24
-247
-123
-254
-254
-255
-255
-254
-240
-251
-254
-253
-255
-253
-242
-252
-251
-252
-241
-207
-211
-212
-249
-251
-248
-250
-253
-255
-254
235
-185
-255
-245
-251
-254
-254
-254
-252
233
-253
-254
-254
-25
-235
-248
-247
-8
-214
-220
-112
152
-231
-236
-230
-232
-234
-231
-58
-101
-58
-136
-128
-238
-245
49
-226
-204
-255
-255
-255
-255
-255
-255
-250
-255
-255
-236
-228
-250
-245
-229
-115
-104
-144
-183
-247
-122
-206
-250
-251
-250
-255
-255
236
-253
-255
-254
-251
-255
-255
-255
-253
233
-254
-255
-255
-25
-251
-249
-252
-8
-235
-172
-201
145
-225
-231
-225
-227
-229
-225
-52
72
-52
-136
0
-220
-231
-61
-255
-249
-250
-253
-254
-255
-255
-208
-236
-254
-255
-255
-254
-243
-248
-250
-254
-253
-238
-185
-148
-229
-223
-247
-249
-254
-255
-255
236
-254
-255
-251
-252
-255
-255
-255
-254
233
-251
-253
-255
-25
-245
-241
-254
43
-223
-250
-157
217
-233
-231
-224
-231
-234
-229
-55
-69
-55
-222
-255
-242
-248
24
-248
-186
-255
-255
-255
-255
-255
-238
-182
-255
-255
-254
-255
-226
-241
-245
-251
-252
-251
-246
-224
-249
-239
-248
-250
-253
-255
-255
236
-253
-255
-249
-251
-255
-255
-255
-253
233
-253
-254
-255
-25
-229
-233
-252
30
-244
-205
-108
-25
-245
-246
-245
-245
-245
-245
-58
-93
-58
-255
-255
-249
-252
-49
-222
-115
-255
-255
-255
-255
-255
-242
-251
-255
-254
-255
-255
-244
-253
-254
-254
-254
-221
-216
-221
-233
-243
-248
-248
-252
-255
-255
236
-248
-253
-247
-241
-254
-254
-254
-253
233
-87
-119
-198
7
-233
-236
-247
54
-251
-243
-173
-25
-242
-243
-242
-242
-242
-241
-59
-80
-59
100
-151
-244
-249
-85
-53
-122
-248
-242
-244
-254
-255
-247
-200
-254
-255
-238
-235
-243
-241
-251
-243
-239
-246
-249
-248
-233
-245
-250
-251
-254
-255
-255
236
-231
-255
-245
-253
-255
-255
-255
-252
233
-255
-255
-254
-24
-253
-249
-250
-51
-246
-176
-206
-53
-227
-230
-227
-229
-229
-228
-54
89
-54
-29
-91
-181
-208
-134
-236
-213
-222
-221
-242
-253
-255
-254
-253
-136
-255
-254
-254
-244
-251
-251
-252
-255
-255
-254
-255
-232
-213
-242
-245
-248
-255
-255
236
-251
-255
-252
-232
-255
-254
-254
-254
233
-253
-253
-255
-25
-181
-177
-250
0
-248
-76
-145
-129
-249
-249
-248
-249
-249
-249
81
-98
81
-32
-139
-247
-250
-49
-117
-127
-246
-252
-252
-255
-254
-251
-243
-245
-254
-240
-236
-252
-253
-248
-224
-226
-204
-219
-225
-216
-210
-200
-195
-179
-251
-250
233
-232
-241
-238
-146
22
-55
-19
199
42
-230
-245
-253
-24
-114
-219
-240
-10
-251
-235
-227
-163
-202
-208
-203
-206
-206
-205
-108
117
-108
-12
-149
-223
-241
-182
-224
-127
160
116
-128
-235
-250
-238
62
-245
-253
-231
-245
-130
-138
-44
-132
-201
-227
-233
-234
-188
-237
-245
-247
-249
-255
-255
236
-246
-254
-253
-248
-254
-255
-255
-254
233
-253
-254
-255
-24
-247
-246
-251
1
-225
-179
-216
-137
-241
-242
-240
-241
-241
-240
-68
-6
-68
52
-102
-247
-249
-61
-222
-115
-244
-235
-254
-252
-254
-240
-227
-248
-255
-253
-251
-249
-245
-252
-253
-251
-238
-215
-221
-245
-236
-247
-249
-194
-255
-254
236
-241
-254
-250
-251
-255
-255
-255
-254
233
-253
-254
-255
-24
-249
-247
-251
-11
-254
-249
-243
247
-205
-204
-187
-198
-194
-191
-86
134
-86
16
-78
-246
-252
-49
-216
-110
-255
-255
-255
-255
-255
-221
-219
-255
-254
-255
-254
-248
-247
-233
-249
-252
-236
-173
-163
-222
-243
-250
-251
-253
-255
-255
235
-253
-255
-251
-252
-255
-255
-255
-252
233
-254
-255
-255
-25
-248
-246
-252
44
-253
-166
-179
-87
-251
-252
-251
-252
-252
-252
-90
-74
-90
-62
-46
-247
-249
-97
-215
-117
-244
-251
-254
-255
-254
-251
-249
-255
-253
-255
-253
-246
-251
-252
-251
-249
-248
-248
-249
-255
-254
-250
-250
-251
-255
-255
235
-253
-255
-254
-247
-255
-255
-255
-254
233
-253
-254
-255
-25
-235
-244
-251
-77
-183
-202
-170
-132
-236
-237
-235
-235
-235
-235
-50
21
-50
-73
-198
-225
-233
-170
-220
-111
-254
-254
-253
-252
-250
-172
-157
-247
-253
-247
-247
-147
-210
-240
-248
-251
-251
-243
-185
-239
-223
-253
-252
-252
-255
-255
236
-253
-251
-254
-248
-253
-255
-255
-255
233
-252
-253
-255
-24
-229
-247
-254
0
-252
-226
-148
94
-238
-240
-239
-239
-238
-238
-35
8
-35
-111
-93
-223
-232
-134
-243
-106
-246
-250
-252
-255
-254
-187
-221
-251
-252
-252
-253
-226
-250
-250
-252
-238
-160
-160
-96
-204
-208
-232
-236
-248
-254
-254
235
-249
-252
-253
-236
-253
-255
-255
-255
234
-245
-253
-255
-25
-231
-235
-248
114
-252
-216
-190
56
-249
-250
-249
-249
-249
-249
-58
-186
-58
-157
-73
-239
-244
-73
-234
-94
-236
-224
-252
-254
-254
-244
-246
-254
-254
-254
-252
-244
-249
-249
-243
-247
-218
-243
-222
-240
-240
-252
-252
-250
-255
-255
236
-224
-254
-251
-220
-255
-255
-255
-254
235
-251
-252
-253
-24
-244
-249
-250
65
-254
-221
-189
-129
-254
-254
-254
-254
-254
-254
-255
-101
-255
-32
-46
-243
-249
-109
-220
-102
-253
-253
-253
-254
-255
-250
-244
-254
-255
-255
-255
-249
-251
-251
-252
-254
-251
-244
-242
-244
-247
-255
-255
-254
-255
-255
236
-253
-255
-254
-253
-255
-255
-255
-255
233
-255
-255
-255
-25
-253
-253
-254
-137
-228
-204
-127
222
-245
-243
-240
-243
-245
-242
-54
-103
-54
-91
-136
-240
-246
61
-225
-199
-254
-255
-255
-255
-255
-254
-223
-254
-255
-245
-244
-241
-223
-212
-231
-231
-228
-229
-232
-208
-233
-232
-236
-216
-221
-252
242
-47
-252
-217
-168
-253
-254
-254
-189
235
-178
-233
-219
-191
-149
-166
255
-10
-255
-244
-210
-142
-245
-246
-245
-246
-246
-245
-64
-140
-64
-9
-149
-206
-219
-170
-223
-132
-243
-251
-253
-255
-255
-249
-184
-252
-255
-254
-254
-217
-240
-241
-248
-247
-235
-243
-203
-220
-175
-253
-251
-255
-255
-255
235
-252
-255
-252
-249
-255
-255
-255
-253
233
-255
-254
-255
-25
-239
-239
-254
-68
-227
-164
-196
202
-194
-211
-217
-222
-226
-223
149
158
149
-5
-106
-203
-235
-134
-134
-135
-251
-251
-253
-254
-255
-254
-249
-87
-255
-252
-250
-216
-244
-252
-244
-227
-230
-181
-54
-144
-240
-214
-220
-219
-253
-251
234
-204
-254
-222
-246
-253
-254
-254
-249
233
-247
-254
-254
-25
-242
-241
-240
48
-252
-223
-195
70
-207
-213
-210
-209
-208
-208
-59
-38
-59
-7
-40
-193
-209
-170
-240
-115
-254
-253
-254
-255
-254
-149
-230
-255
-255
-253
-251
-209
-249
-246
-250
-252
-78
131
18
-91
-195
-248
-249
-252
-239
-240
221
-251
-254
-250
-234
-255
-255
-255
-253
233
-254
-254
-255
-25
-220
-228
-251
35
-236
-214
-212
115
-163
-149
-164
-144
-174
-144
-33
115
-33
-19
-77
-237
-242
-170
75
-6
-246
-243
-252
-254
-254
-180
-201
-244
-250
-250
-254
-229
-248
-247
-249
-248
-132
-50
-112
-142
-184
-221
-230
-242
-254
-254
236
-251
-251
-252
-239
-252
-254
-255
-254
233
-245
-253
-255
-25
-228
-231
-246
81
-231
-78
-202
-59
-241
-242
-241
-241
-241
-241
-43
34
-43
2
-144
-241
-242
121
-232
-186
-233
-233
-246
-251
-252
-242
-232
-242
-253
-247
-250
-240
-251
-251
-248
-247
-249
-250
-252
-242
-234
-250
-251
-241
-255
-255
235
-252
-254
-253
-252
-255
-255
-255
-254
233
-254
-255
-252
-23
-251
-251
-252
0
-186
-166
-7
152
-231
-236
-231
-232
-235
-231
-55
-122
-55
-112
-21
-229
-238
-85
-222
-197
-254
-255
-255
-255
-255
-254
-211
-255
-255
-250
-246
-205
-189
-211
-175
-227
-237
-254
-252
-242
-231
-246
-246
-197
-255
-255
236
-249
-250
-253
-230
-214
-228
-227
-199
208
-246
-253
-255
-25
-242
-246
-251
-11
-255
-243
-154
246
-254
-254
-253
-253
-254
-253
-81
-122
-81
-86
-112
-234
-241
-73
-249
-190
-203
-213
-222
-253
-254
-131
143
-252
-252
-228
-213
-19
25
-103
-185
-225
-186
-183
-123
-121
-177
-245
-247
-233
-255
-255
236
-238
-254
-249
-246
-254
-255
-255
-253
233
-251
-253
-254
-24
-242
-242
-249
-43
-254
-244
-203
133
-251
-251
-250
-251
-251
-251
-56
-196
-56
-16
-153
-227
-235
-36
-249
-190
-211
-123
-191
-250
-253
-192
198
-249
-251
-210
-189
169
-87
-90
-127
-193
-182
-154
-162
-166
-152
-247
-248
-246
-255
-255
236
-243
-254
-251
-247
-254
-255
-255
-253
233
-251
-254
-254
-24
-244
-244
-251
-30
-254
-194
-209
113
-253
-253
-252
-253
-252
-253
-59
-45
-59
32
-149
-213
-237
-61
-240
-208
-178
-101
-213
-251
-245
-226
-126
-134
-253
-252
-253
-243
-248
-255
-255
-255
-248
-246
-244
-200
-232
-236
-240
-247
-255
-255
235
-252
-255
-252
-235
-255
-254
-254
-254
233
-254
-252
-255
-25
-118
-135
-251
94
-188
-11
-202
93
-235
-237
-235
-236
-235
-235
-58
21
-58
19
-121
-175
-200
-146
-253
-78
-249
-253
-253
-254
-252
-251
-251
-252
-254
-248
-253
-237
-238
-243
-251
-255
-251
-253
-253
-248
-248
-254
-254
-254
-255
-255
235
-253
-250
-254
-254
-255
-255
-255
-255
233
-255
-255
-255
-24
-249
-253
-253
94
-253
-234
-177
-130
-254
-254
-254
-254
-254
-254
-14
-72
-14
52
-255
-226
-235
-146
-212
-111
-255
-255
-255
-255
-254
-214
-245
-254
-255
-251
-252
-243
-248
-251
-248
-223
-108
-138
-119
-205
-243
-252
-253
-254
-252
-252
233
-248
-254
-252
-253
-255
-255
-255
-254
233
-255
-255
-255
-25
-236
-236
-254
73
-227
-161
-197
161
-243
-244
-243
-243
-244
-243
-80
-62
-80
52
-98
-227
-235
-158
106
134
-255
-255
-255
-254
-200
-238
-240
-252
-253
-239
-156
-221
-124
-175
-165
-234
-215
-193
-192
-244
-210
-237
-238
-247
-254
-254
237
-249
-254
-251
-225
-220
-157
-157
-175
138
-252
-251
-254
-24
-194
-229
-251
-70
-251
-249
-223
-124
-227
-230
-226
-229
-229
-228
-79
108
-79
39
-119
-243
-251
12
-130
-140
-254
-252
-254
-255
-255
-255
-255
-225
-239
-255
-254
-230
-244
-219
-201
-229
-251
-252
-254
-234
-217
-210
-218
-194
-255
-255
236
-246
-251
-250
-223
-253
-254
-254
-254
234
-240
-252
-255
-25
-238
-247
-253
0
-250
-204
-198
-40
-238
-240
-236
-238
-238
-238
-61
-149
-61
68
-151
-246
-249
-12
-230
-73
-251
-253
-254
-255
-254
-200
-192
-254
-255
-253
-253
-208
-228
-219
-217
-229
4
-114
-119
-154
-230
-135
-133
-173
196
121
-126
-220
-252
-241
-50
-250
-251
-250
-243
238
-221
-237
-252
-25
81
26
-212
67
-226
36
-167
-164
-250
-249
-244
-247
-250
-250
-67
128
-67
-20
-21
-225
-231
-121
-224
-107
-254
-254
-254
-254
-255
-220
-96
-253
-253
-229
-228
-156
-218
-216
-237
-240
-248
-251
-249
-213
-237
-254
-252
-254
-255
-255
236
-252
-254
-253
-247
-255
-255
-255
-255
233
-255
-254
-255
-25
-235
-249
-253
82
-253
-35
-78
-25
-243
-244
-243
-244
-244
-244
-53
-124
-53
35
-255
-113
-112
-158
-230
-93
-254
-252
-238
-252
-252
-245
-210
-236
-252
-253
-249
-229
-246
-247
-251
-246
-251
-251
-242
-245
-223
-233
-233
-211
-255
-254
236
-249
-249
-252
-215
-207
-205
-206
-190
186
-250
-252
-254
-24
-194
127
-204
58
-250
-233
-224
158
-248
-249
-248
-248
-248
-248
-72
-14
-72
6
-116
-245
-251
-36
-250
-123
-227
-121
-175
-235
-243
-209
-199
-253
-251
-252
-248
-232
-243
-248
-250
-244
-245
-222
-236
-247
-253
-244
-245
-254
-255
-255
236
-229
-255
-246
-253
-255
-255
-255
-249
233
-254
-255
-254
-25
-251
-249
-246
51
-250
-232
-215
-1
-226
-229
-225
-227
-227
-226
-35
-146
-35
-108
-77
-235
-246
36
-237
-216
-232
-185
-207
-248
-248
-243
-237
-221
-254
-253
-252
-247
-253
-254
-254
-254
-250
-244
-238
-193
-249
-230
-236
-252
-255
-252
234
-242
-255
-240
-250
-254
-255
-255
-252
233
-251
-254
-254
-25
-247
-244
-248
39
-247
-176
-170
26
-244
-245
-244
-244
-245
-244
-54
-108
-54
-94
-255
-229
-236
-73
-24
-130
-241
-254
-254
-255
-255
-254
-217
-254
-255
-249
-246
-228
-234
-213
-237
-235
-232
-243
-243
-218
-243
-240
-244
-239
-240
-254
235
-242
-254
-242
-241
-254
-255
-255
-222
233
-242
-247
-250
-70
-241
-236
-242
107
-255
-227
-216
-84
-255
-255
-255
-255
-255
-255
-84
-10
-84
-41
-82
-234
-241
36
-242
-166
-250
-181
-212
-251
-246
-245
-245
-253
-251
-253
-246
-251
-249
-249
-248
-243
-244
-244
-244
-252
-255
-249
-249
-255
-255
-255
236
-231
-255
-248
-254
-255
-255
-255
-250
233
-255
-255
-255
-25
-253
-253
-249
-3
-202
-87
-200
-92
-226
-228
-225
-227
-227
-226
-90
-61
-90
-132
0
-247
-250
0
-85
-122
-222
-238
-245
-253
-252
-251
-246
-246
-255
-228
-229
-251
-251
-249
-244
-111
-80
-84
-214
-144
-136
-246
-249
-248
-254
-252
238
-192
-254
-228
-253
-255
-255
-255
-250
233
-254
-255
-254
-25
-253
-252
-240
0
-241
-99
-182
-79
-245
-246
-244
-245
-245
-245
-74
57
-74
-42
-106
-226
-235
-146
-196
-75
-255
-255
-255
-255
-214
-244
-252
-254
-253
-227
-202
-177
-174
-213
-215
-208
-211
-212
-171
-247
-247
-231
-229
-245
-254
-253
235
-229
-249
-242
-215
-249
-249
-250
-243
229
255
238
95
167
-203
-200
-223
-118
-250
-210
-165
-59
-249
-249
-249
-249
-249
-249
-62
-72
-62
-135
-36
-192
-206
-61
-244
-175
-235
-227
-230
-254
-254
-204
-244
-253
-253
-254
-254
-250
-252
-253
-253
-248
-186
-107
-156
-151
-199
-249
-250
-254
-255
-254
242
-216
-255
-252
-240
-255
-255
-255
-254
233
-254
-254
-218
-4
-242
-245
-249
42
-242
-239
-215
228
-231
-243
-249
-254
-255
-253
-90
1
-90
79
-191
-236
-243
-97
-117
-137
-255
-255
-255
-255
-255
-255
-196
-255
-255
-240
-248
-248
-172
-109
-76
-184
-232
-229
-248
-114
-215
-248
-249
-248
-255
-254
237
-243
-254
-251
-251
-255
-255
-255
-251
233
-254
-255
-254
-25
-251
-250
-249
-1
-227
54
-207
-31
-226
-229
-226
-229
-228
-228
-60
109
-60
132
-255
-36
-71
-219
-233
-116
-227
-224
-244
-251
-253
-187
-72
-184
-237
255
57
-128
-166
-219
-232
-240
-235
-220
-235
-227
-155
-253
-251
-252
-255
-255
236
-250
-254
-252
-244
-254
-255
-254
-254
233
-253
-253
-254
-24
-125
-245
-251
108
-216
-216
-104
25
-236
-238
-235
-237
-236
-236
-58
-51
-58
-123
-255
-186
-211
-121
-29
-122
-255
-255
-255
-255
-255
-255
-252
-254
-255
-215
-240
-251
-247
-244
-208
-27
-193
-241
-234
-132
-177
-250
-251
-244
-255
-254
235
-246
-255
-245
-252
-255
-255
-255
-253
233
-254
-255
-255
-25
-253
-252
-250
102
-250
-100
-158
155
-248
-247
-247
-248
-247
-248
-51
-84
-51
-52
-135
-188
-201
-146
-222
-53
-244
-252
-252
-255
-193
-248
-249
-252
-254
-222
-165
-144
-129
-144
-156
-214
-217
-205
-140
-244
-221
-248
-247
-247
-255
-254
237
-245
-251
-249
-236
-239
-241
-242
-242
220
-203
-212
-226
-9
-218
-222
-249
-122
-248
-110
-168
160
-249
-250
-249
-250
-250
-249
-62
-40
-62
-124
-70
-235
-240
49
-225
-194
-184
-252
-254
-255
-254
-254
-207
-252
-255
-246
-237
-249
-231
-184
-201
-227
-193
-229
-219
-205
-230
-237
-236
-217
-253
-254
236
-240
-247
-247
-221
-249
-250
-250
-245
229
-248
-252
-254
-25
-241
-240
-246
22
-243
-228
-183
-70
-237
-238
-236
-237
-238
-237
-67
33
-67
26
-96
-235
-241
-85
-77
-136
-222
33
-173
-242
-248
-244
-218
-252
-255
-253
-253
-214
-240
-243
-245
-241
-245
-235
-213
-233
-249
-251
-251
-254
-255
-255
235
-247
-255
-253
-252
-255
-255
-255
-254
233
-255
-255
-255
-25
-242
-246
-254
46
-239
-186
-209
12
-222
-227
-222
-224
-223
-223
-64
-2
-64
9
-184
-168
-227
-109
-231
-200
-253
-253
-253
-255
-255
-246
-245
-195
-255
-254
-242
-238
-241
-244
-247
-230
-45
34
175
-148
-198
-219
-226
-202
-254
-252
234
-100
-254
-237
-246
-254
-255
-255
-253
233
-247
-252
-254
-25
-244
-243
-243
60
-242
-164
-63
55
-243
-244
-243
-244
-244
-243
-58
22
-58
52
-128
-195
-208
-85
-230
-101
-254
-236
-220
-236
-250
-208
-186
-244
-251
-246
-225
-234
-250
-246
-243
-243
-187
-170
-216
-233
-228
-244
-246
-248
-254
-254
237
36
-254
-241
-248
-254
-255
-254
-254
233
-253
-254
-254
-24
-232
-245
-247
100
-215
-194
-207
-145
-213
-217
-212
-212
-213
-211
65
-179
65
-73
-85
-186
-190
-206
-217
-80
-177
-244
-243
-254
-253
-236
-234
-250
-253
-251
-246
-244
-250
-250
-251
-250
-230
-212
-238
-233
-243
-254
-254
-254
-255
-255
236
-251
-254
-252
-252
-255
-255
-255
-255
233
-230
-234
-244
-19
-251
-251
-252
101
-98
-196
-105
-69
-232
-234
-231
-233
-233
-232
-57
-25
-57
-150
-255
-213
-229
-158
-226
-129
-254
-254
-254
-255
-254
-227
-41
-250
-254
-243
-251
-86
-133
-239
-246
-235
-253
-254
-235
-230
-234
-253
-252
-253
-255
-255
236
-253
-254
-254
-248
-254
-255
-255
-255
233
-251
-251
-254
-24
-234
-249
-253
98
-254
-224
-171
-135
-240
-242
-240
-241
-241
-240
-16
-74
-16
-9
-106
-244
-248
-73
-223
-127
-252
-252
-254
-255
-255
-252
-247
-254
-255
-254
-254
-247
-253
-254
-254
-253
-252
-254
-251
-243
-245
-252
-253
-254
-255
-255
235
-249
-255
-253
-252
-255
-255
-255
-255
233
-255
-255
-255
-25
-250
-250
-254
-123
-253
-243
-217
-4
-220
-222
-219
-220
-222
-218
-8
33
-8
122
-132
-243
-249
-61
-233
-119
-246
-233
-248
-254
-255
-228
-241
-255
-246
-255
-254
-230
-245
-252
-254
-253
-200
-216
-204
-223
-209
-235
-236
-245
-255
-255
236
-246
-251
-250
-229
-254
-255
-255
-254
234
-251
-253
-254
-58
-216
-217
-245
63
-254
-186
-200
129
-214
-218
-215
-221
-218
-213
-63
-18
-63
6
-116
-224
-234
-134
-248
-183
-233
-251
-252
-255
-255
-252
-216
-254
-255
-252
-249
-242
-243
-246
-237
-250
-241
-247
-253
-254
-253
-251
-252
-254
-255
-255
236
-248
-255
-248
-253
-255
-255
-255
-254
233
-255
-255
-254
-25
-246
-243
-248
80
-187
29
-218
133
-192
-205
-189
-203
-195
-200
-65
9
-65
-90
-73
-224
-237
-158
-222
-125
-237
-228
-228
-240
-247
-245
118
-254
-249
-194
-236
-210
-108
-66
-173
-207
-248
-252
-251
-244
-246
-250
-247
-244
-255
-254
236
-247
-252
-251
-230
-252
-254
-254
-253
232
-235
-244
-252
-23
53
-233
-246
77
-254
-223
-161
243
-253
-251
-253
-251
-253
-251
-25
-163
-25
-117
-20
-225
-237
-24
-248
-188
-253
-254
-254
-255
-255
-247
-233
-255
-255
-255
-255
-236
-246
-251
-254
-254
-254
-250
-242
-251
-242
-253
-253
-254
-255
-255
236
-250
-255
-253
-250
-255
-255
-255
-254
233
-254
-254
-255
-25
-245
-248
-252
-126
-254
-243
-207
136
-243
-244
-243
-244
-244
-243
-42
-50
-42
-65
-80
-239
-245
-49
-249
-134
-247
-248
-253
-254
-254
-230
-250
-254
-236
-254
-253
-242
-253
-252
-251
-251
-173
-169
-195
-223
-233
-240
-241
-245
-255
-254
236
-245
-251
-250
-232
-255
-255
-255
-254
234
-252
-253
-254
-54
-219
-222
-247
73
-255
-219
-203
121
-244
-245
-244
-245
-244
-244
-59
-132
-59
-77
-85
-202
-211
-109
-248
-152
-255
-255
-255
-255
-253
-200
-238
-254
-255
-254
-249
-239
-241
-234
-234
-177
32
-12
-143
-148
-202
-159
-165
-202
15
20
-29
-230
-252
-245
-104
-252
-251
-251
-247
236
-233
-242
-253
-25
13
-33
-222
86
-253
-246
-225
95
-248
-248
-247
-248
-248
-248
-57
-62
-57
72
-204
-237
-246
49
-238
-211
-252
-248
-253
-254
-255
-254
-254
-162
-255
-255
-251
-219
-242
-253
-255
-255
-254
-250
-249
-219
-249
-238
-242
-241
-255
-254
236
-236
-228
-234
-249
-253
-255
-255
-253
233
-254
-255
-255
-25
-249
-248
-245
51
-242
-204
-198
234
-233
-242
-247
-251
-252
-250
-23
-71
-23
-5
-64
-67
-190
-158
-133
-135
-197
89
-116
-245
-243
-246
-193
-75
-252
-254
-253
-249
-253
-255
-253
-254
-244
-245
-240
-245
-247
-239
-241
-246
-255
-254
236
-234
-255
-244
-238
-255
-254
-254
-253
233
-254
-253
-254
-24
-173
-164
-246
58
-253
-244
-216
145
-241
-244
-239
-241
-242
-240
-67
-145
-67
-16
-128
-217
-226
-49
-250
-181
-248
-235
-238
-254
-253
-193
-176
-250
-254
-254
-253
-196
-219
-246
-247
-247
-175
-123
-110
-60
-172
-252
-249
-254
-255
-254
235
-248
-255
-247
-247
-255
-255
-255
-248
233
-255
-254
-255
-25
-231
-227
-251
79
-249
-220
-205
-125
-233
-235
-232
-233
-233
-232
-87
25
-87
-59
-128
-235
-244
-73
-106
-131
-246
-213
-244
-255
-255
-254
-230
-255
-255
-244
-252
-253
-251
-201
-116
-193
-250
-254
-254
-235
-255
-253
-252
-253
-255
-255
236
-232
-254
-252
-252
-255
-255
-255
-255
233
-245
-250
-254
-27
-252
-251
-253
-6
-253
-231
-191
87
-246
-247
-246
-247
-247
-247
-64
-111
-64
-46
-96
-215
-237
-61
-254
-58
-253
-246
-252
-255
-253
-252
-238
-255
-255
-255
-255
-247
-243
-249
-251
-251
-252
-248
-252
-238
-250
-252
-253
-254
-255
-255
236
-250
-255
-251
-251
-255
-255
-255
-254
233
-254
-255
-255
-25
-248
-249
-252
-124
-207
-141
-206
243
-230
-235
-237
-240
-241
-239
-63
-24
-63
-151
102
-239
-245
-134
-120
-133
-253
-252
-254
-255
-254
-252
-224
-254
-255
-224
-237
-253
-252
-199
-157
-181
-207
-233
-243
-54
-209
255
255
-43
-254
-254
240
-231
-236
-247
-146
-179
-187
-195
-144
172
-235
-247
-253
-25
-205
-186
-240
18
-252
-230
-193
209
-247
-245
-241
-246
-246
-245
-62
-40
-62
-37
-51
-238
-246
49
-248
-196
-249
-247
-246
-254
-254
-248
-238
-252
-255
-255
-254
-242
-247
-250
-251
-251
-252
-248
-237
-246
-244
-254
-254
-254
-255
-255
236
-252
-255
-252
-246
-255
-255
-255
-254
233
-254
-254
-255
-25
-244
-245
-252
-123
-254
-228
-184
57
-253
-253
-253
-253
-253
-253
-72
-141
-72
-46
-85
-158
-191
-158
-243
-99
-252
-253
-251
-255
-255
-250
-236
-254
-255
-255
-254
-235
-252
-254
-254
-253
-250
-253
-251
-252
-247
-252
-253
-255
-255
-255
236
-253
-255
-254
-249
-255
-255
-255
-254
233
-254
-254
-255
-25
-241
-245
-254
-130
-251
-229
-212
153
-245
-245
-244
-245
-245
-245
-61
-45
-61
115
-132
-235
-244
24
-225
-199
-247
-235
-248
-255
-255
-255
-251
-255
-255
-232
-253
-254
-253
-249
-144
234
-248
-254
-254
-245
-255
-253
-253
-252
-255
-254
235
-246
-254
-241
-252
-255
-255
-255
-254
233
-253
-254
-255
-24
-252
-251
-252
-100
-251
-232
-189
9
-228
-231
-227
-229
-229
-228
-44
-119
-44
38
-191
-236
-241
-109
-239
-111
-251
-237
-243
-254
-254
-224
-183
-255
-254
-250
-247
-241
-232
-240
-249
-252
-242
-247
-230
-246
-242
-251
-251
-254
-255
-254
236
-230
-255
-242
-254
-255
-255
-255
-252
233
-255
-255
-255
-25
-253
-250
-248
0
-255
-225
-190
-57
-254
-254
-254
-254
-254
-254
-59
-114
-59
-101
-57
-230
-236
109
-244
-186
-252
-253
-254
-255
-255
-253
-241
-255
-255
-255
-255
-248
-250
-250
-251
-252
-252
-254
-250
-247
-246
-253
-253
-254
-255
-255
236
-253
-255
-254
-250
-255
-255
-255
-255
233
-255
-255
-255
-25
-250
-251
-254
-131
-230
-221
-197
-52
-249
-249
-249
-249
-249
-249
-56
-73
-56
62
-186
-186
-208
-85
-244
-197
-255
-255
-255
-255
-255
-254
-191
-255
-255
-253
-252
-192
-165
-145
-237
-246
-247
-250
-243
-239
-246
-253
-254
-253
-255
-255
236
-244
-255
-254
-253
-255
-255
-255
-254
233
-255
-255
-255
-25
-253
-252
-253
0
-244
-160
-191
98
-251
-252
-251
-251
-251
-251
-34
-81
-34
32
-93
-234
-249
61
-231
-213
-253
-253
-253
-255
-255
-252
-235
-197
-255
-249
-236
-232
-241
-240
-210
-208
-109
-41
-60
-208
-119
-234
-238
-239
-255
-254
236
-233
-255
-248
-250
-254
-255
-255
-253
233
-252
-254
-255
-25
-248
-245
-250
77
-254
-160
-197
-132
-240
-241
-240
-241
-241
-240
-24
-11
-24
-52
-128
-194
-216
-182
211
175
-255
-255
-255
-255
-215
-247
-254
-254
-254
-224
-196
-158
-174
-219
-237
-235
-236
-195
-176
-243
-243
-244
-244
-248
-254
-254
235
-253
-254
-254
-233
-207
-195
-193
-208
175
-249
-250
-253
-23
-220
-244
-254
-113
-248
-233
-197
207
-221
-236
-245
-252
-253
-251
-1
50
-1
37
-109
-243
-247
-146
-210
-97
-220
-245
-245
-254
-242
-217
-209
-252
-252
-243
-234
-232
-238
-237
-224
-218
-176
-195
-211
-252
-243
-242
-243
-251
-255
-253
236
-239
-253
-248
-247
-248
-250
-248
-229
228
-252
-254
-250
-26
-234
-233
-235
105
-230
-157
-218
-145
-239
-240
-239
-235
-241
-237
2
50
2
9
-98
-237
-244
-134
-223
-109
-249
-176
-233
-253
-254
-247
-236
-254
-255
-253
-252
-243
-239
-249
-247
-235
-228
-203
-207
-214
-228
-252
-252
-254
-255
-253
234
-237
-254
-245
-250
-254
-255
-255
-250
233
-252
-254
-254
-25
-253
-253
-239
29
-252
-147
-141
-53
-251
-251
-251
-251
-250
-251
-61
-123
-61
-152
-85
-241
-246
49
-243
-163
-249
-251
-253
-254
-206
-253
-252
-254
-254
-224
-172
-184
-138
-202
-207
-209
-244
-239
-193
-242
-244
-255
-255
-253
-255
-255
237
-253
-255
-254
-253
-248
-252
-252
-251
231
-254
-254
-254
-24
-236
-242
-254
-134
-237
-183
-205
110
-199
-186
-198
-183
-207
-183
107
-69
107
52
-98
-240
-244
-134
-143
-144
-234
-250
-252
-254
-254
-253
-211
-253
-255
-246
-242
-250
-235
-239
-223
-235
-217
-236
-230
-191
-197
-243
-242
-251
-252
-251
233
-244
-253
-248
-250
-254
-255
-255
-253
233
-253
-255
-253
-29
-249
-248
-249
55
-255
-242
-222
-4
-220
-222
-218
-220
-221
-219
-60
34
-60
-35
-187
-241
-245
-85
-232
-100
-244
-245
-249
-254
-254
-199
-222
-254
-253
-253
-253
-231
-233
-240
-244
-238
-207
-103
-120
-162
-197
-252
-250
-252
-255
-255
236
-252
-255
-253
-248
-255
-255
-254
-247
233
-255
-254
-255
-25
-231
-234
-253
58
-251
-227
-190
253
-204
-199
-187
-187
-188
-185
-93
15
-93
-5
-85
-238
-243
-134
-118
-133
-245
-254
-255
-255
-255
-251
-209
-255
-255
-245
-250
-220
-228
-213
-219
-193
-227
-240
-244
-205
-229
-236
-236
-239
-255
-254
236
-248
-254
-252
255
-254
-254
-254
-251
255
-220
-235
-251
-23
-227
-204
-244
50
-249
-242
-148
238
-233
-243
-249
-254
-255
-253
-62
-95
-62
-46
-77
-231
-241
-146
-221
-137
-204
93
-171
-245
-241
-239
-75
-254
-254
-232
-245
-190
-220
-243
-246
-250
-248
-247
-238
-222
-246
-244
-244
-253
-255
-254
236
-223
-255
-242
-251
-255
-255
-255
-249
233
-254
-254
-253
-24
-248
-244
-242
0
-241
-243
-62
-135
-237
-238
-236
-237
-237
-237
-16
-40
-16
11
-255
-240
-246
-97
-115
-133
-255
-255
-255
-255
-255
-255
-240
-255
-255
-253
-249
-251
-245
-240
-234
-224
-243
-247
-248
-215
-244
-252
-252
-254
-255
-255
235
-252
-255
-254
-252
-255
-255
-255
-254
233
-255
-255
-255
-25
-237
-244
-255
81
-237
-166
-214
95
-248
-248
-247
-248
-248
-247
-72
-85
-72
-46
-159
-235
-241
-97
-211
-58
-255
-255
-255
-255
-192
-253
-254
-255
-254
-223
-160
-156
-126
-167
-171
-222
-228
-233
-192
-241
-232
-196
-195
-231
-251
-246
229
-239
-251
-249
-152
-107
-60
-38
-37
46
-240
-242
-250
-22
-100
-229
-248
-79
-252
-198
-202
-164
-226
-229
-225
-227
-227
-226
-104
-53
-104
69
-191
-221
-231
-182
-215
-119
-253
-255
-255
-255
-255
-245
-254
-255
-253
-255
-255
-251
-254
-254
-254
-255
-246
-245
-237
-255
-253
-253
-252
-253
-255
-255
236
-254
-255
-254
-253
-255
-255
-255
-254
233
-254
-254
-255
-25
-238
-246
-253
34
-251
-243
-199
-80
-233
-235
-232
-233
-233
-233
-114
-108
-114
11
-153
-226
-235
-109
-226
-117
-234
-223
-232
-254
-252
-197
-13
-250
-253
-200
-227
-6
-122
-192
-189
-225
-220
-212
-174
-148
-169
-249
-249
-251
-255
-255
236
-245
-254
-253
-249
-254
-255
-255
-253
233
-253
-254
-254
-24
-247
-247
-251
51
-218
-172
-159
-54
-242
-243
-242
-242
-242
-242
-56
-10
-56
-101
-57
-185
-211
-61
-244
-196
-248
-251
-252
-255
-255
-252
-204
-255
-255
-253
-250
-201
-148
-225
-251
-248
-249
-252
-251
-242
-251
-216
-220
-191
-255
-255
236
-245
-133
-235
-194
-244
-250
-250
-251
231
-233
-250
-254
-25
-177
-216
-250
16
-212
-29
-186
-68
-244
-245
-244
-244
-244
-244
-68
-39
-68
-79
-51
-199
-203
-219
-197
-75
-254
-250
-253
-255
-216
-248
-247
-253
-254
-246
-204
-203
-222
-213
-184
-202
-198
-182
-221
-250
-239
-240
-241
-243
-253
-253
236
-248
-253
-251
-228
-161
-174
-173
-114
154
-249
-252
-254
-24
-208
-237
-249
-72
-242
-211
-220
143
-219
-223
-218
-219
-220
-219
-63
21
-63
54
-128
-243
-252
146
-232
-202
-252
-251
-252
-254
-255
-250
-209
-208
-255
-250
-231
-203
-232
-220
-210
-173
-80
-28
-73
-79
-86
-247
-248
-231
-254
-252
234
-106
-254
-236
-248
-254
-255
-255
-253
233
-252
-254
-254
-25
-246
-245
-242
84
-216
-71
-148
-131
-242
-243
-241
-242
-242
-242
-12
-132
-12
-133
-42
-245
-249
-85
-120
-160
-241
-251
-248
-253
-254
-252
-247
-240
-254
-225
-188
-252
-253
-252
-248
-210
-212
-155
-200
-189
-187
-243
-243
-244
-255
-255
235
-242
-255
-247
-249
-255
-255
-255
-254
233
-254
-255
-254
-24
-248
-246
-252
102
-248
-148
-202
28
-254
-255
-254
-254
-255
-254
-71
-19
-71
-79
-21
-224
-235
-24
-236
-106
-250
-237
-240
-251
-251
-124
-139
-251
-252
-251
-221
-139
-241
-244
-241
-219
-217
-188
-168
-211
-189
-236
-239
-208
-255
-254
236
-245
-245
-252
-234
-235
-243
-228
-217
222
-249
-253
-254
-24
-64
-224
-250
73
-250
-198
-208
233
-245
-245
-245
-244
-245
-244
-60
-78
-60
-65
-71
-241
-247
24
-236
-205
-238
-226
-234
-252
-254
-255
-253
-213
-255
-242
-143
-254
-255
-255
-254
-251
-160
-41
-107
-119
-152
-200
-204
-244
-254
-253
235
-233
-252
-234
-237
-253
-254
-254
-254
233
-251
-253
-254
-25
-216
-216
-249
93
-254
-213
-171
214
-255
-255
-253
-254
-254
-255
56
-78
56
16
-78
-219
-232
-158
-222
-128
-249
-166
-161
-250
-246
-249
-227
-236
-253
-252
-246
-240
-251
-249
-253
-253
-245
-251
-253
-248
-240
-251
-252
-254
-255
-254
235
-250
-255
-249
-243
-255
-255
-255
-254
233
-253
-254
-255
-25
-246
-247
-251
-121
-254
-250
-206
152
-230
-232
-228
-227
-229
-230
-58
-97
-58
-65
-96
-236
-239
-85
-249
-191
-189
-215
-233
-253
-253
-117
-24
-245
-251
-210
-210
-102
-157
-165
-110
-209
-186
-70
189
-140
-145
-246
-248
-246
-255
-255
236
-241
-254
-253
-243
-254
-255
-255
-253
233
-252
-254
-254
-24
-243
-243
-250
58
-252
-244
-190
-70
-245
-246
-245
-246
-245
-245
-53
-15
-53
28
-96
-237
-248
-36
-91
-127
-254
-255
-255
-255
-255
-253
-241
-212
-255
-251
-219
-243
-245
-246
-240
-248
-230
-215
-222
-246
-241
-246
-248
-243
-255
-254
236
-238
-82
-223
-250
-254
-255
-255
-254
233
-251
-254
-255
-25
-248
-247
-246
-51
-249
-201
-165
159
-252
-253
-252
-252
-252
-252
-66
-90
-66
-100
-59
-213
-241
12
-234
-201
-250
-253
-253
-255
-255
-252
-245
-190
-255
-252
-238
-192
-242
-247
-249
-242
-59
-12
178
-139
-127
-202
-209
-220
-254
-251
233
-20
-254
-226
-244
-253
-254
-254
-252
233
-251
-254
-254
-25
-240
-238
-236
81
-253
-193
-176
243
-250
-237
-249
-237
-248
-239
-58
-169
-58
-149
-51
-189
-234
109
-232
-194
-219
-243
-240
-248
-249
-231
-214
-252
-254
-240
-208
-254
-253
-251
-246
-231
-122
-129
-69
-27
-3
-242
-244
-251
-255
-254
236
-236
-254
-250
-244
-254
-254
-254
-254
233
-254
-254
-254
-24
-230
-237
-246
94
-255
-247
-218
151
-249
-250
-249
-250
-250
-249
-58
-192
-58
6
-139
-206
-218
-36
-250
-195
-233
-242
-251
-255
-255
-209
-180
-244
-251
-252
-254
-197
-226
-228
-243
-235
-220
-196
-162
-138
-149
-252
-248
-255
-255
-254
235
-249
-255
-249
-243
-255
-255
-255
-252
233
-255
-254
-255
-25
-225
-230
-249
68
-248
-189
-204
-133
-247
-248
-246
-247
-247
-247
-51
-108
-51
52
-255
-227
-238
-85
-122
-141
-216
-233
-248
-254
-255
-252
-252
-249
-255
-252
-236
-255
-255
-254
-254
-250
-117
-172
-193
-210
-115
-251
-252
-254
-255
-255
236
-255
-254
-255
-252
-255
-255
-255
-255
233
-255
-255
-255
-25
-244
-246
-253
67
-231
-132
-175
-158
-224
-228
-223
-225
-224
-224
-25
35
-25
49
-170
-244
-247
-85
-110
-117
-154
-214
-245
-253
-253
-248
-234
-250
-254
-249
-247
-250
-252
-252
-250
-250
-247
-244
-245
-244
-254
-252
-252
-254
-255
-255
236
-247
-255
-246
-253
-255
-255
-255
-254
233
-255
-255
-253
-24
-250
-247
-250
118
-248
-188
-222
-137
-225
-227
-222
-226
-223
-226
67
65
67
28
-112
-217
-243
-12
-91
-113
-239
-205
-210
-252
-254
-253
-249
-253
-255
-242
-236
-254
-254
-252
-249
-242
-160
-214
-165
-146
-163
-250
-251
-254
-255
-255
235
-251
-255
-254
-244
-254
-255
-255
-254
233
-255
-255
-255
-25
-245
-247
-252
84
