-16384
0
-16384
0
-16384
0
-15152
-8195
-16384
3682
-16384
0
-16384
-5620
-16384
0
-16384
0
-16384
0
-16384
-5142
-16384
0
-16384
594
-16384
0
-16384
0
-16384
16144
-16384
16383
-16384
-6295
-16384
13992
-16384
-7008
-16384
0
-16384
0
-16384
594
-16384
-7056
-16384
0
-16384
0
-16384
0
-8224
-11521
-16384
-4903
-16384
0
-16384
13753
-16384
15187
-16384
0
-16384
-5381
-16384
119
-16384
-7482
-16384
-8969
-16384
0
-16384
-7245
-12778
0
-16384
14709
-16384
-1316
-16384
0
-5934
-8908
-16384
831
-16384
-594
-16384
3444
-16384
-8252
-16384
2494
-16384
8433
-16384
15905
-16384
-6533
-16384
-357
-16384
0
-16384
15426
-16384
-2019
-16384
598
-16384
-8730
-16384
0
-16384
9146
-16384
13274
-16384
-3468
-16384
13992
-16384
5142
-16384
11046
-16384
5820
-16384
14470
-16384
15187
-16384
10643
-16384
11759
-16384
9621
-16384
7295
-16384
15084
-16384
11121
-16384
13659
-16384
7008
-16384
15426
-16384
15187
-16384
15187
-16384
0
-16384
0
-7356
10095
-16384
10571
-16384
14948
-16384
8969
-14328
12234
-16384
14470
-16384
14709
-16384
5142
-16384
4903
-7304
11759
-16384
11121
-16191
12708
-16384
0
-16384
4157
-16384
14015
-16384
14015
-16384
13896
-16384
7008
-16384
16383
-16384
6338
-16384
14015
-16384
12947
-16384
6338
-10911
9925
-16384
13184
-16384
14134
-16384
11046
-16384
9621
-16384
8730
-16384
4185
-16384
0
-12541
11283
-16384
0
-16384
7056
-16384
15666
-12369
0
-16384
0
