-244
-203
-227
-228
-254
-253
-254
-124
-254
-220
-248
-247
-253
-254
-254
-130
-253
-223
-248
-248
-218
-253
-254
106
-238
-194
-211
-230
-249
-244
-255
-81
-249
-121
-253
-253
-246
-254
-255
-93
-252
-206
-243
-240
-243
-228
-254
41
-249
-196
-230
-227
-252
-198
-253
-116
-228
-149
-248
-248
-249
-239
-255
118
-251
-224
-249
-249
-225
-252
-254
69
-206
-71
-241
-244
-254
-254
-253
-124
-248
-85
-241
-242
-191
-245
-252
0
-254
-199
-248
-248
-248
-247
-110
115
-208
-227
-228
-229
-255
-243
-255
105
-233
-157
-241
-241
-167
-243
-255
137
-253
-197
-250
-250
-251
-249
-255
-126
-254
-181
-253
-252
-242
-239
-254
-115
-253
-198
-248
-248
-182
-251
-166
-137
-223
-103
-245
-250
-187
-94
-254
86
-246
-178
-246
-246
-255
-247
-255
90
-249
-225
-230
-230
-255
-204
-254
-51
-233
-181
-245
-250
-239
-249
-254
-215
-238
-173
-239
-239
-252
-237
-251
-11
-247
-206
-230
-236
-255
-221
-254
-102
255
-232
-230
-231
-251
-237
-254
115
-230
-208
-214
-216
-234
-247
-255
255
-239
-200
-242
-242
-254
-232
-255
-161
-242
-142
-247
-250
-253
-252
-254
0
-254
-207
-246
-245
-159
-248
-172
-77
-212
-201
-246
-246
-250
-89
-124
-132
-255
-199
-249
-233
-168
-227
-253
-188
-253
-202
-249
-250
-254
-243
-254
-58
-254
-208
-253
-252
-69
-249
-254
0
-229
-76
-238
-239
-253
-254
-253
-113
-246
-85
-242
-243
-251
-236
-255
97
-250
-195
-255
-255
-254
-197
-254
-77
-255
-155
-212
-212
-250
-214
-253
105
-241
-148
-236
-250
-246
-248
-253
0
-249
-120
-237
-237
-226
-254
-255
130
-255
-210
-252
-252
-220
-246
-255
184
-210
-166
-241
-241
-243
-211
-253
-137
-234
-204
-239
-240
-254
-241
-254
236
-230
-200
-224
-225
-255
-254
-255
-255
-254
-203
-255
-254
-239
-253
-254
139
-229
-224
-150
-158
-255
-250
-255
-4
-213
-175
-223
-225
-254
-225
-255
178
-200
-194
-212
-211
-242
-227
-254
98
-252
-212
-230
-244
-242
-253
-254
74
-238
-222
-232
-232
-253
-240
-255
-51
-168
-202
-239
-239
-252
-231
-255
191
-248
-210
-229
-231
-244
-249
-255
-89
-254
-199
-235
-234
-255
-254
-249
-8
-234
-186
-241
-237
-222
-224
-253
-55
-236
-177
-240
-251
-255
-235
-254
-114
-250
-218
-231
-232
-237
-243
-254
0
-254
-199
-216
-211
-167
-200
-254
91
-241
-144
-237
-238
-253
-249
-253
-106
-253
-216
-245
-246
-250
-252
-255
74
-254
-197
-228
-231
-245
-250
-255
-119
-251
-199
-242
-244
-247
-253
-255
0
-240
-197
-231
-232
-238
-249
-237
115
-226
-197
-240
-240
-246
-231
-254
83
-252
-222
-215
-216
-206
-247
-255
58
-254
-202
-209
-209
-242
255
-254
81
-208
-34
-239
-240
-254
-160
-255
15
-244
-203
-248
-248
-227
-244
-253
148
-254
-210
-236
-248
-225
-218
-255
-72
-242
-204
-243
-243
-254
-255
-255
-130
-253
-218
-238
-239
-225
-252
-255
123
-248
-229
-248
-248
-248
-235
-253
159
-254
-193
-252
-252
-211
-238
-254
-204
-226
-187
-222
-223
-186
-246
-254
44
-253
-200
-248
-248
-247
-251
-255
-133
-245
-202
-238
-239
-253
-251
-255
-153
-156
-215
-223
-224
-254
-250
-252
107
-234
-77
-236
-236
-253
-217
-255
-222
-255
-192
-236
-237
-158
-231
-255
106
-165
-150
-216
-218
-182
-247
-255
180
-251
-189
-240
-240
-222
-250
-253
0
-251
-180
-247
-248
-198
-233
-253
70
-254
-200
-204
-197
-245
-249
-254
0
-254
-217
-244
-243
-200
-252
-255
87
-255
-207
-251
-252
-249
-254
-255
0
-223
-233
-231
-233
-211
-247
-255
151
-232
-217
-221
-212
-253
-254
-254
-8
-217
-199
-240
-241
-252
-253
-255
0
-255
-205
-243
-249
-228
-245
-255
119
-231
-171
-217
-217
-249
-249
-254
96
-250
-177
-229
-229
-255
-248
-246
98
-254
-213
-206
-208
-245
-235
-207
112
-247
-172
-231
-206
-234
-240
-254
36
-248
-205
-199
-203
-254
-228
-254
-255
-242
-157
-250
-249
-211
-248
-254
178
-222
-30
-243
-243
-255
-248
-254
102
-176
-152
-239
-240
-153
-152
-255
65
-241
47
-213
-200
-251
-217
-255
-232
-249
-219
-245
-245
-247
-253
-254
69
-253
-175
-244
-240
-183
-233
-255
-137
-247
-206
-246
-247
-255
-237
-254
-102
-238
-143
-233
-234
-253
-220
-252
79
-252
-213
-228
-228
-232
-31
-254
-83
-235
-208
-241
-242
-254
-192
-255
-135
-229
-183
-249
-249
-241
-253
-253
109
-254
-168
-236
-237
-226
-248
-255
255
-230
-142
-248
-248
-252
-226
-255
0
-251
-222
-246
-247
-255
-224
-255
-102
-250
-163
-242
-243
-255
-255
-254
155
-253
-204
-249
-250
-236
-235
-255
48
-250
-238
-234
-234
-251
-248
-255
57
-251
-132
-255
-255
-254
-252
-255
23
-254
-118
-236
-237
-225
-250
-254
97
-253
-216
-251
-251
-235
-234
-254
102
-248
-203
-231
-227
-244
-252
-255
-126
-247
-213
-114
-132
-194
-252
-248
-91
-254
-212
-254
-254
-241
-252
-255
-126
-232
-171
-237
-239
-251
-234
-255
111
-253
-170
-252
-252
-194
-230
-255
156
-255
-215
-250
-250
-237
-242
-254
125
-254
-219
-253
-253
-241
-167
-254
93
-221
13
-247
-253
-180
-234
-255
86
-251
-198
-253
-253
-255
-254
-238
98
-251
-220
-187
-165
-246
-55
-253
-196
-253
-209
-238
-238
-247
-243
-254
-102
-249
-74
-254
-254
-254
-251
-254
194
-254
-200
-248
-249
-254
-251
-254
-255
-254
-180
-253
-253
-238
-251
-255
39
-241
-229
-167
-174
-249
-254
-254
115
-226
-198
-215
-216
-251
-245
-254
79
-218
-160
-250
-250
-250
-250
-254
0
-252
-203
-246
-246
-217
-253
-239
30
-250
-206
-249
-249
-246
-245
-255
81
-227
-105
-232
-233
-245
-248
-253
-144
-255
-216
-254
-254
-220
-162
-255
-98
-252
-185
-247
-248
-251
-221
-255
8
-160
-91
-244
-246
-143
-114
-253
0
-244
-138
-247
-248
-218
-251
-254
76
-248
-220
-242
-243
-192
-250
-236
-181
-252
-244
-213
-215
-238
-246
-255
154
-253
-195
-236
-240
-221
-203
-255
-105
-228
-217
-235
-236
-251
-157
-254
-158
-209
-34
-224
-225
-253
-222
-252
49
-244
-187
-243
-243
-244
-254
-255
22
-254
-229
-250
-251
-252
-250
-254
72
-226
-199
-240
-238
-162
-240
-255
119
-242
-221
-230
-231
-251
-253
-255
0
-254
-212
-250
-251
-254
-251
-253
95
-253
-202
-222
-228
-175
-245
-245
-77
-245
-148
-249
-249
-245
-211
-252
-165
-253
-220
-248
-248
-243
-230
-254
-88
-235
-206
-221
-223
-240
-253
-255
128
-248
-207
-245
-245
-224
-233
-254
91
-255
-181
-241
-242
-252
-239
-255
-198
-253
-214
-246
-247
-181
-246
-254
-70
-253
-209
-255
-255
-255
-254
-255
-231
-251
-177
-245
-246
-243
-249
-255
-104
-231
32
-252
-252
-248
-243
-255
-13
-250
-218
-166
-226
-232
-226
-254
-43
-255
-198
-250
-250
-229
-253
-229
101
-250
-157
-250
-251
-252
-239
-254
94
-191
54
-215
-244
-254
-243
-255
0
