-248
-174
-223
157
-166
-166
-168
-164
-65
-59
-254
-249
-175
-220
-254
-240
-196
-223
-191
-60
6
-16
-97
240
-47
-252
-244
-238
-251
62
-193
0
-203
-229
-111
141
-200
-186
-206
-183
-60
-255
-253
-255
-255
-211
-253
-244
-215
-153
-214
-247
-245
-247
-186
-254
-226
-175
-138
-253
-254
-222
-251
0
-255
-245
-209
135
-254
-254
-254
-254
126
-128
-251
-255
-203
-243
-255
-255
-250
-252
-252
-197
-178
-182
-218
-254
-229
-255
-254
-253
-254
-218
-246
0
-249
-183
-207
-163
-239
-240
-240
-240
36
-119
-209
-246
-247
-247
-207
-253
-243
-253
-254
-249
-246
-243
-174
-255
-241
-254
-254
-198
-252
-202
-251
0
-243
-49
-90
248
-254
-255
-254
-255
-61
-73
-255
-254
-251
-239
-249
-250
-237
-251
-252
-249
-251
-249
-247
-255
-254
-255
-255
-255
-255
-246
-254
0
-255
-224
-212
23
-254
-254
-254
-254
-12
-155
-242
-255
-254
-252
-254
-248
-253
-250
2
-242
-253
-255
-217
-255
-253
-255
-254
-255
-255
-252
-253
-119
-248
-193
-223
201
-237
-242
-244
-241
84
-85
-168
255
255
95
255
255
74
255
255
255
137
-172
30
-253
-246
-255
-253
-254
-254
-244
-246
0
-239
-171
-70
157
-246
-246
-246
-246
-56
-167
-238
-253
-224
-247
-248
-227
-248
-248
-249
-204
-178
-198
-238
-251
-243
-254
-253
-253
-254
-228
-241
60
-239
-101
-193
15
-223
-225
-225
-224
-68
-121
-254
-251
-244
-235
-236
-248
-250
-251
-250
-237
-242
-230
-245
-255
-255
-255
-255
-255
-255
-251
-255
0
-242
-177
-76
160
-239
-237
-240
-237
-65
-255
-255
-255
-238
-242
-254
-255
-244
-250
-253
-212
-216
-191
-243
-255
-251
-255
-254
-221
-240
-245
-251
86
-254
-188
-204
49
-230
-232
-230
-231
-64
-39
-254
-255
-254
-248
-186
-250
-243
-243
-241
-198
-130
-31
-190
-252
-250
-255
-253
-255
-255
-248
-246
44
-248
-193
-204
80
-233
-234
-234
-234
-40
-134
-250
-255
-255
-253
-174
-222
-254
-254
-246
-174
-128
-165
-185
-251
-243
-255
-253
-254
-253
-231
-243
-3
-252
-94
-121
-138
-233
-234
-234
-234
-58
-32
-252
-255
-255
-255
-163
-252
-251
-253
-253
-199
-214
-173
-208
-254
-252
-255
-253
-255
-255
-251
-252
-25
-189
-131
-207
94
-237
-238
-238
-237
-58
-118
-250
-253
-215
57
-253
-253
-143
-230
-252
-252
-252
-250
-251
-254
-233
-254
-253
-247
-250
-187
-226
0
-243
-178
-213
-33
-219
-222
-222
-221
-60
-255
-248
-252
-203
-203
-234
-252
-250
-244
-249
-130
-105
-206
-166
-254
-245
-255
-255
-254
-255
-244
-250
25
-243
-163
-208
121
-240
-242
-243
-245
-58
-64
-243
-254
-235
-224
-255
-249
-241
-239
-234
-155
-169
-212
-196
-252
-246
-255
-249
-254
-254
-193
-234
-43
-253
-229
-170
-57
-250
-250
-250
-250
-11
-146
-255
-253
-244
-252
-255
-248
-252
-241
-218
-6
-160
-209
-226
-80
-145
-251
-246
-246
-254
-82
-234
32
-220
-89
-121
-128
-246
-247
-247
-246
-67
-128
-255
-255
-250
-253
-255
-251
-251
-253
-244
-225
-235
-240
-251
-254
-251
-255
-252
-255
-253
-244
-247
34
-252
-222
-205
49
-247
-249
-251
-252
-61
-45
-254
-253
-181
-216
-255
-254
-223
-229
-186
-138
-91
-60
-189
52
-159
-252
-247
-247
-252
-68
-219
0
-250
-178
-185
133
-209
-221
-212
-220
-97
-128
-254
-255
-254
-239
-206
-241
-241
-241
-213
-41
113
-7
-103
-254
-248
-255
-253
-254
-254
-246
-249
36
-254
-242
-198
-26
-253
-253
-253
-253
-4
-73
-252
-254
-241
-253
-255
-254
-253
-253
-247
-135
-215
-234
-230
-255
-249
-255
-255
-254
-255
-246
-253
-35
-252
-243
-206
237
-213
-243
-219
-238
-55
-153
-252
-252
-228
-251
-255
-248
-249
-244
-211
-197
-180
-211
-231
-254
-244
-255
-254
-254
-254
-238
-250
25
-207
-39
-216
-130
-244
-245
-245
-244
-61
-255
-254
-250
-220
-185
-197
-234
-250
-249
-245
-241
-241
-233
-230
-255
-178
-255
-255
-255
-255
-238
-255
0
-252
-211
-171
90
-252
-252
-252
-252
-94
-150
-241
-255
-255
-254
-254
-226
-254
-253
-244
-231
-237
-230
-217
-254
-250
-255
-254
-255
-254
-250
-246
-8
-251
-194
-205
-50
-249
-250
-250
-249
-73
-109
-255
-255
-246
-250
-255
-254
-253
-252
-253
-245
-235
-241
-254
-255
-246
-255
-254
-253
-255
-227
-250
-81
-243
-132
-207
152
-244
-244
-244
-244
-57
-206
-241
-254
-249
-241
-254
-251
-247
-246
-241
-221
-230
-221
-231
-255
-247
-255
-254
-253
-254
-229
-251
56
-246
-171
-216
22
-233
-226
-237
-241
-72
-128
-249
-253
-250
-231
-251
-247
-234
-221
-218
-192
-227
-220
-182
-251
-246
-255
-251
-253
-254
-249
-212
-37
-250
-140
-172
-63
-238
-244
-242
-242
-76
-55
-247
-254
-239
-219
-255
-251
-228
-237
-235
-208
-224
-233
-227
-252
-250
-255
-253
-254
-254
-250
-231
-48
-252
-173
-211
205
-249
-247
-249
-247
-58
-70
-166
-254
-254
-254
-132
-252
-254
-254
-255
-250
-246
-242
-239
-255
-204
-254
-253
-251
-254
-101
-246
-68
-255
-251
-198
147
-244
-245
-245
-244
-46
0
-221
-255
-183
-64
-254
-248
-210
-234
-233
-226
-149
-125
-177
-255
-251
-255
-254
-254
-255
-242
-254
0
-252
-202
-178
221
-245
-243
-242
-243
-59
-78
-255
-255
-255
-252
-251
-220
-251
-248
-121
-171
-156
-199
255
-254
-250
-255
-253
-255
-255
-249
-250
-6
-197
-115
-161
-74
-233
-233
-233
-233
-63
0
-246
-252
-243
-248
-249
-254
-253
-252
-251
-231
-242
-238
-253
-245
-248
-255
-252
-254
-252
-241
-243
51
-225
-221
-173
231
-247
-253
-254
-252
-47
-128
-239
-255
-252
-244
-253
-14
-254
-251
-123
-123
-172
-208
-15
-253
-240
-254
-253
-254
-254
-231
-244
0
-198
22
-194
-68
-249
-249
-249
-249
-61
-255
-201
-237
-114
-195
-224
-237
-242
-203
-215
-242
-235
-86
-195
-254
-243
-251
-252
-252
-254
-209
-250
0
-255
-238
-209
82
-252
-252
-252
-252
-65
-93
-250
-255
-211
-241
-255
-254
-238
-251
-252
-194
-184
-200
-215
-254
-247
-255
-254
-254
-254
-242
-251
-27
-219
34
-137
-130
-251
-251
-251
-251
-56
-128
-254
-250
-239
-42
-243
-243
-157
-207
-240
-252
-250
-246
-248
-255
-248
-254
-254
-250
-253
-219
-253
0
-243
-219
-200
220
-239
-243
-244
-242
-57
-102
-246
-255
-254
-252
-212
-198
-255
-255
-251
-147
38
-43
-206
-253
-246
-255
-254
-254
-255
-227
-248
0
-248
-141
-169
219
-252
-252
-252
-252
-43
-51
-255
-178
-244
-249
-253
-135
-135
-121
-217
-220
-178
-137
-238
-252
-236
-210
-228
-248
-251
-207
-250
-156
-255
-251
-209
-135
-252
-252
-252
-252
45
-98
-244
-248
-194
-130
-248
-249
-245
-243
-242
-207
-230
-215
-214
-255
-253
-255
-255
-255
-255
-251
-255
0
-204
-50
-126
-73
-237
-238
-237
-237
-74
-255
-255
-255
-254
-250
-249
-239
-253
-252
-107
-200
-223
-212
-186
-254
-253
-255
-253
-255
-254
-254
-247
-8
-190
-92
-215
19
-230
-232
-231
-231
-67
-96
-235
-252
-252
-248
-234
-186
-254
-248
-230
-127
-87
-93
-161
-253
-247
-255
-252
-255
-253
-246
-242
-4
-234
-164
-190
-85
-214
-216
-217
-215
-162
-150
-234
-254
-254
-243
-253
-236
-250
-252
-248
-241
-246
-245
-247
-255
-252
-255
-254
-255
-253
-245
-245
0
-249
-180
-215
82
-249
-249
-249
-249
-105
-128
-249
-254
-254
-253
-251
-235
-255
-255
-251
-174
-106
-73
-168
-255
-250
-253
-252
-255
-254
-241
-252
-60
-207
-173
-175
11
-216
-218
-217
-217
-54
-64
-252
-255
-254
-203
-254
-241
-224
-159
-247
-231
-238
-245
-223
-227
80
-170
60
-227
-248
116
-53
-101
-253
-121
-180
215
-250
-249
-249
-250
-56
0
-234
-254
-252
-217
-253
-225
-215
-219
-198
-180
-164
-216
-188
-254
-216
-207
-208
-252
-254
-214
-246
0
-171
-107
-216
161
-245
-244
-245
-246
-66
-55
-254
-254
-240
-251
-254
-253
-252
-251
-241
-207
-211
-212
-249
-254
-251
-254
-252
-254
-254
-235
-247
-8
-214
-220
-112
152
-230
-232
-234
-231
-58
-128
-255
-255
-255
-250
-255
-228
-245
-229
-104
-144
-183
-247
-122
-255
-251
-255
-253
-255
-255
-251
-252
-8
-235
-172
-201
145
-225
-227
-229
-225
-52
0
-250
-255
-208
-236
-254
-254
-248
-250
-253
-238
-185
-148
-229
-255
-252
-255
-254
-253
-255
-245
-254
43
-223
-250
-157
217
-224
-231
-234
-229
-55
-255
-255
-255
-238
-182
-255
-255
-241
-245
-252
-251
-246
-224
-249
-255
-251
-255
-253
-254
-255
-229
-252
30
-244
-205
-108
-25
-245
-245
-245
-245
-58
-255
-255
-255
-242
-251
-255
-255
-253
-254
-254
-221
-216
-221
-233
-255
-241
-254
-253
-119
-198
-233
-247
54
-251
-243
-173
-25
-242
-242
-242
-241
-59
-151
-248
-255
-247
-200
-254
-235
-241
-251
-239
-246
-249
-248
-233
-255
-253
-255
-252
-255
-254
-253
-250
-51
-243
-176
-192
-142
-244
-244
-244
-244
-52
0
-250
-255
-253
-248
-254
-250
-252
-246
-237
-242
-248
-237
-241
-209
-184
-255
-21
-242
-229
-232
149
-10
-246
-176
-206
-53
-227
-229
-229
-228
-54
-91
-222
-255
-254
-253
-136
-254
-251
-251
-255
-255
-254
-255
-232
-255
-232
-254
-254
-253
-255
-181
-250
0
-248
-76
-145
-129
-248
-249
-249
-249
81
-139
-246
-254
-251
-243
-245
-236
-253
-248
-226
-204
-219
-225
-216
-250
-146
-55
199
-245
-253
-114
-240
-10
-251
-235
-227
-163
-203
-206
-206
-205
-108
-149
160
-250
-238
62
-245
-245
-138
-44
-201
-227
-233
-234
-188
-255
-248
-255
-254
-254
-255
-247
-251
1
-225
-179
-216
-137
-240
-241
-241
-240
-68
-102
-244
-254
-240
-227
-248
-251
-245
-252
-251
-238
-215
-221
-245
-254
-251
-255
-254
-254
-255
-249
-251
-11
-247
-196
-211
121
-227
-230
-229
-228
-69
-119
-253
-255
-255
-253
-255
-220
-254
-253
-230
-218
-187
-237
-208
-247
-238
-255
-160
-249
-247
-232
-156
-6
-254
-231
-217
-150
-254
-254
-254
-254
18
-70
-245
-255
-254
-246
-254
-254
-247
-212
-220
-244
-250
-245
-251
-255
-253
-255
-255
-255
-255
-253
-254
-119
-228
-162
-92
156
-243
-244
-245
-243
-37
0
-253
-240
-220
-210
-119
-224
-243
-237
-239
-216
-228
-215
-234
-255
-253
-253
-251
-254
-254
-244
-250
0
-254
-249
-243
247
-187
-198
-194
-191
-86
-78
-255
-255
-221
-219
-255
-254
-247
-233
-252
-236
-173
-163
-222
-255
-252
-255
-252
-255
-255
-248
-252
44
-253
-166
-179
-87
-251
-252
-252
-252
-90
-46
-244
-254
-251
-249
-255
-253
-251
-252
-249
-248
-248
-249
-255
-255
-247
-255
-254
-254
-255
-235
-251
-77
-183
-202
-170
-132
-235
-235
-235
-235
-50
-198
-254
-250
-172
-157
-247
-247
-210
-240
-251
-251
-243
-185
-239
-255
-248
-255
-255
-253
-255
-229
-254
0
-252
-226
-148
94
-239
-239
-238
-238
-35
-93
-246
-254
-187
-221
-251
-253
-250
-250
-238
-160
-160
-96
-204
-254
-236
-255
-255
-253
-255
-231
-248
114
-233
-231
-102
155
-224
-217
-227
-215
-80
-159
-255
-254
-227
-241
-254
-252
-245
-253
-253
-219
-199
-215
-232
-255
-248
-254
-254
-254
-255
-228
-249
0
-252
-216
-190
56
-249
-249
-249
-249
-58
-73
-236
-254
-244
-246
-254
-252
-249
-249
-247
-218
-243
-222
-240
-255
-220
-255
-254
-252
-253
-244
-250
65
-254
-221
-189
-129
-254
-254
-254
-254
-255
-46
-253
-255
-250
-244
-254
-255
-251
-251
-254
-251
-244
-242
-244
-255
-253
-255
-255
-255
-255
-253
-254
-137
-255
-244
-210
-142
-245
-246
-246
-245
-64
-149
-243
-255
-249
-184
-252
-254
-240
-241
-247
-235
-243
-203
-220
-255
-249
-255
-253
-254
-255
-239
-254
-68
-216
-243
11
-140
-225
-224
-225
-225
-55
-255
-255
-255
-255
-235
-254
-252
-237
-224
-207
-249
-244
-246
-235
-255
-249
-248
-243
-255
-255
-251
-254
0
-227
-164
-196
202
-217
-222
-226
-223
149
-106
-251
-255
-254
-249
-87
-250
-244
-252
-227
-230
-181
-54
-144
-251
-246
-254
-249
-254
-254
-242
-240
48
-252
-223
-195
70
-210
-209
-208
-208
-59
-40
-254
-254
-149
-230
-255
-251
-249
-246
-252
-78
131
18
-91
-240
-234
-255
-253
-254
-255
-220
-251
35
-236
-214
-212
115
-164
-144
-174
-144
-33
-77
-246
-254
-180
-201
-244
-254
-248
-247
-248
-132
-50
-112
-142
-254
-239
-254
-254
-253
-255
-228
-246
81
-231
-78
-202
-59
-241
-241
-241
-241
-43
-144
-233
-252
-242
-232
-242
-250
-251
-251
-247
-249
-250
-252
-242
-255
-252
-255
-254
-255
-252
-251
-252
0
-255
-243
-154
246
-253
-253
-254
-253
-81
-112
-203
-254
-131
143
-252
-213
25
-103
-225
-186
-183
-123
-121
-255
-246
-255
-253
-253
-254
-242
-249
-43
-254
-244
-203
133
-250
-251
-251
-251
-56
-153
-211
-253
-192
198
-249
-189
-87
-90
-193
-182
-154
-162
-166
-255
-247
-255
-253
-254
-254
-244
-251
-30
-244
-57
-131
-52
-250
-250
-250
-250
-55
36
-249
-246
-215
-230
-225
-246
-253
-252
-228
-164
-195
-221
-233
-252
-253
-255
-253
-255
-255
-251
-252
109
-254
-194
-209
113
-252
-253
-252
-253
-59
-149
-178
-245
-226
-126
-134
-253
-248
-255
-255
-248
-246
-244
-200
-255
-235
-254
-254
-252
-255
-118
-251
94
-188
-11
-202
93
-235
-236
-235
-235
-58
-121
-249
-252
-251
-251
-252
-253
-238
-243
-255
-251
-253
-253
-248
-255
-254
-255
-255
-255
-255
-249
-253
94
-253
-234
-177
-130
-254
-254
-254
-254
-14
-255
-255
-254
-214
-245
-254
-252
-248
-251
-223
-108
-138
-119
-205
-252
-253
-255
-254
-255
-255
-236
-254
73
-227
-161
-197
161
-243
-243
-244
-243
-80
-98
-255
-200
-238
-240
-252
-156
-124
-175
-234
-215
-193
-192
-244
-254
-225
-157
-175
-251
-254
-194
-251
-70
-251
-249
-223
-124
-226
-229
-229
-228
-79
-119
-254
-255
-255
-255
-225
-254
-244
-219
-229
-251
-252
-254
-234
-255
-223
-254
-254
-252
-255
-238
-253
0
-250
-204
-198
-40
-236
-238
-238
-238
-61
-151
-251
-254
-200
-192
-254
-253
-228
-219
-229
4
-114
-119
-154
121
-50
-251
-243
-237
-252
81
-212
67
-226
36
-167
-164
-244
-247
-250
-250
-67
-21
-254
-255
-220
-96
-253
-228
-218
-216
-240
-248
-251
-249
-213
-255
-247
-255
-255
-254
-255
-235
-253
82
-253
-35
-78
-25
-243
-244
-244
-244
-53
-255
-254
-252
-245
-210
-236
-249
-246
-247
-246
-251
-251
-242
-245
-254
-215
-205
-190
-252
-254
-194
-204
58
-250
-233
-224
158
-248
-248
-248
-248
-72
-116
-227
-243
-209
-199
-253
-248
-243
-248
-244
-245
-222
-236
-247
-255
-253
-255
-249
-255
-254
-251
-246
51
-250
-232
-215
-1
-225
-227
-227
-226
-35
-77
-232
-248
-243
-237
-221
-252
-253
-254
-254
-250
-244
-238
-193
-252
-250
-255
-252
-254
-254
-247
-248
39
-255
-227
-216
-84
-255
-255
-255
-255
-84
-82
-250
-246
-245
-245
-253
-246
-249
-249
-243
-244
-244
-244
-252
-255
-254
-255
-250
-255
-255
-253
-249
-3
-252
-199
-218
80
-248
-248
-248
-248
-81
-85
-218
-227
-227
-223
-251
-251
-251
-246
-205
-173
-177
-172
-179
-254
-236
-255
-250
-254
-208
-238
-244
56
-202
-87
-200
-92
-225
-227
-227
-226
-90
0
-222
-252
-251
-246
-246
-229
-251
-249
-111
-80
-84
-214
-144
-252
-253
-255
-250
-255
-254
-253
-240
0
-241
-99
-182
-79
-244
-245
-245
-245
-74
-106
-255
-214
-244
-252
-254
-202
-174
-213
-208
-211
-212
-171
-247
-253
-215
-249
-243
238
95
-203
-223
-118
-250
-210
-165
-59
-249
-249
-249
-249
-62
-36
-235
-254
-204
-244
-253
-254
-252
-253
-248
-186
-107
-156
-151
-254
-240
-255
-254
-254
-218
-242
-249
42
-253
-231
-225
178
-243
-245
-247
-245
-68
-89
-228
-246
-247
-246
-192
-254
-253
-253
-251
-238
-229
-222
-196
-254
-249
-255
-254
-253
-255
-244
-249
65
-242
-239
-215
228
-249
-254
-255
-253
-90
-191
-255
-255
-255
-196
-255
-248
-172
-109
-184
-232
-229
-248
-114
-254
-251
-255
-251
-255
-254
-251
-249
-1
-227
54
-207
-31
-226
-229
-228
-228
-60
-255
-227
-253
-187
-72
-184
57
-166
-219
-240
-235
-220
-235
-227
-255
-244
-255
-254
-253
-254
-125
-251
108
-250
-100
-158
155
-247
-248
-247
-248
-51
-135
-244
-193
-248
-249
-252
-165
-129
-144
-214
-217
-205
-140
-244
-254
-236
-241
-242
-212
-226
-218
-249
-122
-248
-110
-168
160
-249
-250
-250
-249
-62
-70
-184
-254
-254
-207
-252
-237
-231
-184
-227
-193
-229
-219
-205
-254
-221
-250
-245
-252
-254
-241
-246
22
-243
-228
-183
-70
-236
-237
-238
-237
-67
-96
-222
-248
-244
-218
-252
-253
-240
-243
-241
-245
-235
-213
-233
-255
-252
-255
-254
-255
-255
-242
-254
46
-239
-186
-209
12
-222
-224
-223
-223
-64
-184
-253
-255
-246
-245
-195
-242
-241
-244
-230
-45
34
175
-148
-252
-246
-255
-253
-252
-254
-244
-243
60
-242
-164
-63
55
-243
-244
-244
-243
-58
-128
-254
-250
-208
-186
-244
-225
-250
-246
-243
-187
-170
-216
-233
-254
-248
-255
-254
-254
-254
-232
-247
100
-215
-194
-207
-145
-212
-212
-213
-211
65
-85
-177
-253
-236
-234
-250
-246
-250
-250
-250
-230
-212
-238
-233
-255
-252
-255
-255
-234
-244
-251
-252
101
-98
-196
-105
-69
-231
-233
-233
-232
-57
-255
-254
-254
-227
-41
-250
-251
-133
-239
-235
-253
-254
-235
-230
-255
-248
-255
-255
-251
-254
-234
-253
98
-254
-224
-171
-135
-240
-241
-241
-240
-16
-106
-252
-255
-252
-247
-254
-254
-253
-254
-253
-252
-254
-251
-243
-255
-252
-255
-255
-255
-255
-250
-254
-123
-253
-243
-217
-4
-219
-220
-222
-218
-8
-132
-246
-255
-228
-241
-255
-254
-245
-252
-253
-200
-216
-204
-223
-255
-229
-255
-254
-253
-254
-216
-245
63
-254
-186
-200
129
-215
-221
-218
-213
-63
-116
-233
-255
-252
-216
-254
-249
-243
-246
-250
-241
-247
-253
-254
-255
-253
-255
-254
-255
-254
-246
-248
80
-187
29
-218
133
-189
-203
-195
-200
-65
-73
-237
-247
-245
118
-254
-236
-108
-66
-207
-248
-252
-251
-244
-254
-230
-254
-253
-244
-252
53
-246
77
-254
-223
-161
243
-253
-251
-253
-251
-25
-20
-253
-255
-247
-233
-255
-255
-246
-251
-254
-254
-250
-242
-251
-255
-250
-255
-254
-254
-255
-245
-252
-126
-243
-218
-186
150
-233
-235
-237
-233
-56
-161
-252
-255
-255
-254
-247
-210
-255
-255
-249
-88
83
111
-202
-254
-242
-255
-254
-254
-255
-233
-251
95
-255
-219
-203
121
-244
-245
-244
-244
-59
-85
-255
-253
-200
-238
-254
-249
-241
-234
-177
32
-12
-143
-148
20
-104
-251
-247
-242
-253
13
-222
86
-253
-246
-225
95
-247
-248
-248
-248
-57
-204
-252
-255
-254
-254
-162
-251
-242
-253
-255
-254
-250
-249
-219
-254
-249
-255
-253
-255
-255
-249
-245
51
-240
-226
-162
246
-232
-248
-235
-245
-42
-112
-253
-255
-251
-196
-255
-251
-206
-209
-218
-228
-238
-243
-230
-254
-9
-254
-253
-244
-253
-212
-249
41
-242
-204
-198
234
-247
-251
-252
-250
-23
-64
-197
-243
-246
-193
-75
-253
-253
-255
-254
-244
-245
-240
-245
-254
-238
-254
-253
-253
-254
-173
-246
58
-253
-244
-216
145
-239
-241
-242
-240
-67
-128
-248
-253
-193
-176
-250
-253
-219
-246
-247
-175
-123
-110
-60
-254
-247
-255
-248
-254
-255
-231
-251
79
-249
-220
-205
-125
-232
-233
-233
-232
-87
-128
-246
-255
-254
-230
-255
-252
-251
-201
-193
-250
-254
-254
-235
-255
-252
-255
-255
-250
-254
-252
-253
-6
-253
-231
-191
87
-246
-247
-247
-247
-64
-96
-253
-253
-252
-238
-255
-255
-243
-249
-251
-252
-248
-252
-238
-255
-251
-255
-254
-255
-255
-248
-252
-124
-207
-141
-206
243
-237
-240
-241
-239
-63
102
-253
-254
-252
-224
-254
-237
-252
-199
-181
-207
-233
-243
-54
-254
-146
-187
-144
-247
-253
-205
-240
18
-252
-230
-193
209
-241
-246
-246
-245
-62
-51
-249
-254
-248
-238
-252
-254
-247
-250
-251
-252
-248
-237
-246
-255
-246
-255
-254
-254
-255
-244
-252
-123
-254
-228
-184
57
-253
-253
-253
-253
-72
-85
-252
-255
-250
-236
-254
-254
-252
-254
-253
-250
-253
-251
-252
-255
-249
-255
-254
-254
-255
-241
-254
-130
-251
-229
-212
153
-244
-245
-245
-245
-61
-132
-247
-255
-255
-251
-255
-253
-253
-249
234
-248
-254
-254
-245
-254
-252
-255
-254
-254
-255
-252
-252
-100
-251
-232
-189
9
-227
-229
-229
-228
-44
-191
-251
-254
-224
-183
-255
-247
-232
-240
-252
-242
-247
-230
-246
-254
-254
-255
-252
-255
-255
-253
-248
0
-255
-225
-190
-57
-254
-254
-254
-254
-59
-57
-252
-255
-253
-241
-255
-255
-250
-250
-252
-252
-254
-250
-247
-255
-250
-255
-255
-255
-255
-250
-254
-131
-230
-221
-197
-52
-249
-249
-249
-249
-56
-186
-255
-255
-254
-191
-255
-252
-165
-145
-246
-247
-250
-243
-239
-255
-253
-255
-254
-255
-255
-253
-253
0
-244
-160
-191
98
-251
-251
-251
-251
-34
-93
-253
-255
-252
-235
-197
-236
-241
-240
-208
-109
-41
-60
-208
-254
-250
-255
-253
-254
-255
-248
-250
77
-254
-160
-197
-132
-240
-241
-241
-240
-24
-128
-255
-215
-247
-254
-254
-196
-174
-219
-235
-236
-195
-176
-243
-254
-233
-195
-208
-250
-253
-220
-254
-113
-254
-175
-210
15
-238
-239
-238
-238
-60
-174
-224
-252
-251
-253
-163
-253
-253
-254
-254
-250
-248
-249
-239
-255
-244
-254
-254
-253
-255
-153
-251
56
-230
-157
-218
-145
-239
-235
-241
-237
2
-98
-249
-254
-247
-236
-254
-252
-239
-249
-235
-228
-203
-207
-214
-253
-250
-255
-250
-254
-254
-253
-239
29
-252
-147
-141
-53
-251
-251
-250
-251
-61
-85
-249
-206
-253
-252
-254
-172
-138
-202
-209
-244
-239
-193
-242
-255
-253
-252
-251
-254
-254
-236
-254
-134
-237
-183
-205
110
-198
-183
-207
-183
107
-98
-234
-254
-253
-211
-253
-242
-235
-239
-235
-217
-236
-230
-191
-251
-250
-255
-253
-255
-253
-249
-249
55
-255
-242
-222
-4
-218
-220
-221
-219
-60
-187
-244
-254
-199
-222
-254
-253
-233
-240
-238
-207
-103
-120
-162
-255
-248
-255
-247
-254
-255
-231
-253
58
-249
-242
-148
238
-249
-254
-255
-253
-62
-77
-204
-241
-239
-75
-254
-245
-220
-243
-250
-248
-247
-238
-222
-254
-251
-255
-249
-254
-253
-248
-242
0
-241
-243
-62
-135
-236
-237
-237
-237
-16
-255
-255
-255
-255
-240
-255
-249
-245
-240
-224
-243
-247
-248
-215
-255
-252
-255
-254
-255
-255
-237
-255
81
-237
-166
-214
95
-247
-248
-248
-247
-72
-159
-255
-192
-253
-254
-255
-160
-126
-167
-222
-228
-233
-192
-241
-246
-152
-60
-37
-242
-250
-100
-248
-79
-252
-198
-202
-164
-225
-227
-227
-226
-104
-191
-253
-255
-245
-254
-255
-255
-254
-254
-255
-246
-245
-237
-255
-255
-253
-255
-254
-254
-255
-238
-253
34
-251
-243
-199
-80
-232
-233
-233
-233
-114
-153
-234
-252
-197
-13
-250
-227
-122
-192
-225
-220
-212
-174
-148
-255
-249
-255
-253
-254
-254
-247
-251
51
-218
-172
-159
-54
-242
-242
-242
-242
-56
-57
-248
-255
-252
-204
-255
-250
-148
-225
-248
-249
-252
-251
-242
-255
-194
-250
-251
-250
-254
-177
-250
16
-212
-29
-186
-68
-244
-244
-244
-244
-68
-51
-254
-216
-248
-247
-253
-204
-222
-213
-202
-198
-182
-221
-250
-253
-228
-174
-114
-252
-254
-208
-249
-72
-242
-211
-220
143
-218
-219
-220
-219
-63
-128
-252
-255
-250
-209
-208
-231
-232
-220
-173
-80
-28
-73
-79
-252
-248
-255
-253
-254
-254
-246
-242
84
-253
-225
-188
-53
-249
-249
-249
-249
-59
0
-245
-255
-255
-249
-254
-239
-253
-234
-163
-226
-192
-222
-228
-254
-253
-255
-254
-250
-254
-253
-253
0
-250
-198
-208
233
-245
-244
-245
-244
-60
-71
-238
-254
-255
-253
-213
-143
-255
-255
-251
-160
-41
-107
-119
-253
-237
-254
-254
-253
-254
-216
-249
93
-254
-213
-171
214
-253
-254
-254
-255
56
-78
-249
-246
-249
-227
-236
-246
-251
-249
-253
-245
-251
-253
-248
-254
-243
-255
-254
-254
-255
-246
-251
-121
-254
-250
-206
152
-228
-227
-229
-230
-58
-96
-189
-253
-117
-24
-245
-210
-157
-165
-209
-186
-70
189
-140
-255
-243
-255
-253
-254
-254
-243
-250
58
-252
-244
-190
-70
-245
-246
-245
-245
-53
-96
-254
-255
-253
-241
-212
-219
-245
-246
-248
-230
-215
-222
-246
-254
-250
-255
-254
-254
-255
-248
-246
-51
-249
-201
-165
159
-252
-252
-252
-252
-66
-59
-250
-255
-252
-245
-190
-238
-242
-247
-242
-59
-12
178
-139
-251
-244
-254
-252
-254
-254
-240
-236
81
-253
-193
-176
243
-249
-237
-248
-239
-58
-51
-219
-249
-231
-214
-252
-208
-253
-251
-231
-122
-129
-69
-27
-254
-244
-254
-254
-254
-254
-230
-246
94
-255
-247
-218
151
-249
-250
-250
-249
-58
-139
-233
-255
-209
-180
-244
-254
-226
-228
-235
-220
-196
-162
-138
-254
-243
-255
-252
-254
-255
-225
-249
68
-248
-189
-204
-133
-246
-247
-247
-247
-51
-255
-216
-255
-252
-252
-249
-236
-255
-254
-250
-117
-172
-193
-210
-255
-252
-255
-255
-255
-255
-244
-253
67
-230
-209
-152
95
-237
-239
-240
-238
-55
-21
-247
-245
-155
-208
-240
-231
-218
-207
-216
-159
-110
-48
-185
-254
-249
-255
-254
-255
-255
-248
-251
91
