-203
-229
-111
141
-200
-186
-206
-183
-60
-112
-255
-237
-244
-97
-141
-138
-253
-251
-255
-255
-255
-211
-253
-255
-242
-244
-251
-215
-153
-180
-214
-247
-245
-247
-186
-242
-240
-254
235
-226
-175
-138
-252
-253
-254
-222
-251
0
-255
-245
-209
135
-254
-254
-254
-254
126
-88
-128
-231
-242
-182
76
143
-251
-254
-255
-255
-203
-243
-255
-244
-254
-255
-247
-250
-252
-254
-252
-197
-178
-182
-218
-163
-238
-254
236
-229
-255
-254
-251
-253
-254
-218
-246
0
-249
-183
-207
-163
-239
-240
-240
-240
36
12
-119
-228
-246
-24
-133
-163
-209
-144
-239
-246
-247
-247
-207
-254
-254
-253
-207
-243
-253
-254
-254
-249
-246
-243
-174
-225
-247
-255
236
-241
-254
-254
-229
-198
-252
-202
-251
0
-255
-224
-212
23
-254
-254
-254
-254
-12
-11
-155
-239
-247
-12
-30
-161
-242
-233
-254
-255
-254
-252
-254
-255
-218
-248
-254
-253
-250
-181
2
-242
-253
-255
-217
-252
-254
-255
236
-253
-255
-254
-254
-255
-255
-252
-253
-119
-248
-193
-223
201
-237
-242
-244
-241
84
-5
-85
-208
-222
-61
-249
-185
-168
8
255
255
255
95
255
255
-70
255
-205
74
255
255
255
255
137
-172
30
255
-247
-253
234
-246
-255
-253
-251
-254
-254
-244
-246
0
-239
-171
-70
157
-246
-246
-246
-246
-56
-3
-167
-66
-125
-182
-252
-44
-238
-247
-251
-253
-224
-247
-248
-251
-244
-227
-247
-248
-248
-245
-249
-204
-178
-198
-238
-234
-244
-251
232
-243
-254
-253
-252
-253
-254
-228
-241
60
-239
-101
-193
15
-223
-225
-225
-224
-68
-11
-121
-183
-202
-121
-235
-102
-254
-249
-251
-251
-244
-235
-236
-253
-252
-248
-228
-250
-251
-248
-250
-237
-242
-230
-245
-209
-255
-255
235
-255
-255
-255
-255
-255
-255
-251
-255
0
-242
-177
-76
160
-239
-237
-240
-237
-65
-76
-255
-43
-16
-255
79
-187
-255
-255
-255
-255
-238
-242
-254
-254
-255
-255
-227
-244
-250
-254
-253
-212
-216
-191
-243
-235
-253
-255
236
-251
-255
-254
-216
-221
-240
-245
-251
86
-254
-188
-204
49
-230
-232
-230
-231
-64
-41
-39
-219
-244
-85
-235
-199
-254
-252
-254
-255
-254
-248
-186
-255
-254
-250
-209
-243
-243
-234
-241
-198
-130
-31
-190
-196
-234
-252
234
-250
-255
-253
-253
-255
-255
-248
-246
44
-248
-193
-204
80
-233
-234
-234
-234
-40
-124
-134
-238
-247
-12
-233
-204
-250
-254
-254
-255
-255
-253
-174
-254
-238
-222
-254
-254
-254
-252
-246
-174
-128
-165
-185
-202
-236
-251
235
-243
-255
-253
-254
-254
-253
-231
-243
-3
-189
-131
-207
94
-237
-238
-238
-237
-58
-5
-118
-242
-248
0
-250
-155
-250
-252
-253
-253
-215
57
-253
-254
-254
-253
24
-143
-230
-247
-252
-252
-252
-250
-251
-249
-240
-254
235
-233
-254
-253
-241
-247
-250
-187
-226
0
-243
-178
-213
-33
-219
-222
-222
-221
-60
115
-255
-237
-242
-49
-223
-117
-248
-235
-253
-252
-203
-203
-234
-246
-246
-252
-248
-250
-244
-237
-249
-130
-105
-206
-166
-231
-241
-254
236
-245
-255
-255
-250
-254
-255
-244
-250
25
-253
-250
-226
155
-243
-244
-245
-243
-79
-7
-140
-229
-249
255
-242
-206
-253
-253
-255
-255
-254
-253
-157
-253
-252
-243
-203
-222
-207
-222
-244
-251
-236
-239
-218
-202
-234
-254
238
-238
-254
-254
-245
-251
-254
-243
-251
-102
-243
-163
-208
121
-240
-242
-243
-245
-58
105
-64
-241
-246
24
-249
-169
-243
-205
-254
-254
-235
-224
-255
-255
-253
-249
-214
-241
-239
-237
-234
-155
-169
-212
-196
-188
-2
-252
234
-246
-255
-249
-254
-254
-254
-193
-234
-43
-208
-122
-194
-150
-208
-210
-210
-209
255
-255
-178
-239
-243
-61
-123
-177
-240
-236
-254
-255
-252
-251
-236
-254
-230
-185
-252
-254
-251
-239
-221
-193
-204
-238
-171
-181
-248
-253
234
-249
-255
-254
-255
-255
-255
-245
-250
0
-253
-229
-170
-57
-250
-250
-250
-250
-11
39
-146
-119
-143
-170
-243
-171
-255
-255
-255
-253
-244
-252
-255
-255
-254
-248
-250
-252
-241
-233
-218
-6
-160
-209
-226
-238
-188
-80
67
-145
-251
-246
-238
-246
-254
-82
-234
32
-220
-89
-121
-128
-246
-247
-247
-246
-67
-113
-128
-209
-224
-182
-209
-99
-255
-254
-255
-255
-250
-253
-255
-252
-254
-251
-253
-251
-253
-250
-244
-225
-235
-240
-251
-251
-249
-254
235
-251
-255
-252
-254
-255
-253
-244
-247
34
-252
-222
-205
49
-247
-249
-251
-252
-61
-62
-45
-238
-244
-85
-235
-102
-254
-254
-255
-253
-181
-216
-255
-255
-252
-254
-193
-223
-229
-229
-186
-138
-91
-60
-189
-210
-196
52
-60
-159
-252
-247
-238
-247
-252
-68
-219
0
-254
-242
-198
-26
-253
-253
-253
-253
-4
-38
-73
-236
-244
-97
-216
-96
-252
-254
-255
-254
-241
-253
-255
-236
-255
-254
-249
-253
-253
-252
-247
-135
-215
-234
-230
-224
-251
-255
235
-249
-255
-255
-254
-254
-255
-246
-253
-35
-252
-243
-206
237
-213
-243
-219
-238
-55
-99
-153
-244
-248
0
-246
-182
-252
-253
-255
-252
-228
-251
-255
-244
-254
-248
-245
-249
-244
-237
-211
-197
-180
-211
-231
-221
-248
-254
235
-244
-255
-254
-254
-254
-254
-238
-250
25
-207
-39
-216
-130
-244
-245
-245
-244
-61
-50
-255
-217
-220
-134
-220
-142
-254
-243
-252
-250
-220
-185
-197
-246
-246
-234
-247
-250
-249
-248
-245
-241
-241
-233
-230
-221
-253
-255
236
-178
-255
-255
-253
-255
-255
-238
-255
0
-252
-211
-171
90
-252
-252
-252
-252
-94
-106
-150
-232
-242
-24
-227
-198
-241
-254
-255
-255
-255
-254
-254
-255
-222
-226
-254
-254
-253
-250
-244
-231
-237
-230
-217
-245
-250
-254
235
-250
-255
-254
-254
-255
-254
-250
-246
-8
-250
-228
-226
122
-230
-227
-232
-227
-38
36
-109
-243
-249
-97
-142
-141
-240
-215
-252
-254
-254
-251
-253
-255
-212
-243
-252
-253
-241
-105
166
-245
-252
-253
-193
-254
-252
-255
236
-252
-255
-254
-254
-255
-255
-252
-252
-149
-251
-194
-205
-50
-249
-250
-250
-249
-73
-69
-109
-211
-237
-158
-219
-64
-255
-255
-255
-255
-246
-250
-255
-253
-254
-254
-250
-253
-252
-254
-253
-245
-235
-241
-254
-253
-251
-255
235
-246
-255
-254
-252
-253
-255
-227
-250
-81
-243
-132
-207
152
-244
-244
-244
-244
-57
-65
-206
-246
-249
0
-249
-183
-241
-242
-254
-254
-249
-241
-254
-254
-253
-251
-235
-247
-246
-244
-241
-221
-230
-221
-231
-237
-254
-255
236
-247
-255
-254
-253
-253
-254
-229
-251
56
-250
-140
-172
-63
-238
-244
-242
-242
-76
83
-55
-241
-248
-61
-232
-112
-247
-229
-254
-254
-239
-219
-255
-255
-254
-251
-236
-228
-237
-236
-235
-208
-224
-233
-227
-193
-251
-252
234
-250
-255
-253
-254
-254
-254
-250
-231
-48
-252
-173
-211
205
-249
-247
-249
-247
-58
-85
-70
-208
-237
12
-243
-209
-166
-221
-253
-254
-254
-254
-132
-255
-254
-252
-243
-254
-254
-255
-255
-250
-246
-242
-239
-246
-235
-255
236
-204
-254
-253
-252
-251
-254
-101
-246
-68
-255
-251
-198
147
-244
-245
-245
-244
-46
-19
0
-229
-235
-36
-250
-188
-221
-245
-255
-255
-183
-64
-254
-254
-252
-248
-160
-210
-234
-222
-233
-226
-149
-125
-177
-212
-254
-255
236
-251
-255
-254
-255
-254
-255
-242
-254
0
-252
-202
-178
221
-245
-243
-242
-243
-59
-38
-78
-215
-230
49
-230
-199
-255
-254
-254
-255
-255
-252
-251
-254
-197
-220
-253
-251
-248
-240
-121
-171
-156
-199
255
-89
-247
-254
236
-250
-255
-253
-253
-255
-255
-249
-250
-6
-252
-242
-209
91
-240
-242
-242
-241
-47
-76
-165
-231
-239
-73
-203
-30
-251
-242
-251
-244
-250
-251
-253
-254
-244
-242
-221
-245
-240
-251
-250
-242
-181
-226
-251
-251
-250
-255
236
-251
-239
-215
-253
-255
-255
-238
-246
-82
-197
-115
-161
-74
-233
-233
-233
-233
-63
-29
0
-250
-253
-73
-215
-91
-246
-209
-248
-252
-243
-248
-249
-253
-255
-254
-247
-253
-252
-253
-251
-231
-242
-238
-253
-250
-249
-245
227
-248
-255
-252
-254
-254
-252
-241
-243
51
-225
-221
-173
231
-247
-253
-254
-252
-47
-51
-128
-229
-237
-146
-125
-152
-239
-245
-253
-255
-252
-244
-253
-255
-181
-14
-253
-254
-251
-235
-123
-123
-172
-208
-15
48
-228
-253
235
-240
-254
-253
-253
-254
-254
-231
-244
0
-255
-238
-209
82
-252
-252
-252
-252
-65
-93
-93
-241
-247
-36
-240
-107
-250
-252
-255
-255
-211
-241
-255
-243
-254
-254
-242
-238
-251
-253
-252
-194
-184
-200
-215
-208
-251
-254
236
-247
-255
-254
-254
-254
-254
-242
-251
-27
-219
34
-137
-130
-251
-251
-251
-251
-56
-108
-128
-223
-234
-134
-223
-106
-254
-252
-254
-250
-239
-42
-243
-255
-247
-243
-132
-157
-207
-225
-240
-252
-250
-246
-248
-253
-251
-255
236
-248
-254
-254
-249
-250
-253
-219
-253
0
-243
-219
-200
220
-239
-243
-244
-242
-57
-78
-102
-235
-246
134
-236
-205
-246
-248
-254
-255
-254
-252
-212
-255
-246
-198
-255
-255
-255
-255
-251
-147
38
-43
-206
-191
-232
-253
234
-246
-255
-254
-254
-254
-255
-227
-248
0
-248
-141
-169
219
-252
-252
-252
-252
-43
-118
-51
-171
-191
-146
-234
-92
-255
-255
-255
-178
-244
-249
-253
-254
-217
-135
-83
-135
-121
-186
-217
-220
-178
-137
-238
-232
-246
-252
234
-236
-210
-228
-246
-248
-251
-207
-250
-156
-255
-251
-209
-135
-252
-252
-252
-252
45
-109
-98
-236
-241
-121
-222
-111
-244
-221
-244
-248
-194
-130
-248
-255
-251
-249
-218
-245
-243
-234
-242
-207
-230
-215
-214
-204
-255
-255
236
-253
-255
-255
-255
-255
-255
-251
-255
0
-204
-50
-126
-73
-237
-238
-237
-237
-74
-80
-255
-221
-233
-97
-86
-136
-255
-255
-255
-255
-254
-250
-249
-255
-234
-239
-253
-253
-252
-174
-107
-200
-223
-212
-186
-219
-253
-254
236
-253
-255
-253
-255
-255
-254
-254
-247
-8
-190
-92
-215
19
-230
-232
-231
-231
-67
36
-96
-236
-247
0
-229
-197
-235
-172
-249
-252
-252
-248
-234
-254
-233
-186
-254
-254
-248
-239
-230
-127
-87
-93
-161
-125
-246
-253
235
-247
-255
-252
-254
-255
-253
-246
-242
-4
-234
-164
-190
-85
-214
-216
-217
-215
-162
23
-150
-245
-247
-85
-81
-146
-234
-242
-253
-254
-254
-243
-253
-255
-248
-236
-253
-250
-252
-247
-248
-241
-246
-245
-247
-250
-245
-255
236
-252
-255
-254
-254
-255
-253
-245
-245
0
-249
-180
-215
82
-249
-249
-249
-249
-105
-123
-128
-234
-246
36
-231
-202
-249
-207
-253
-254
-254
-253
-251
-255
-251
-235
-255
-255
-255
-255
-251
-174
-106
-73
-168
-125
-250
-255
236
-250
-253
-252
-255
-255
-254
-241
-252
-60
-207
-173
-175
11
-216
-218
-217
-217
-54
-137
-64
-223
-235
-49
-23
-103
-252
-254
-255
-255
-254
-203
-254
-255
-252
-241
-214
-224
-159
-221
-247
-231
-238
-245
-223
-242
-21
-227
214
80
-170
60
-178
-227
-248
116
-53
-101
-253
-210
-216
-146
-251
-252
-252
-251
-25
-94
-112
-225
-231
-146
-207
-97
-215
255
-189
-236
-237
-233
-251
-254
-253
-251
-251
-249
-244
-235
-233
-211
-196
-231
-216
-230
-246
-255
248
-235
-255
-252
-254
-254
-197
-242
-247
-105
-253
-121
-180
215
-250
-249
-249
-250
-56
-123
0
-80
43
-206
-227
-222
-234
-251
-254
-254
-252
-217
-253
-254
-235
-225
-235
-215
-219
-224
-198
-180
-164
-216
-188
-199
-236
-254
236
-216
-207
-208
-251
-252
-254
-214
-246
0
-171
-107
-216
161
-245
-244
-245
-246
-66
-61
-55
-240
-245
-24
-247
-123
-254
-254
-255
-254
-240
-251
-254
-253
-255
-253
-242
-252
-251
-252
-241
-207
-211
-212
-249
-251
-250
-254
235
-251
-254
-252
-253
-254
-254
-235
-247
-8
-214
-220
-112
152
-230
-232
-234
-231
-58
-101
-128
-238
-245
49
-226
-204
-255
-255
-255
-255
-255
-250
-255
-255
-236
-228
-250
-245
-229
-115
-104
-144
-183
-247
-122
-206
-251
-255
236
-251
-255
-253
-254
-255
-255
-251
-252
-8
-235
-172
-201
145
-225
-227
-229
-225
-52
72
0
-220
-231
-61
-255
-249
-250
-253
-255
-255
-208
-236
-254
-255
-255
-254
-243
-248
-250
-254
-253
-238
-185
-148
-229
-223
-249
-255
236
-252
-255
-254
-251
-253
-255
-245
-254
43
-223
-250
-157
217
-224
-231
-234
-229
-55
-69
-255
-242
-248
24
-248
-186
-255
-255
-255
-255
-238
-182
-255
-255
-254
-255
-226
-241
-245
-251
-252
-251
-246
-224
-249
-239
-250
-255
236
-251
-255
-253
-253
-254
-255
-229
-252
30
-244
-205
-108
-25
-245
-245
-245
-245
-58
-93
-255
-249
-252
-49
-222
-115
-255
-255
-255
-255
-242
-251
-255
-254
-255
-255
-244
-253
-254
-254
-254
-221
-216
-221
-233
-243
-248
-255
236
-241
-254
-253
-87
-119
-198
-233
-247
54
-251
-243
-173
-25
-242
-242
-242
-241
-59
-80
-151
-244
-249
-85
-53
-122
-248
-242
-254
-255
-247
-200
-254
-255
-238
-235
-243
-241
-251
-243
-239
-246
-249
-248
-233
-245
-251
-255
236
-253
-255
-252
-255
-255
-254
-253
-250
-51
-246
-176
-206
-53
-227
-229
-229
-228
-54
89
-91
-181
-208
-134
-236
-213
-222
-221
-253
-255
-254
-253
-136
-255
-254
-254
-244
-251
-251
-252
-255
-255
-254
-255
-232
-213
-245
-255
236
-232
-254
-254
-253
-253
-255
-181
-250
0
-248
-76
-145
-129
-248
-249
-249
-249
81
-98
-139
-247
-250
-49
-117
-127
-246
-252
-255
-254
-251
-243
-245
-254
-240
-236
-252
-253
-248
-224
-226
-204
-219
-225
-216
-210
-195
-250
233
-146
-55
199
-230
-245
-253
-114
-240
-10
-251
-235
-227
-163
-203
-206
-206
-205
-108
117
-149
-223
-241
-182
-224
-127
160
116
-235
-250
-238
62
-245
-253
-231
-245
-130
-138
-44
-132
-201
-227
-233
-234
-188
-237
-247
-255
236
-248
-255
-254
-253
-254
-255
-247
-251
1
-225
-179
-216
-137
-240
-241
-241
-240
-68
-6
-102
-247
-249
-61
-222
-115
-244
-235
-252
-254
-240
-227
-248
-255
-253
-251
-249
-245
-252
-253
-251
-238
-215
-221
-245
-236
-249
-254
236
-251
-255
-254
-253
-254
-255
-249
-251
-11
-247
-196
-211
121
-227
-230
-229
-228
-69
-36
-119
-240
-247
-134
-144
-138
-253
-250
-255
-255
-255
-253
-255
-255
-244
-220
-254
-254
-253
-228
-230
-218
-187
-237
-208
-204
-240
-247
234
-238
-255
-160
-229
-249
-247
-232
-156
-6
-254
-231
-217
-150
-254
-254
-254
-254
18
-32
-70
-158
-198
-182
-115
-138
-245
-244
-254
-255
-254
-246
-254
-255
-252
-254
-250
-247
-212
-81
-220
-244
-250
-245
-251
-254
-251
-255
236
-253
-255
-255
-254
-255
-255
-253
-254
-119
-254
-249
-243
247
-187
-198
-194
-191
-86
134
-78
-246
-252
-49
-216
-110
-255
-255
-255
-255
-221
-219
-255
-254
-255
-254
-248
-247
-233
-249
-252
-236
-173
-163
-222
-243
-251
-255
235
-252
-255
-252
-254
-255
-255
-248
-252
44
-253
-166
-179
-87
-251
-252
-252
-252
-90
-74
-46
-247
-249
-97
-215
-117
-244
-251
-255
-254
-251
-249
-255
-253
-255
-253
-246
-251
-252
-251
-249
-248
-248
-249
-255
-254
-250
-255
235
-247
-255
-254
-253
-254
-255
-235
-251
-77
-183
-202
-170
-132
-235
-235
-235
-235
-50
21
-198
-225
-233
-170
-220
-111
-254
-254
-252
-250
-172
-157
-247
-253
-247
-247
-147
-210
-240
-248
-251
-251
-243
-185
-239
-223
-252
-255
236
-248
-255
-255
-252
-253
-255
-229
-254
0
-252
-226
-148
94
-239
-239
-238
-238
-35
8
-93
-223
-232
-134
-243
-106
-246
-250
-255
-254
-187
-221
-251
-252
-252
-253
-226
-250
-250
-252
-238
-160
-160
-96
-204
-208
-236
-254
235
-236
-255
-255
-245
-253
-255
-231
-248
114
-233
-231
-102
155
-224
-217
-227
-215
-80
37
-159
-232
-242
-194
78
213
-255
-253
-255
-254
-227
-241
-254
-254
-253
-252
-235
-245
-253
-253
-253
-219
-199
-215
-232
-222
-248
-255
236
-248
-254
-254
-254
-254
-255
-228
-249
0
-252
-216
-190
56
-249
-249
-249
-249
-58
-186
-73
-239
-244
-73
-234
-94
-236
-224
-254
-254
-244
-246
-254
-254
-254
-252
-244
-249
-249
-243
-247
-218
-243
-222
-240
-240
-252
-255
236
-220
-255
-254
-251
-252
-253
-244
-250
65
-254
-221
-189
-129
-254
-254
-254
-254
-255
-101
-46
-243
-249
-109
-220
-102
-253
-253
-254
-255
-250
-244
-254
-255
-255
-255
-249
-251
-251
-252
-254
-251
-244
-242
-244
-247
-255
-255
236
-253
-255
-255
-255
-255
-255
-253
-254
-137
-255
-244
-210
-142
-245
-246
-246
-245
-64
-140
-149
-206
-219
-170
-223
-132
-243
-251
-255
-255
-249
-184
-252
-255
-254
-254
-217
-240
-241
-248
-247
-235
-243
-203
-220
-175
-251
-255
235
-249
-255
-253
-255
-254
-255
-239
-254
-68
-227
-164
-196
202
-217
-222
-226
-223
149
158
-106
-203
-235
-134
-134
-135
-251
-251
-254
-255
-254
-249
-87
-255
-252
-250
-216
-244
-252
-244
-227
-230
-181
-54
-144
-240
-220
-251
234
-246
-254
-249
-247
-254
-254
-242
-240
48
-236
-214
-212
115
-164
-144
-174
-144
-33
115
-77
-237
-242
-170
75
-6
-246
-243
-254
-254
-180
-201
-244
-250
-250
-254
-229
-248
-247
-249
-248
-132
-50
-112
-142
-184
-230
-254
236
-239
-254
-254
-245
-253
-255
-228
-246
81
-225
-58
-115
244
-182
-183
-185
-181
-61
-88
-85
-245
-251
-109
-217
-135
-185
-250
-255
-254
-248
-235
-255
-255
-250
-251
-241
-243
-241
-237
-224
-226
-209
-213
-200
-241
-247
-255
236
-250
-255
-254
-253
-253
-254
-244
-249
46
-231
-78
-202
-59
-241
-241
-241
-241
-43
34
-144
-241
-242
121
-232
-186
-233
-233
-251
-252
-242
-232
-242
-253
-247
-250
-240
-251
-251
-248
-247
-249
-250
-252
-242
-234
-251
-255
235
-252
-255
-254
-254
-255
-252
-251
-252
0
-186
-166
-7
152
-231
-232
-235
-231
-55
-122
-21
-229
-238
-85
-222
-197
-254
-255
-255
-255
-254
-211
-255
-255
-250
-246
-205
-189
-211
-175
-227
-237
-254
-252
-242
-231
-246
-255
236
-230
-228
-199
-246
-253
-255
-242
-251
-11
-255
-243
-154
246
-253
-253
-254
-253
-81
-122
-112
-234
-241
-73
-249
-190
-203
-213
-253
-254
-131
143
-252
-252
-228
-213
-19
25
-103
-185
-225
-186
-183
-123
-121
-177
-247
-255
236
-246
-255
-253
-251
-253
-254
-242
-249
-43
-254
-244
-203
133
-250
-251
-251
-251
-56
-196
-153
-227
-235
-36
-249
-190
-211
-123
-250
-253
-192
198
-249
-251
-210
-189
169
-87
-90
-127
-193
-182
-154
-162
-166
-152
-248
-255
236
-247
-255
-253
-251
-254
-254
-244
-251
-30
-254
-194
-209
113
-252
-253
-252
-253
-59
-45
-149
-213
-237
-61
-240
-208
-178
-101
-251
-245
-226
-126
-134
-253
-252
-253
-243
-248
-255
-255
-255
-248
-246
-244
-200
-232
-240
-255
235
-235
-254
-254
-254
-252
-255
-118
-251
94
-188
-11
-202
93
-235
-236
-235
-235
-58
21
-121
-175
-200
-146
-253
-78
-249
-253
-254
-252
-251
-251
-252
-254
-248
-253
-237
-238
-243
-251
-255
-251
-253
-253
-248
-248
-254
-255
235
-254
-255
-255
-255
-255
-255
-249
-253
94
-253
-234
-177
-130
-254
-254
-254
-254
-14
-72
-255
-226
-235
-146
-212
-111
-255
-255
-255
-254
-214
-245
-254
-255
-251
-252
-243
-248
-251
-248
-223
-108
-138
-119
-205
-243
-253
-252
233
-253
-255
-254
-255
-255
-255
-236
-254
73
-227
-161
-197
161
-243
-243
-244
-243
-80
-62
-98
-227
-235
-158
106
134
-255
-255
-254
-200
-238
-240
-252
-253
-239
-156
-221
-124
-175
-165
-234
-215
-193
-192
-244
-210
-238
-254
237
-225
-157
-175
-252
-251
-254
-194
-251
-70
-251
-249
-223
-124
-226
-229
-229
-228
-79
108
-119
-243
-251
12
-130
-140
-254
-252
-255
-255
-255
-255
-225
-239
-255
-254
-230
-244
-219
-201
-229
-251
-252
-254
-234
-217
-218
-255
236
-223
-254
-254
-240
-252
-255
-238
-253
0
-226
36
-167
-164
-244
-247
-250
-250
-67
128
-21
-225
-231
-121
-224
-107
-254
-254
-254
-255
-220
-96
-253
-253
-229
-228
-156
-218
-216
-237
-240
-248
-251
-249
-213
-237
-252
-255
236
-247
-255
-255
-255
-254
-255
-235
-253
82
-253
-35
-78
-25
-243
-244
-244
-244
-53
-124
-255
-113
-112
-158
-230
-93
-254
-252
-252
-252
-245
-210
-236
-252
-253
-249
-229
-246
-247
-251
-246
-251
-251
-242
-245
-223
-233
-254
236
-215
-205
-190
-250
-252
-254
-194
-204
58
-250
-233
-224
158
-248
-248
-248
-248
-72
-14
-116
-245
-251
-36
-250
-123
-227
-121
-235
-243
-209
-199
-253
-251
-252
-248
-232
-243
-248
-250
-244
-245
-222
-236
-247
-253
-245
-255
236
-253
-255
-249
-254
-255
-254
-251
-246
51
-250
-232
-215
-1
-225
-227
-227
-226
-35
-146
-77
-235
-246
36
-237
-216
-232
-185
-248
-248
-243
-237
-221
-254
-253
-252
-247
-253
-254
-254
-254
-250
-244
-238
-193
-249
-236
-252
234
-250
-255
-252
-251
-254
-254
-247
-248
39
-255
-227
-216
-84
-255
-255
-255
-255
-84
-10
-82
-234
-241
36
-242
-166
-250
-181
-251
-246
-245
-245
-253
-251
-253
-246
-251
-249
-249
-248
-243
-244
-244
-244
-252
-255
-249
-255
236
-254
-255
-250
-255
-255
-255
-253
-249
-3
-202
-87
-200
-92
-225
-227
-227
-226
-90
-61
0
-247
-250
0
-85
-122
-222
-238
-253
-252
-251
-246
-246
-255
-228
-229
-251
-251
-249
-244
-111
-80
-84
-214
-144
-136
-249
-252
238
-253
-255
-250
-254
-255
-254
-253
-240
0
-241
-99
-182
-79
-244
-245
-245
-245
-74
57
-106
-226
-235
-146
-196
-75
-255
-255
-255
-214
-244
-252
-254
-253
-227
-202
-177
-174
-213
-215
-208
-211
-212
-171
-247
-247
-229
-253
235
-215
-249
-243
255
238
95
-203
-223
-118
-250
-210
-165
-59
-249
-249
-249
-249
-62
-72
-36
-192
-206
-61
-244
-175
-235
-227
-254
-254
-204
-244
-253
-253
-254
-254
-250
-252
-253
-253
-248
-186
-107
-156
-151
-199
-250
-254
242
-240
-255
-254
-254
-254
-218
-242
-249
42
-242
-239
-215
228
-249
-254
-255
-253
-90
1
-191
-236
-243
-97
-117
-137
-255
-255
-255
-255
-255
-196
-255
-255
-240
-248
-248
-172
-109
-76
-184
-232
-229
-248
-114
-215
-249
-254
237
-251
-255
-251
-254
-255
-254
-251
-249
-1
-227
54
-207
-31
-226
-229
-228
-228
-60
109
-255
-36
-71
-219
-233
-116
-227
-224
-251
-253
-187
-72
-184
-237
255
57
-128
-166
-219
-232
-240
-235
-220
-235
-227
-155
-251
-255
236
-244
-255
-254
-253
-253
-254
-125
-251
108
-216
-216
-104
25
-235
-237
-236
-236
-58
-51
-255
-186
-211
-121
-29
-122
-255
-255
-255
-255
-255
-252
-254
-255
-215
-240
-251
-247
-244
-208
-27
-193
-241
-234
-132
-177
-251
-254
235
-252
-255
-253
-254
-255
-255
-253
-250
102
-250
-100
-158
155
-247
-248
-247
-248
-51
-84
-135
-188
-201
-146
-222
-53
-244
-252
-255
-193
-248
-249
-252
-254
-222
-165
-144
-129
-144
-156
-214
-217
-205
-140
-244
-221
-247
-254
237
-236
-241
-242
-203
-212
-226
-218
-249
-122
-248
-110
-168
160
-249
-250
-250
-249
-62
-40
-70
-235
-240
49
-225
-194
-184
-252
-255
-254
-254
-207
-252
-255
-246
-237
-249
-231
-184
-201
-227
-193
-229
-219
-205
-230
-236
-254
236
-221
-250
-245
-248
-252
-254
-241
-246
22
-243
-228
-183
-70
-236
-237
-238
-237
-67
33
-96
-235
-241
-85
-77
-136
-222
33
-242
-248
-244
-218
-252
-255
-253
-253
-214
-240
-243
-245
-241
-245
-235
-213
-233
-249
-251
-255
235
-252
-255
-254
-255
-255
-255
-242
-254
46
-234
-159
-125
-78
-233
-234
-234
-233
-68
-40
0
-181
-206
-170
-229
-122
-237
-250
-255
-255
-253
-225
-255
-255
-253
-253
-250
-244
-248
-253
-255
-254
-246
-248
-255
-255
-253
-255
236
-254
-255
-254
-255
-255
-253
-251
-247
82
-239
-186
-209
12
-222
-224
-223
-223
-64
-2
-184
-168
-227
-109
-231
-200
-253
-253
-255
-255
-246
-245
-195
-255
-254
-242
-238
-241
-244
-247
-230
-45
34
175
-148
-198
-226
-252
234
-246
-255
-253
-247
-252
-254
-244
-243
60
-228
-23
-177
151
-226
-228
-228
-227
-62
47
0
-210
-173
-134
-246
-121
-237
-237
-253
-245
-234
-232
-248
-236
-232
-198
-218
-227
-200
-209
-226
-132
-204
-211
-245
-251
-252
-254
235
-249
-255
-246
-254
-254
-254
-246
-250
126
-242
-164
-63
55
-243
-244
-244
-243
-58
22
-128
-195
-208
-85
-230
-101
-254
-236
-236
-250
-208
-186
-244
-251
-246
-225
-234
-250
-246
-243
-243
-187
-170
-216
-233
-228
-246
-254
237
-248
-255
-254
-253
-254
-254
-232
-247
100
-240
-224
-233
-68
-242
-243
-243
-243
-58
102
-222
-252
-253
-61
-223
-105
-244
-246
-254
-254
-245
-247
-254
-254
-254
-253
-251
-253
-253
-235
-251
-235
-221
-216
-239
-251
-252
-254
235
-248
-255
-254
-252
-254
-255
-251
-250
58
-98
-196
-105
-69
-231
-233
-233
-232
-57
-25
-255
-213
-229
-158
-226
-129
-254
-254
-255
-254
-227
-41
-250
-254
-243
-251
-86
-133
-239
-246
-235
-253
-254
-235
-230
-234
-252
-255
236
-248
-255
-255
-251
-251
-254
-234
-253
98
-254
-224
-171
-135
-240
-241
-241
-240
-16
-74
-106
-244
-248
-73
-223
-127
-252
-252
-255
-255
-252
-247
-254
-255
-254
-254
-247
-253
-254
-254
-253
-252
-254
-251
-243
-245
-253
-255
235
-252
-255
-255
-255
-255
-255
-250
-254
-123
-253
-243
-217
-4
-219
-220
-222
-218
-8
33
-132
-243
-249
-61
-233
-119
-246
-233
-254
-255
-228
-241
-255
-246
-255
-254
-230
-245
-252
-254
-253
-200
-216
-204
-223
-209
-236
-255
236
-229
-255
-254
-251
-253
-254
-216
-245
63
-254
-186
-200
129
-215
-221
-218
-213
-63
-18
-116
-224
-234
-134
-248
-183
-233
-251
-255
-255
-252
-216
-254
-255
-252
-249
-242
-243
-246
-237
-250
-241
-247
-253
-254
-253
-252
-255
236
-253
-255
-254
-255
-255
-254
-246
-248
80
-187
29
-218
133
-189
-203
-195
-200
-65
9
-73
-224
-237
-158
-222
-125
-237
-228
-240
-247
-245
118
-254
-249
-194
-236
-210
-108
-66
-173
-207
-248
-252
-251
-244
-246
-247
-254
236
-230
-254
-253
-235
-244
-252
53
-246
77
-254
-223
-161
243
-253
-251
-253
-251
-25
-163
-20
-225
-237
-24
-248
-188
-253
-254
-255
-255
-247
-233
-255
-255
-255
-255
-236
-246
-251
-254
-254
-254
-250
-242
-251
-242
-253
-255
236
-250
-255
-254
-254
-254
-255
-245
-252
-126
-243
-218
-186
150
-233
-235
-237
-233
-56
-105
-161
-223
-240
12
-233
-206
-252
-248
-254
-255
-255
-254
-247
-255
-248
-210
-255
-255
-255
-255
-249
-88
83
111
-202
-127
-223
-254
235
-242
-255
-254
-254
-254
-255
-233
-251
95
-251
-229
-213
125
-229
-228
-231
-227
-58
-41
-184
-237
-242
-146
80
-8
-251
-238
-254
-253
-141
-193
-255
-254
-252
-254
-204
-210
-232
-207
-227
-19
18
-18
-159
-181
-115
131
-135
-17
-248
-241
-207
-235
-252
144
-209
129
-255
-219
-203
121
-244
-245
-244
-244
-59
-132
-85
-202
-211
-109
-248
-152
-255
-255
-255
-253
-200
-238
-254
-255
-254
-249
-239
-241
-234
-234
-177
32
-12
-143
-148
-202
-165
20
-29
-104
-251
-247
-233
-242
-253
13
-222
86
-253
-246
-225
95
-247
-248
-248
-248
-57
-62
-204
-237
-246
49
-238
-211
-252
-248
-254
-255
-254
-254
-162
-255
-255
-251
-219
-242
-253
-255
-255
-254
-250
-249
-219
-249
-242
-254
236
-249
-255
-253
-254
-255
-255
-249
-245
51
-240
-226
-162
246
-232
-248
-235
-245
-42
48
-112
-235
-242
36
-224
-186
-253
-255
-255
-255
-251
-196
-255
-255
-252
-251
-233
-206
-209
-212
-218
-228
-238
-243
-230
-238
-240
-254
238
-9
-254
-253
-237
-244
-253
-212
-249
41
-242
-204
-198
234
-247
-251
-252
-250
-23
-71
-64
-67
-190
-158
-133
-135
-197
89
-245
-243
-246
-193
-75
-252
-254
-253
-249
-253
-255
-253
-254
-244
-245
-240
-245
-247
-241
-254
236
-238
-254
-253
-254
-253
-254
-173
-246
58
-253
-244
-216
145
-239
-241
-242
-240
-67
-145
-128
-217
-226
-49
-250
-181
-248
-235
-254
-253
-193
-176
-250
-254
-254
-253
-196
-219
-246
-247
-247
-175
-123
-110
-60
-172
-249
-254
235
-247
-255
-248
-255
-254
-255
-231
-251
79
-249
-220
-205
-125
-232
-233
-233
-232
-87
25
-128
-235
-244
-73
-106
-131
-246
-213
-255
-255
-254
-230
-255
-255
-244
-252
-253
-251
-201
-116
-193
-250
-254
-254
-235
-255
-252
-255
236
-252
-255
-255
-245
-250
-254
-252
-253
-6
-253
-231
-191
87
-246
-247
-247
-247
-64
-111
-96
-215
-237
-61
-254
-58
-253
-246
-255
-253
-252
-238
-255
-255
-255
-255
-247
-243
-249
-251
-251
-252
-248
-252
-238
-250
-253
-255
236
-251
-255
-254
-254
-255
-255
-248
-252
-124
-207
-141
-206
243
-237
-240
-241
-239
-63
-24
102
-239
-245
-134
-120
-133
-253
-252
-255
-254
-252
-224
-254
-255
-224
-237
-253
-252
-199
-157
-181
-207
-233
-243
-54
-209
255
-254
240
-146
-187
-144
-235
-247
-253
-205
-240
18
-252
-230
-193
209
-241
-246
-246
-245
-62
-40
-51
-238
-246
49
-248
-196
-249
-247
-254
-254
-248
-238
-252
-255
-255
-254
-242
-247
-250
-251
-251
-252
-248
-237
-246
-244
-254
-255
236
-246
-255
-254
-254
-254
-255
-244
-252
-123
-254
-228
-184
57
-253
-253
-253
-253
-72
-141
-85
-158
-191
-158
-243
-99
-252
-253
-255
-255
-250
-236
-254
-255
-255
-254
-235
-252
-254
-254
-253
-250
-253
-251
-252
-247
-253
-255
236
-249
-255
-254
-254
-254
-255
-241
-254
-130
-251
-229
-212
153
-244
-245
-245
-245
-61
-45
-132
-235
-244
24
-225
-199
-247
-235
-255
-255
-255
-251
-255
-255
-232
-253
-254
-253
-249
-144
234
-248
-254
-254
-245
-255
-253
-254
235
-252
-255
-254
-253
-254
-255
-252
-252
-100
-251
-232
-189
9
-227
-229
-229
-228
-44
-119
-191
-236
-241
-109
-239
-111
-251
-237
-254
-254
-224
-183
-255
-254
-250
-247
-241
-232
-240
-249
-252
-242
-247
-230
-246
-242
-251
-254
236
-254
-255
-252
-255
-255
-255
-253
-248
0
-255
-225
-190
-57
-254
-254
-254
-254
-59
-114
-57
-230
-236
109
-244
-186
-252
-253
-255
-255
-253
-241
-255
-255
-255
-255
-248
-250
-250
-251
-252
-252
-254
-250
-247
-246
-253
-255
236
-250
-255
-255
-255
-255
-255
-250
-254
-131
-255
-240
-84
-113
-255
-255
-255
-255
-14
-204
-73
-238
-247
-158
255
72
-254
-254
-255
-252
-255
-255
-251
-255
-249
-254
-237
-252
-254
-252
-253
-216
-232
-236
-254
-250
-250
-255
235
-253
-247
-235
-253
-255
-255
-249
-251
73
-230
-221
-197
-52
-249
-249
-249
-249
-56
-73
-186
-186
-208
-85
-244
-197
-255
-255
-255
-255
-254
-191
-255
-255
-253
-252
-192
-165
-145
-237
-246
-247
-250
-243
-239
-246
-254
-255
236
-253
-255
-254
-255
-255
-255
-253
-253
0
-244
-160
-191
98
-251
-251
-251
-251
-34
-81
-93
-234
-249
61
-231
-213
-253
-253
-255
-255
-252
-235
-197
-255
-249
-236
-232
-241
-240
-210
-208
-109
-41
-60
-208
-119
-238
-254
236
-250
-255
-253
-252
-254
-255
-248
-250
77
-254
-160
-197
-132
-240
-241
-241
-240
-24
-11
-128
-194
-216
-182
211
175
-255
-255
-255
-215
-247
-254
-254
-254
-224
-196
-158
-174
-219
-237
-235
-236
-195
-176
-243
-243
-244
-254
235
-233
-195
-208
-249
-250
-253
-220
-254
-113
-248
-233
-197
207
-245
-252
-253
-251
-1
50
-109
-243
-247
-146
-210
-97
-220
-245
-254
-242
-217
-209
-252
-252
-243
-234
-232
-238
-237
-224
-218
-176
-195
-211
-252
-243
-243
-253
236
-247
-250
-229
-252
-254
-250
-234
-235
105
-230
-157
-218
-145
-239
-235
-241
-237
2
50
-98
-237
-244
-134
-223
-109
-249
-176
-253
-254
-247
-236
-254
-255
-253
-252
-243
-239
-249
-247
-235
-228
-203
-207
-214
-228
-252
-253
234
-250
-255
-250
-252
-254
-254
-253
-239
29
-252
-147
-141
-53
-251
-251
-250
-251
-61
-123
-85
-241
-246
49
-243
-163
-249
-251
-254
-206
-253
-252
-254
-254
-224
-172
-184
-138
-202
-207
-209
-244
-239
-193
-242
-244
-255
-255
237
-253
-252
-251
-254
-254
-254
-236
-254
-134
-237
-183
-205
110
-198
-183
-207
-183
107
-69
-98
-240
-244
-134
-143
-144
-234
-250
-254
-254
-253
-211
-253
-255
-246
-242
-250
-235
-239
-223
-235
-217
-236
-230
-191
-197
-242
-251
233
-250
-255
-253
-253
-255
-253
-249
-249
55
-255
-242
-222
-4
-218
-220
-221
-219
-60
34
-187
-241
-245
-85
-232
-100
-244
-245
-254
-254
-199
-222
-254
-253
-253
-253
-231
-233
-240
-244
-238
-207
-103
-120
-162
-197
-250
-255
236
-248
-255
-247
-255
-254
-255
-231
-253
58
-251
-227
-190
253
-187
-187
-188
-185
-93
15
-85
-238
-243
-134
-118
-133
-245
-254
-255
-255
-251
-209
-255
-255
-245
-250
-220
-228
-213
-219
-193
-227
-240
-244
-205
-229
-236
-254
236
255
-254
-251
-220
-235
-251
-227
-244
50
-249
-242
-148
238
-249
-254
-255
-253
-62
-95
-77
-231
-241
-146
-221
-137
-204
93
-245
-241
-239
-75
-254
-254
-232
-245
-190
-220
-243
-246
-250
-248
-247
-238
-222
-246
-244
-254
236
-251
-255
-249
-254
-254
-253
-248
-242
0
-241
-243
-62
-135
-236
-237
-237
-237
-16
-40
-255
-240
-246
-97
-115
-133
-255
-255
-255
-255
-255
-240
-255
-255
-253
-249
-251
-245
-240
-234
-224
-243
-247
-248
-215
-244
-252
-255
235
-252
-255
-254
-255
-255
-255
-237
-255
81
-237
-166
-214
95
-247
-248
-248
-247
-72
-85
-159
-235
-241
-97
-211
-58
-255
-255
-255
-192
-253
-254
-255
-254
-223
-160
-156
-126
-167
-171
-222
-228
-233
-192
-241
-232
-195
-246
229
-152
-60
-37
-240
-242
-250
-100
-248
-79
-252
-198
-202
-164
-225
-227
-227
-226
-104
-53
-191
-221
-231
-182
-215
-119
-253
-255
-255
-255
-245
-254
-255
-253
-255
-255
-251
-254
-254
-254
-255
-246
-245
-237
-255
-253
-252
-255
236
-253
-255
-254
-254
-254
-255
-238
-253
34
-251
-243
-199
-80
-232
-233
-233
-233
-114
-108
-153
-226
-235
-109
-226
-117
-234
-223
-254
-252
-197
-13
-250
-253
-200
-227
-6
-122
-192
-189
-225
-220
-212
-174
-148
-169
-249
-255
236
-249
-255
-253
-253
-254
-254
-247
-251
51
-218
-172
-159
-54
-242
-242
-242
-242
-56
-10
-57
-185
-211
-61
-244
-196
-248
-251
-255
-255
-252
-204
-255
-255
-253
-250
-201
-148
-225
-251
-248
-249
-252
-251
-242
-251
-220
-255
236
-194
-250
-251
-233
-250
-254
-177
-250
16
-212
-29
-186
-68
-244
-244
-244
-244
-68
-39
-51
-199
-203
-219
-197
-75
-254
-250
-255
-216
-248
-247
-253
-254
-246
-204
-203
-222
-213
-184
-202
-198
-182
-221
-250
-239
-241
-253
236
-228
-174
-114
-249
-252
-254
-208
-249
-72
-242
-211
-220
143
-218
-219
-220
-219
-63
21
-128
-243
-252
146
-232
-202
-252
-251
-254
-255
-250
-209
-208
-255
-250
-231
-203
-232
-220
-210
-173
-80
-28
-73
-79
-86
-248
-252
234
-248
-255
-253
-252
-254
-254
-246
-242
84
-248
-148
-202
28
-254
-254
-255
-254
-71
-19
-21
-224
-235
-24
-236
-106
-250
-237
-251
-251
-124
-139
-251
-252
-251
-221
-139
-241
-244
-241
-219
-217
-188
-168
-211
-189
-239
-254
236
-234
-243
-217
-249
-253
-254
-64
-250
73
-254
-213
-171
214
-253
-254
-254
-255
56
-78
-78
-219
-232
-158
-222
-128
-249
-166
-250
-246
-249
-227
-236
-253
-252
-246
-240
-251
-249
-253
-253
-245
-251
-253
-248
-240
-252
-254
235
-243
-255
-254
-253
-254
-255
-246
-251
-121
-254
-250
-206
152
-228
-227
-229
-230
-58
-97
-96
-236
-239
-85
-249
-191
-189
-215
-253
-253
-117
-24
-245
-251
-210
-210
-102
-157
-165
-110
-209
-186
-70
189
-140
-145
-248
-255
236
-243
-255
-253
-252
-254
-254
-243
-250
58
-252
-244
-190
-70
-245
-246
-245
-245
-53
-15
-96
-237
-248
-36
-91
-127
-254
-255
-255
-255
-253
-241
-212
-255
-251
-219
-243
-245
-246
-240
-248
-230
-215
-222
-246
-241
-248
-254
236
-250
-255
-254
-251
-254
-255
-248
-246
-51
-253
-193
-176
243
-249
-237
-248
-239
-58
-169
-51
-189
-234
109
-232
-194
-219
-243
-248
-249
-231
-214
-252
-254
-240
-208
-254
-253
-251
-246
-231
-122
-129
-69
-27
-3
-244
-254
236
-244
-254
-254
-254
-254
-254
-230
-246
94
-255
-247
-218
151
-249
-250
-250
-249
-58
-192
-139
-206
-218
-36
-250
-195
-233
-242
-255
-255
-209
-180
-244
-251
-252
-254
-197
-226
-228
-243
-235
-220
-196
-162
-138
-149
-248
-254
235
-243
-255
-252
-255
-254
-255
-225
-249
68
-248
-189
-204
-133
-246
-247
-247
-247
-51
-108
-255
-227
-238
-85
-122
-141
-216
-233
-254
-255
-252
-252
-249
-255
-252
-236
-255
-255
-254
-254
-250
-117
-172
-193
-210
-115
-252
-255
236
-252
-255
-255
-255
-255
-255
-244
-253
67
-231
-132
-175
-158
-223
-225
-224
-224
-25
35
-170
-244
-247
-85
-110
-117
-154
-214
-253
-253
-248
-234
-250
-254
-249
-247
-250
-252
-252
-250
-250
-247
-244
-245
-244
-254
-252
-255
236
-253
-255
-254
-255
-255
-253
-250
-250
118
-248
-188
-222
-137
-222
-226
-223
-226
67
65
-112
-217
-243
-12
-91
-113
-239
-205
-252
-254
-253
-249
-253
-255
-242
-236
-254
-254
-252
-249
-242
-160
-214
-165
-146
-163
-251
-255
235
-244
-255
-254
-255
-255
-255
-245
-252
84
