-92
-243
-11
-12
-229
-240
-242
-216
-208
-251
-102
0
-104
-246
177
175
-239
-255
-223
-247
-246
-246
-242
0
-238
-250
18
17
-231
-238
-226
-249
-248
-253
-251
0
36
-249
-30
-31
-225
-199
-249
-213
-213
-254
-253
27
-193
-241
-41
-41
-208
52
255
255
30
-253
-229
-102
-251
-247
-26
-25
-209
-231
-253
-186
-212
-221
-244
0
-171
-247
34
31
-66
-214
-226
-251
-238
-243
225
-41
-238
-244
-199
-200
-172
-245
-253
-218
-101
-254
-254
-88
-51
-247
-19
-19
-230
-178
-242
-135
-227
-205
-202
0
-101
-227
3
3
-183
-228
-238
-251
-245
-254
-255
0
-131
-239
-9
-8
-242
-242
-252
-140
-251
-238
-236
0
-221
-253
-121
-121
-219
-212
-210
-248
-240
-251
-252
-70
-186
-227
-145
-146
-168
-143
-193
-80
-148
-248
6
-37
-222
-247
29
28
-238
-249
-188
-222
-189
-200
-167
0
-243
-247
87
87
-244
-254
-161
-251
-231
-251
-249
4
-194
-217
15
10
-186
-221
-241
-243
-233
-251
-253
0
-196
-234
-18
-18
-213
-232
-250
-202
-230
-251
-251
0
-224
-242
-28
-29
-244
-253
-255
-243
-243
-249
-254
117
-227
-248
-3
-2
-227
-254
-255
-239
-253
-250
-254
119
-176
-255
-171
-170
-228
-220
-188
-174
-243
-254
-254
-46
-223
-251
-5
-5
-225
-255
-255
-224
-251
-246
-253
102
-173
-247
-198
-197
-208
-246
-222
-216
-239
-253
-250
-72
-149
-246
-67
-66
-231
-229
-247
-245
-215
-248
-246
0
-242
-253
2
1
-231
-238
-248
-246
-246
-254
-254
0
22
-249
-14
-17
-131
-176
-236
-245
-195
-254
-251
4
-226
-250
-49
-48
-235
-250
-253
-237
-230
-249
-245
-51
39
-239
-8
-8
-165
-217
-242
-251
-249
-254
-253
0
34
-251
-29
-29
-223
-226
-244
-214
-248
-248
-247
0
-243
-247
50
50
-241
-253
-214
-251
-231
-243
-231
0
-193
-253
28
28
-227
-188
-239
-251
-252
-251
-232
-36
-250
-234
243
243
-221
-254
-252
-254
-250
-252
-250
0
-230
-245
-15
-15
-238
-247
-255
-240
-246
-242
-254
100
-214
-228
-49
-51
-241
-176
-251
-241
-236
-253
-254
111
-232
-231
-16
-16
-236
-243
-246
-249
-246
-254
-253
0
-208
-230
-72
-71
-229
-224
-246
-248
-216
-247
-230
-39
-218
-250
-49
-48
-236
-252
-253
-245
-253
-245
-252
1
-173
-223
-52
-52
-223
-244
-253
-237
-223
-91
195
-54
-213
-239
-151
-152
-193
-110
-104
-103
-166
-254
-221
-65
-210
-252
93
91
-225
-246
-251
-235
-216
-253
-254
0
-219
-248
57
56
-235
-251
-175
-196
-93
-223
-207
0
-225
-254
-28
-28
-230
-254
-255
-248
-247
-251
-254
107
-220
-236
-81
-80
-238
-238
-254
-252
-122
-255
-255
-10
-218
-249
29
29
-203
-245
-226
-215
-43
-106
-14
-65
-244
-247
3
2
-237
-252
-241
-247
-242
-250
-205
6
-147
-251
182
182
-241
-252
-224
-244
-242
-254
-253
-4
-242
-222
17
16
-241
-247
-232
-219
-162
-255
-254
25
-149
-253
-156
-156
-220
-98
-87
-17
-143
-253
-224
-60
-172
-243
-30
-30
-185
-248
-254
-238
-242
255
-126
18
-29
-245
171
169
-199
-254
-210
-240
-250
-248
-233
61
-221
-254
-3
-3
-243
-254
-254
-251
-244
-253
-254
116
-220
-237
-191
-190
-156
-217
-209
-193
-226
-254
-251
-48
-213
-250
185
184
-232
-254
-197
-232
-245
-250
-231
-3
-242
-250
239
237
-222
-251
-246
-253
-253
-253
-252
0
-213
-255
-24
-23
-219
-247
-249
-233
-248
-246
-252
112
-243
-229
-64
-64
-214
-248
-254
-248
-235
-254
-251
-15
-95
-240
-22
-23
-247
-244
-253
-240
-190
-253
-251
4
-200
-221
-88
-88
-218
-229
-251
-249
-158
-254
-251
-64
-166
-236
-47
-46
-229
-250
-254
-230
-242
-245
-200
0
-200
-222
-156
-157
-247
-231
-204
-241
-233
-229
-231
67
-210
-230
37
37
-216
-253
-239
-251
-245
-243
255
-25
-199
-249
81
80
-226
-243
-237
-230
-179
-250
-252
129
-209
-194
-14
-15
-227
255
-140
-226
-212
-248
-242
37
-240
-248
-55
-55
-224
-227
-248
-212
-147
-255
-255
80
-110
-250
-74
-74
-235
-228
-241
-249
-205
-246
-207
42
-228
-238
-48
-48
-235
-245
-249
-234
-233
-252
-254
105
-162
-247
-75
-76
-222
-251
-252
-248
-238
-244
-236
111
-164
-244
49
49
-195
-190
-198
-247
-233
-222
69
77
-210
-206
-150
-149
-241
-237
-222
-230
-252
-253
-250
86
-242
-247
42
36
-236
-250
-245
-251
-240
-254
-253
121
-132
-245
23
21
-246
-254
-232
-241
-231
-253
-232
70
-171
-246
-54
-55
-217
-232
-250
-245
-182
-253
-205
53
-140
-244
-23
-24
-241
-243
-250
-240
-227
-253
-227
81
-229
-229
34
33
-237
-249
-194
-222
-159
-94
4
99
-251
-245
-13
-13
-229
-235
-253
-149
-177
-254
-253
113
-242
-243
221
220
-231
-251
-247
-252
-251
-253
-252
125
-115
-235
57
57
-250
-237
-200
-253
-253
-244
-80
51
-187
-251
-60
-59
-226
-247
-255
-246
-226
-253
-246
112
-149
-234
-50
-50
-243
-250
-254
-234
-235
-239
-251
111
-221
-250
-147
-147
-193
-222
-138
-241
-246
-253
-249
0
-219
-251
44
44
-207
-193
-250
-242
-167
-254
-254
108
-243
-244
2
-1
-155
-204
-246
-238
-209
-254
-251
0
-141
-235
-76
-75
-239
-241
-253
-254
-54
-208
-114
73
-228
-253
-13
-13
-158
-254
-255
-226
-252
-248
-254
130
-242
-250
235
235
-254
-255
-255
-255
-250
-254
-254
77
-196
-244
-135
-138
-255
-233
-247
-242
-208
-226
-84
65
-167
-222
-87
-89
-230
-243
-254
-250
-222
-250
-254
105
-176
-244
-45
-45
-245
-249
-254
-239
-235
-233
-249
107
-110
-245
59
56
-221
-184
26
-243
-218
-252
-192
37
-163
255
9
7
-235
-232
-237
-231
-199
-253
-214
36
-186
-237
24
24
-228
-246
-243
-199
-53
-250
-250
86
-107
-247
70
69
-240
-253
-169
-252
-249
-250
-231
81
-223
-255
50
50
-216
-252
-156
-244
-118
-161
-106
92
-199
-240
-134
-133
-202
-101
-101
-238
-162
-252
-251
0
-223
-248
-152
-151
-222
-249
-195
-232
-230
-252
-246
30
-149
-244
1
1
-240
-254
-253
-230
-241
-254
-254
123
-243
-243
-48
-48
-244
-225
-250
-250
-233
-254
-254
102
-210
-251
-60
-60
-204
-250
-252
-244
-244
-254
-244
51
-212
-249
2
2
-178
-255
-254
-245
-255
-253
-229
119
5
-230
-43
-42
-235
-239
-251
-228
-234
-251
-250
129
-249
-204
18
17
-246
-254
-246
-245
-222
-254
-254
46
-242
-243
-21
-21
-231
-231
-246
-233
-222
-254
-254
102
-100
-235
-21
-21
-216
-167
-247
-143
-249
-253
-250
94
-243
-235
-20
-20
-226
-209
-227
-158
-148
-253
-232
46
-150
-228
8
8
-230
-236
-225
-210
-223
-248
-28
96
-148
-255
-6
-6
-224
-169
-238
-197
-211
-243
-211
103
-231
-243
58
58
-227
-254
-190
-244
-178
-220
-202
80
11
-249
-21
-21
-243
-241
-253
-205
-227
-254
-249
117
-212
-249
76
75
-243
-253
-136
-213
-231
-195
-158
70
-164
-211
-183
-183
-203
-180
-123
9
-144
-253
-243
64
-250
-232
-14
-15
-236
-133
-183
-180
-140
-253
-204
30
-244
-246
-141
-143
-237
-209
-172
-239
-246
-251
-240
0
-223
-213
34
34
-193
-247
-208
-212
-91
-250
-248
82
-194
-243
-90
-89
-223
-193
-248
-252
-234
-254
-251
0
-165
-243
45
45
-245
-254
-220
-251
-250
-234
8
51
-236
-236
-108
-108
-237
-177
-236
-230
-90
-252
-253
0
-140
-212
26
26
-231
-242
-209
-228
-168
-243
-224
0
