91
185
-87
-27
0
-84
51
165
0
-108
0
-151
1
-185
111
-163
144
-101
-62
102
105
214
51
118
-109
130
122
-35
238
-99
-108
-107
-110
72
170
255
0
-77
-255
-115
-114
255
77
255
-138
114
-142
-153
-201
79
111
39
0
172
191
-118
-135
114
0
238
121
-42
128
108
-169
0
229
-213
-166
102
83
107
-102
0
67
-105
-255
0
-92
74
-117
-18
-255
98
-255
-41
-110
117
255
135
0
-48
-208
-27
126
156
-152
-204
79
105
222
205
-154
18
-255
-255
122
-255
-37
50
153
227
181
29
-107
206
-245
-76
154
-116
161
-51
-188
255
-106
118
-123
0
-79
-154
150
123
-117
99
-70
67
178
-118
194
70
-98
128
-173
-255
255
77
118
97
-224
-112
107
-107
-231
116
-79
-107
-129
0
35
