-135
-255
-255
-255
-194
-255
-98
-255
-255
-255
-255
-255
-255
-255
-8
-255
-255
-255
-255
-255
-255
-255
-255
-255
-255
-255
-255
-255
-255
-255
-133
-255
-255
-87
-255
-255
-255
-57
-255
-32
-255
-255
-255
-89
-255
-255
-255
-255
-255
-255
-255
-36
-255
-255
-255
-255
-255
-255
-22
-255
-255
-255
-255
-255
-255
-199
-255
-236
-255
-197
-255
-255
-255
-255
255
255
255
255
255
255
255
255
255
255
255
255
255
255
171
255
22
255
157
255
255
255
255
255
5
255
255
255
255
166
255
255
255
255
217
255
255
255
255
255
255
255
255
255
255
255
255
255
255
255
255
255
255
255
255
255
255
255
1
255
255
255
237
255
255
255
36
255
255
255
255
