-248
-203
-246
-242
-231
-231
-254
-41
-248
-223
-166
-166
-175
-196
-251
0
-252
-122
-193
-193
-213
-237
-254
0
-203
-111
-200
-186
-255
-215
-254
0
-255
-209
-254
-254
-203
-250
-254
0
-249
-207
-239
-240
-247
-243
-252
0
-243
-90
-254
-255
-251
-237
-255
0
-239
-70
-246
-246
-224
-248
-254
60
-193
-120
-245
-246
-143
-165
-253
0
-239
-193
-223
-225
-244
-250
-255
0
-242
-76
-239
-237
-238
-244
-240
86
-254
-204
-230
-232
-254
-243
-255
44
-248
-204
-233
-234
-255
-254
-253
-3
-252
-121
-233
-234
-255
-251
-255
-25
-189
-207
-237
-238
-215
-143
-250
0
-243
-213
-219
-222
-203
-250
-255
25
-243
-208
-240
-242
-235
-241
-254
-43
-208
-194
-208
-210
-252
-254
-255
0
-253
-170
-250
-250
-244
-252
-254
32
-220
-121
-246
-247
-250
-251
-253
34
-252
-205
-247
-249
-181
-223
-252
0
-250
-185
-209
-221
-254
-241
-254
36
-254
-198
-253
-253
-241
-253
-255
-35
-252
-206
-213
-243
-228
-249
-254
25
-207
-216
-244
-245
-220
-250
-255
0
-252
-171
-252
-252
-255
-254
-254
-8
-246
-226
-203
-204
-240
-254
-255
6
-243
-207
-244
-244
-249
-247
-254
56
-246
-216
-233
-226
-250
-234
-254
-37
-250
-172
-238
-244
-239
-228
-254
-48
-252
-211
-249
-247
-254
-254
-254
-68
-255
-198
-244
-245
-183
-210
-255
0
-252
-178
-245
-243
-255
-251
-255
-6
-197
-161
-233
-233
-243
-253
-252
51
-231
-217
-245
-244
-254
-247
-254
-61
-225
-173
-247
-253
-252
-254
-254
0
-198
-194
-249
-249
-114
-242
-254
0
-255
-209
-252
-252
-211
-238
-254
-27
-219
-137
-251
-251
-239
-157
-253
0
-243
-200
-239
-243
-254
-255
-255
0
-225
-208
-212
-221
-236
-233
-252
-48
-255
-209
-252
-252
-194
-245
-255
0
-204
-126
-237
-238
-254
-253
-254
-8
-190
-215
-230
-232
-252
-254
-253
-4
-234
-190
-214
-216
-254
-250
-253
0
-249
-215
-249
-249
-254
-255
-254
-60
-253
-180
-250
-249
-252
-215
-254
0
-171
-216
-245
-244
-240
-252
-254
-8
-214
-112
-230
-232
-255
-245
-255
-8
-253
-159
-245
-244
-121
-222
-251
0
-235
-201
-225
-227
-208
-248
-255
43
-223
-157
-224
-231
-238
-241
-255
30
-244
-108
-245
-245
-242
-253
-198
54
-251
-173
-242
-242
-247
-241
-254
-51
-243
-192
-244
-244
-253
-252
-229
-10
-246
-206
-227
-229
-254
-251
-255
0
-248
-145
-248
-249
-251
-253
-253
-10
-251
-227
-203
-206
-238
-138
-255
1
-225
-216
-240
-241
-240
-245
-255
-11
-247
-211
-227
-230
-255
-254
-247
-6
-228
-92
-243
-244
-220
-243
-254
0
-254
-243
-187
-198
-221
-247
-255
44
-183
-170
-235
-235
-172
-210
-255
0
-252
-148
-239
-239
-187
-250
-255
114
-233
-102
-224
-217
-227
-245
-255
0
-252
-190
-249
-249
-244
-249
-253
65
-228
-127
-240
-243
-254
-223
-219
-10
-255
-210
-245
-246
-249
-240
-255
-68
-227
-196
-217
-222
-254
-244
-254
48
-254
-217
-238
-235
-168
-103
-254
-36
-252
-195
-210
-209
-149
-249
-255
35
-236
-212
-164
-144
-180
-248
-255
81
-225
-115
-182
-183
-248
-243
-254
46
-231
-202
-241
-241
-242
-251
-252
0
-243
-225
-216
-218
-255
-245
-254
-48
-255
-154
-253
-253
-131
25
-254
-43
-254
-203
-250
-251
-192
-87
-254
-30
-253
-177
-254
-254
-214
-248
-255
73
-227
-197
-243
-243
-238
-124
-254
-70
-251
-223
-226
-229
-255
-244
-255
0
-250
-198
-236
-238
-200
-228
-252
67
-226
-167
-244
-247
-220
-218
-255
82
-142
-173
-246
-247
-246
-249
-253
91
-253
-78
-243
-244
-245
-246
-254
58
-250
-224
-248
-248
-209
-243
-254
51
-250
-215
-225
-227
-243
-253
-254
39
-255
-216
-255
-255
-245
-249
-255
-3
-252
-218
-248
-248
-227
-251
-208
56
-246
-235
-181
-183
-248
-215
-254
60
-202
-200
-225
-227
-251
-251
-254
0
-241
-182
-244
-245
-244
-174
95
-118
-250
-165
-249
-249
-204
-252
-218
42
-253
-217
-206
-209
-117
-182
-252
95
-242
-215
-249
-254
-255
-172
-254
-1
-216
-104
-235
-237
-255
-247
-255
102
-245
-138
-250
-250
-253
-242
-255
81
-250
-158
-247
-248
-248
-129
-226
-122
-248
-168
-249
-250
-254
-231
-254
22
-243
-183
-236
-237
-244
-240
-255
46
-234
-125
-233
-234
-253
-244
-253
82
-239
-209
-222
-224
-246
-241
-254
60
-242
-63
-243
-244
-208
-250
-254
100
-215
-207
-212
-212
-236
-250
-244
101
-240
-233
-242
-243
-245
-253
-255
58
-98
-105
-231
-233
-227
-133
-254
98
-254
-171
-240
-241
-252
-253
-255
-123
-253
-217
-219
-220
-228
-245
-254
63
-254
-200
-215
-221
-252
-243
-254
80
-254
-161
-253
-251
-247
-246
-255
-126
-254
-207
-243
-244
-230
-253
-254
73
-255
-203
-244
-245
-200
-241
-253
86
-253
-225
-247
-248
-254
-242
-255
51
-240
-162
-232
-248
-251
-206
-253
41
-242
-198
-247
-251
-246
-253
-254
58
-252
-190
-251
-251
-195
-252
-249
77
-253
-216
-239
-241
-193
-219
-255
79
-249
-205
-232
-233
-254
-251
-254
-6
-253
-191
-246
-247
-252
-243
-255
-124
-207
-206
-237
-240
-252
-252
-253
18
-252
-193
-241
-246
-248
-247
-255
-123
-241
-190
-237
-238
-248
-253
-255
69
-254
-218
-235
-237
-254
-222
-254
48
-254
-184
-253
-253
-250
-252
-255
-130
-251
-212
-244
-245
-255
-253
-255
-100
-252
-180
-252
-252
-251
-174
255
-120
-208
-225
-243
-243
-240
-245
-250
57
-251
-189
-227
-229
-224
-232
-255
0
-254
-204
-244
-245
-252
-254
-254
48
-255
-190
-254
-254
-253
-250
-255
-131
-255
-84
-255
-255
-255
-252
-255
73
-230
-197
-249
-249
-254
-165
-255
0
-248
-141
-246
-246
-244
-252
-255
72
-254
-197
-240
-241
-247
-174
-253
-113
-254
-210
-238
-239
-251
-253
-255
56
-230
-218
-239
-235
-247
-239
-254
29
-252
-141
-251
-251
-253
-138
-254
-134
-237
-205
-198
-183
-253
-235
-253
55
-255
-222
-218
-220
-199
-233
-255
58
-251
-190
-187
-187
-251
-228
-251
50
-249
-148
-249
-254
-239
-220
-253
0
-241
-62
-236
-237
-255
-245
-255
81
-249
-201
-243
-243
-247
-254
-255
51
-237
-214
-247
-248
-253
-126
-250
-79
-252
-202
-225
-227
-245
-254
-255
34
-251
-199
-232
-233
-197
-122
-254
51
-218
-159
-242
-242
-252
-148
-254
16
-212
-186
-244
-244
-248
-222
-254
-72
-248
-202
-254
-254
-124
-241
-254
73
-253
-188
-249
-249
-255
-253
-254
0
-254
-171
-253
-254
-249
-251
-255
-121
-254
-206
-228
-227
-117
-157
-254
58
-252
-190
-245
-246
-253
-245
-255
-51
-255
-218
-249
-250
-209
-226
-255
68
-248
-204
-246
-247
-252
-255
-255
67
-230
-152
-237
-239
-155
-218
-255
91
