-255
-255
-255
-255
-255
-57
-255
-255
-255
-255
-255
-255
-255
-255
-255
-255
-255
-255
-255
-255
-255
-255
-255
-255
-255
-255
-255
-255
-255
-255
-255
-255
-255
-255
-255
-255
-255
-255
-255
-255
-255
-255
-255
-255
-255
-255
-255
-255
-255
-255
-255
-255
-255
-72
-255
-255
-255
-255
-255
-255
-255
-255
-255
-255
-255
-255
-255
-255
-255
-255
-255
-255
-255
-115
-255
-255
255
255
255
255
216
255
255
255
255
255
255
255
255
255
255
255
255
255
255
255
255
255
255
255
255
255
255
255
255
255
255
255
255
255
255
255
255
255
255
255
255
255
255
255
255
28
255
255
255
255
255
255
255
255
255
255
255
255
255
255
255
255
255
255
255
255
255
255
255
255
255
255
255
255
255
