-255
-255
-255
-128
-60
-255
-255
-255
-255
-255
-231
-255
-255
-255
-129
-255
-255
-255
-255
-255
-255
-255
-50
-255
-255
-255
-18
-255
-217
-193
-255
-96
-255
-255
-255
-10
-255
-255
-255
-255
-255
-223
-255
-255
-255
-255
-255
-255
-255
-255
-255
-201
-255
-255
-238
-255
-255
-255
-255
-255
-255
-255
-93
-255
-255
-166
-99
-255
-255
-255
-255
255
255
255
255
255
255
255
255
255
255
255
165
255
255
52
63
255
255
161
75
255
60
255
255
255
255
255
255
205
255
129
87
255
255
255
255
255
255
255
255
255
255
255
255
255
68
255
255
255
255
255
255
255
255
28
255
255
255
255
255
255
255
255
24
255
194
255
255
255
255
76
255
