-212
-45
-203
47
-228
-230
-228
-172
-52
-209
-86
-85
-192
-217
-113
-226
-230
-250
-206
-251
-242
-244
-249
-137
-204
-228
-252
-238
-254
-110
-124
91
-242
100
-220
111
-248
-247
-247
29
-83
-147
-182
-181
-232
-242
-125
-154
-239
-237
-254
-168
2
-141
-186
-222
-148
-178
-254
-254
-254
-111
-130
185
-244
83
-223
-75
-248
-249
-248
-150
-63
-117
27
24
-215
-223
-184
-219
-245
-225
-242
-143
-173
-236
-236
-158
-55
-159
-254
-253
-248
-110
106
-87
-119
3
-194
-202
-227
-237
-226
198
-99
-221
-4
-5
-206
-235
-172
-219
-251
-252
-242
-244
-224
-216
-234
-240
-218
-210
-254
-255
-249
-109
-81
-27
-200
-80
-121
-66
-253
-254
-253
-167
-52
-255
44
43
-226
-235
-125
-216
-255
-236
-253
-244
-249
-254
-254
-255
-252
-245
-251
-240
-254
-110
-93
0
-185
3
-206
171
-248
-246
-248
45
-80
-115
-31
-31
-234
-238
30
-247
-246
-253
-235
-199
-209
-209
-180
-209
-145
-84
-249
-252
-252
-110
41
-84
-209
-8
-196
213
-223
-231
-227
64
-70
-202
-56
-56
-238
-243
6
-224
-238
-252
-226
-239
-239
-236
-179
-224
-198
-230
-253
-250
-254
-115
-116
51
-23
-42
-149
53
-249
-249
-248
-134
-82
-180
-28
-29
27
-31
-255
-245
-252
-254
-251
-253
-242
-243
-250
-246
-245
-238
-254
-254
-255
-108
118
165
-233
78
-224
-122
-249
-250
-249
-28
-36
-138
89
89
-237
-247
-89
-208
-246
-231
-243
-246
-248
-249
-245
-250
-249
-254
-254
-254
-252
-110
69
0
-158
-168
-71
222
-245
-244
-243
-124
-54
-195
-91
-91
-193
-223
-101
-229
-229
-250
-230
-250
-242
-251
-251
-218
-220
-245
-253
-251
-254
-115
-124
-108
-224
-186
-85
154
-241
-244
-241
-54
-58
-58
74
74
-227
-234
-6
-244
-254
-37
-210
64
-239
-241
-224
-186
-88
-223
-141
-72
-241
-110
0
0
-178
-40
-199
151
-248
-248
-248
-24
-57
-155
-29
-31
-240
-250
77
-247
-249
-249
-241
-240
-241
-245
-225
-220
-207
-213
-244
-51
-250
-107
115
-151
-200
151
-227
155
-230
-232
-230
-218
-46
-241
-68
-67
-237
-244
18
-224
-245
-251
-142
-244
-240
-244
-109
-153
-140
-181
-255
-253
-253
-110
105
1
-201
-104
-157
156
-241
-242
-241
48
-59
-207
46
45
-195
-212
-148
-252
-254
-214
-242
-32
-204
-238
-226
-170
-112
-232
-246
-243
-254
-110
137
-185
-232
45
-197
149
-250
-251
-250
-109
-18
-46
-22
-22
-230
-238
30
-249
-255
-254
-252
-244
-237
-233
-220
-247
-243
-232
-251
-253
-254
-109
-126
111
-218
-92
-181
222
-252
-253
-252
-183
-51
-95
14
13
-215
-242
-18
-248
-253
-246
-251
-201
-228
-228
-228
-239
-219
-230
-254
-245
-254
-108
-115
-163
-223
-5
-198
74
-248
-249
-248
-172
-95
-184
57
57
-240
-247
-30
-236
-233
-242
-247
-75
-219
-235
-226
-152
-61
-219
-252
-252
-251
-109
-137
144
-39
-95
-103
247
-245
-250
-249
-39
-38
-74
-11
-11
-237
-244
113
-247
-238
-243
-232
-207
-159
-139
-124
-243
-223
-187
-253
-252
-254
-96
86
-101
-197
-93
-178
19
-246
-247
-246
-159
-58
-145
-59
-58
-184
-209
-136
-25
-247
-255
-236
-254
-253
-252
-218
-241
-244
-241
-250
-233
-254
-108
90
-62
-242
151
-225
152
-232
-234
-232
180
-60
-166
-231
-231
-229
-247
208
-243
-248
-196
-251
-252
-245
-236
-235
-185
-116
-154
-243
-244
-253
-111
-51
102
-201
-139
-181
232
-231
-240
-248
-64
-64
-255
26
26
-237
-244
-125
-215
-253
-241
-253
-222
-246
-249
-252
-254
-253
-243
-253
-242
-252
-110
-215
105
-134
-55
-173
47
-239
-240
-240
-52
-44
30
-77
-77
-237
-245
-6
-9
-222
-244
-209
-227
-240
-251
-189
-192
-187
-130
-222
-86
147
-66
-11
214
-251
-89
-206
220
-238
-236
-234
43
-57
-202
-223
-223
-219
-242
125
-245
-240
-205
-252
-247
-242
-242
-194
-124
-130
-187
-246
-249
-254
-109
-102
51
142
255
-232
-70
-231
-233
-230
38
-32
-235
-30
-30
-230
-238
-101
-228
-248
-233
-249
-243
-240
-245
-248
-243
-224
-186
-251
-222
-254
-98
115
118
-213
82
-208
-129
-215
-219
-215
212
-28
-218
-19
-20
-245
-249
-113
-222
-229
-248
-244
-200
-216
-236
-217
-202
-181
-183
-237
-249
-255
-110
255
-109
-217
-25
-200
160
-243
-244
-243
-84
-59
-170
-53
-52
-242
-248
42
-223
-254
-254
-206
-251
-246
-247
-214
-251
-252
-253
-251
-252
-254
-110
-161
130
-204
-139
-142
240
-238
-244
-250
-126
-65
-175
-109
-108
-236
-244
-89
-126
-163
-235
-207
-187
-177
-246
-234
61
12
216
-177
-208
-228
-108
0
122
-195
33
-207
161
-243
-246
-245
-52
-82
-132
27
26
-195
-205
-125
-248
-226
-246
-247
-74
-129
-211
-210
-137
-79
-82
-252
-253
-253
-110
-77
-35
-103
18
-201
160
-247
-248
-247
-45
-40
-193
196
195
-209
-222
-113
-218
-254
-233
-235
-176
-203
-233
-248
-243
-222
-214
-245
-232
-228
-78
-132
238
-248
27
-199
234
-250
-234
-236
-127
-62
-101
-25
-26
-225
-231
-42
-248
-216
-245
-232
-122
-58
-213
-114
-182
-99
-18
-253
-253
-251
-91
-188
-99
-227
37
-202
-89
-250
-250
-250
-35
-10
-135
219
218
-229
-239
-160
-190
-253
-247
-249
-223
-248
-253
-255
-253
-248
-245
-253
-248
-244
-109
-58
-108
-238
32
-208
245
-253
-253
-252
-7
-60
-142
66
66
-236
-244
101
-246
-218
-189
-246
-182
-242
-250
-234
-230
-233
-248
-253
-255
-249
-111
0
-107
-135
-172
-76
154
-239
-242
-238
-30
-62
-83
-95
-94
-220
-231
-77
-227
-225
-244
-244
-247
-246
-248
-245
-236
-218
-246
-253
-252
-254
-116
-113
-110
-240
-162
-85
26
-242
-244
-242
56
-62
-255
-49
-49
-233
-238
-53
-21
-240
-252
-242
-238
-240
-213
-216
-244
-217
-231
-238
-253
-254
-114
97
72
-204
-44
-195
246
-254
-254
-255
-150
-50
-180
-46
-46
-141
-178
-219
-117
-247
-253
-246
-234
-229
-241
-153
-234
-239
-247
-251
-210
-254
-112
-77
170
-246
13
-155
245
-223
-220
-211
-127
-87
-45
-58
-58
-228
-238
-89
-117
-170
-252
-183
-247
-247
-238
-43
-175
-182
-209
-253
-251
-241
-109
105
255
-201
-94
-148
246
-236
-252
-247
-107
-59
-165
81
80
-195
-207
-172
-248
-212
-108
-226
-226
-249
-252
-250
-241
-214
-213
-215
148
-254
-108
0
0
-149
-125
-120
-58
-238
-239
-237
20
-55
-192
50
46
-124
-65
-255
-245
-245
-228
-224
-188
-246
-253
-229
-213
-200
-240
-239
-252
-255
-110
130
-77
-250
86
-210
-119
-252
-252
-252
-181
-27
-128
-55
-56
-234
-240
-89
-104
-176
-240
-232
-227
-197
-212
-213
-163
-88
-202
-254
-242
-245
-105
184
-255
124
-81
-166
-121
-241
-242
-241
-102
-74
-61
185
183
-202
-212
-184
230
-252
-206
-209
-150
-234
-246
-244
-244
-238
-206
-252
-249
-242
-103
-137
-115
-171
93
-204
-70
-240
-241
-240
-78
-33
-122
-73
-74
-249
-252
-30
-80
-250
-253
-234
-191
-238
-244
-234
-247
-246
-244
-253
-251
-242
-111
236
-114
-237
-51
-200
53
-225
-227
-226
-97
-34
-126
-111
-110
-241
-247
18
-228
-196
-249
-227
-189
-250
-254
-252
-40
243
31
-254
-253
-252
-110
-255
255
-194
4
-203
9
-255
-255
-255
-152
-33
-142
-123
-123
-220
-241
-42
-229
-129
-238
-251
-142
-213
-227
-223
-189
-104
-16
-244
-34
-242
-110
139
77
-203
105
-224
57
-156
-165
-155
229
-73
-191
-88
-87
-241
-247
-30
-226
-206
-251
-139
-236
-253
-254
-250
-211
-239
-232
-250
-250
-254
-110
-4
255
-115
-12
-175
-125
-224
-227
-224
56
-66
-91
-128
-131
-253
-254
30
-113
-184
-207
-224
-190
-179
-169
-55
-145
-133
-199
-253
-220
-252
-111
178
-138
-97
35
-194
143
-215
-220
-216
-115
-61
-193
-34
-35
-244
-249
42
-250
-241
-253
-242
-205
-205
-232
-192
-216
-206
-222
-215
-238
-254
-113
98
114
-224
63
-212
220
-230
-246
-241
-186
-36
-121
-188
-188
-219
-238
77
-242
-231
-239
-251
-208
-140
-190
-73
-209
-151
-29
-253
-166
-254
-111
74
-142
-228
155
-222
-136
-232
-234
-232
-181
-4
-218
-205
-205
-208
-240
-30
-133
-237
-205
-251
-241
-232
-249
-239
-209
-219
-231
-250
-243
-254
-112
-51
-153
-91
31
-202
-67
-239
-240
-239
-168
-51
-232
-128
-131
-248
-251
-18
-89
-158
-209
-212
-83
-191
-207
-173
-157
-25
-136
-254
-237
-254
-110
191
-201
-188
16
-210
-48
-230
-232
-230
30
-91
-134
-91
-92
-243
-248
-53
-61
-179
-223
-225
-204
-174
-228
-211
-141
-166
-166
-251
-252
-254
-109
-89
79
-192
-3
-199
216
-241
-239
-234
-62
-85
-145
-98
-97
-184
-211
-184
-123
-223
-249
-181
-248
-242
-251
-252
-119
-106
-232
-228
-212
-161
-90
-8
111
-158
-112
-186
232
-236
-235
-234
10
-58
-186
8
7
-235
-245
-148
-217
-238
-234
-223
-174
-184
-189
-207
-160
-184
-177
-252
-143
-235
-108
-55
39
-219
-79
-177
248
-240
-252
-249
-62
-58
-225
-71
-71
-233
-240
-65
-227
-232
-250
-178
-225
-245
-240
-148
54
-87
-209
-255
-255
-251
-110
-114
0
-240
135
-218
-80
-231
-234
-231
87
1
-231
17
16
-234
-237
-125
-220
-245
-230
-246
-217
-246
-251
-253
-235
-227
-192
-245
-204
-251
-106
0
172
-249
43
-199
129
-213
-211
-209
-61
11
-162
-20
-21
-245
-249
-101
-219
-128
-235
-236
-104
-165
-186
-80
-82
174
-111
-254
-253
-255
-110
91
191
-128
-141
-144
24
-238
-239
-237
-86
-59
-63
-59
-58
-243
-248
-18
-22
-241
-252
-245
-248
-248
-241
-222
-246
-246
-245
-254
-251
-253
-114
-106
-118
-226
39
-216
112
-246
-248
-247
-7
-96
-47
-173
-173
-170
-230
-18
-236
-226
-235
-251
-178
-111
-161
-118
-176
-103
-116
-254
-254
-255
-110
74
-135
-229
7
-197
128
-227
-230
-227
-20
-70
-90
-2
-2
-239
-246
30
-249
-255
-255
-254
-222
-227
-237
-237
-246
-237
-228
-245
-253
-254
-109
-119
114
-201
9
-199
193
-245
-244
-244
-107
-65
-160
-186
-185
-219
-239
53
-240
-230
-200
-253
-226
-133
-163
-120
-248
-233
-199
-254
-254
-254
-110
0
0
-185
16
-197
91
-232
-234
-232
-86
-56
-89
19
16
-242
-239
-101
-243
-248
-232
-237
-231
-242
-249
-234
-210
-223
-230
-251
-251
-253
-107
115
238
-199
55
-197
159
-241
-242
-241
-129
-59
-210
-58
-59
-239
-243
-77
-223
-241
-241
-233
-212
-215
-226
-220
-233
-233
-209
-251
-251
-251
-115
83
121
-239
107
-222
-73
-216
-219
-216
106
-55
-147
5
4
-201
-210
-77
-244
-246
-246
-245
-106
-182
-218
-217
-187
-169
-138
-255
-255
-241
-110
58
-42
-231
32
-202
242
-223
-219
-208
-57
-50
-185
-43
-42
-203
-221
-196
-224
-104
-224
-179
-175
-145
-165
255
-125
-140
-4
-253
-226
-251
-108
81
128
-196
-156
-34
95
-241
-241
-240
-113
-57
-14
-41
-40
-214
-227
6
-255
-254
-255
-247
-250
-248
-238
-143
-244
-232
-242
-247
-231
-253
-112
15
108
-206
-29
-203
248
-248
-248
-247
-192
-58
-123
14
13
-231
-237
6
-247
-221
-243
-250
-184
-215
-234
-229
-238
-208
-210
-253
-234
-254
-103
148
-169
-246
35
-210
232
-237
-249
-245
-214
-58
-184
-41
-43
-158
-112
-184
-249
-191
-244
-217
-180
-135
-147
-73
-125
1
-24
-254
-254
-246
-112
-72
0
-205
-50
-204
-28
-243
-245
-243
-22
-64
-198
-168
-167
-229
-240
-42
-72
-227
68
-254
-151
-93
-173
-230
-250
-243
-182
-252
-249
-254
-109
-130
229
-225
26
-218
-119
-238
-240
-238
-77
-103
-48
-146
-147
-221
-243
-6
-92
-206
-244
-249
-189
-135
-199
-190
-210
-181
-115
-254
-254
-255
-111
123
-213
-209
135
-229
-71
-248
-249
-248
26
-79
-235
-60
-60
-242
-247
-65
-81
-234
-255
-226
-254
-248
-243
-186
-241
-219
-235
-253
-229
-253
-109
159
-166
-243
-20
-193
139
-252
-252
-252
-144
-75
-115
-15
-16
-251
-252
-77
-219
-244
-248
-236
-207
-235
-243
-245
-240
-231
-243
-253
-254
-250
-113
-204
102
-150
-28
-187
42
-224
-226
-223
23
-77
-203
16
15
-232
-237
-148
-237
-238
-237
-232
-179
-199
-219
-235
-193
-148
-164
-159
-237
-254
-109
44
83
-230
15
-200
-76
-248
-249
-248
-125
-107
-98
-6
-5
-190
-209
-148
-225
-247
-255
-255
-246
-236
-243
-247
-252
-244
-216
-249
-254
-254
-109
-133
107
-242
-22
-202
24
-238
-240
-238
-27
-71
-190
-131
-132
-232
-247
42
-230
-162
-139
-234
-213
-213
-230
-224
-229
-225
-218
-249
-245
-254
-111
-153
-102
-110
108
-215
-78
-223
-226
-223
34
-84
-209
-166
-166
-223
-244
-6
-97
-182
-195
-236
-147
-109
-120
-9
-222
-144
-149
-253
-239
-251
-110
107
0
-224
-207
-77
54
-236
-237
-235
-7
-57
-255
-41
-40
-221
-231
-113
-248
-251
-255
-244
-248
-245
-219
-191
-245
-235
-237
-251
-254
-253
-111
-222
67
-247
-6
-192
-79
-237
-239
-237
-47
-41
-110
-34
-36
-243
-246
-172
-229
-191
-230
-247
-161
-106
-188
-205
-222
-123
-21
-254
-250
-253
-108
106
-105
-99
24
-150
-77
-217
-221
-216
147
-61
-255
1
-2
-251
-251
-89
-223
-206
-171
-224
-153
-210
-239
-227
-164
-138
-197
-230
-241
-255
-108
180
-255
-246
-94
-189
-132
-241
-242
-240
-61
-75
-191
11
9
-241
-243
-113
-217
-236
-231
-253
-226
-243
-251
-249
-246
-234
-250
-253
-253
-252
-112
0
0
-195
-1
-180
-149
-247
-248
-248
-112
22
-161
33
33
-242
-246
-160
-215
-254
-223
-240
-133
-222
-234
-211
-105
-176
-217
-207
-178
-251
-108
70
-92
-229
-61
-200
240
-216
-207
-199
-98
36
-107
-166
-167
-214
-241
-136
-130
-197
-226
-250
-101
-135
-134
-65
-65
137
188
-254
-254
-253
-112
0
74
-245
93
-217
176
-243
-245
-243
-27
-88
-135
43
44
-243
-248
65
-247
-254
-237
-253
-173
-237
-251
-254
-210
-191
-57
-251
-242
-255
-110
87
-117
-216
23
-207
25
-251
-252
-252
-167
-20
-155
-130
-130
-219
-237
-65
-230
-222
-198
-238
-230
-239
-244
-247
-225
-194
-220
-246
-244
-254
-106
0
-18
-150
-72
-233
-137
-232
-234
-232
134
-63
-255
8
8
-228
-238
-184
-218
-252
-250
-246
-188
-190
-239
-227
-212
-229
-170
-251
-251
-255
-110
151
-255
-206
128
-217
146
-220
-214
-211
46
10
-124
-149
-148
-239
-246
-65
-150
-53
38
-252
-12
-159
-218
-245
-230
-198
165
-253
-249
-253
-110
-8
98
-137
19
-199
-135
-241
-242
-240
66
-22
-217
-93
-92
-238
-244
-172
-117
-241
-248
-113
-192
-251
-253
-246
-214
-152
-215
-253
-253
-253
-109
0
-255
-170
-14
-205
-98
-246
-239
-250
45
-65
-192
33
33
-221
-239
-136
-218
-253
-248
-251
-135
-237
-229
-231
-193
-114
-217
-254
-255
-251
-108
119
-41
-133
-51
-171
-128
-217
-220
-217
18
-65
-58
6
4
-236
-243
-113
-219
-253
-249
-252
-242
-233
-239
-237
-235
-227
-223
-254
-250
-255
-109
96
-110
-172
-52
-177
-30
-228
-231
-229
-97
-64
-95
-79
-78
-231
-240
-42
-58
-248
-254
-224
-243
-251
-252
-231
-199
-230
-239
-244
-240
-204
-125
98
117
-248
105
-213
69
-206
-212
-207
153
-21
-161
-90
-91
-224
-244
42
-226
21
-229
-219
-118
-222
-235
-202
-59
115
-15
-251
-239
-239
-105
112
255
-38
-91
-172
-198
-237
-227
-248
159
-59
-140
6
4
-225
-228
-148
-221
-249
-236
-242
-195
-214
-231
-207
-210
-176
-198
-254
-151
-251
-109
36
135
-210
18
-205
-90
-201
-206
-201
37
-70
-162
-67
-66
-251
-252
-53
-82
-228
-255
-226
-254
-253
-252
-168
-219
-230
-247
-250
-252
-255
-110
-255
0
-150
-101
-157
161
-250
-251
-250
-60
-59
-59
76
74
-207
-213
-89
-244
-254
-208
-187
-196
-214
-241
-207
-219
-225
-231
-245
-250
-255
-154
178
-48
-186
-182
-30
-54
-243
-244
-243
-31
-55
-183
-59
-59
-233
-239
101
-234
-247
-254
-247
-251
-254
-249
-226
-250
-251
-252
-255
-254
-255
-110
102
-208
-123
-93
-152
155
-239
-243
-239
-71
-58
-209
-12
-12
-225
-234
-65
-249
-240
-240
-240
-245
-19
-195
-194
-239
-243
-157
-253
-250
-254
113
65
-27
-255
-247
47
151
-211
-202
-198
-14
-69
-255
-56
-55
-240
-245
-136
-141
-236
-254
-235
-251
-247
-232
-170
-212
-236
-221
-234
-253
-254
-110
-232
126
-207
62
-219
-103
-245
-246
-245
-102
-26
19
-199
-198
-181
-230
-42
-103
-222
-246
-253
-228
-226
-215
-94
-221
-234
-196
-254
-252
-254
-111
69
156
-96
-85
-175
219
-238
-243
-241
-130
-55
255
47
44
-238
-241
18
-247
-209
-115
-195
-123
-229
-225
-213
-206
-215
-245
-252
-233
-253
-110
-137
-152
-251
-36
-206
-53
-246
-247
-247
68
-46
-182
-200
-200
-195
-238
160
-251
-243
-189
-253
-245
-242
-242
-230
-213
-209
-237
-238
-236
-254
-110
-102
-204
-138
-66
-143
-76
-233
-235
-233
-125
33
-97
-57
-56
-233
-241
-53
-79
-251
-253
-217
-250
-252
-254
-211
-230
-219
-244
-225
16
120
-8
79
79
-248
-66
-213
-32
-230
-231
-227
-86
-59
-177
-34
-34
-237
-246
-89
-233
-226
-227
-126
-197
-182
-208
3
-184
-198
-107
-253
-204
-254
-110
-83
105
-195
33
-208
-25
-241
-243
-241
74
-51
-137
-53
-53
-226
-236
-148
-53
-246
-253
-248
-219
-216
-199
-94
-248
-228
-202
-255
-252
-253
-110
-135
222
-133
9
-183
99
-249
-250
-249
-119
-74
-79
61
61
-203
-220
-125
-236
-254
-215
-248
-238
-247
-253
-253
-242
-246
-239
-248
-53
-252
-109
109
205
-196
-81
-168
26
-237
-238
-236
27
-59
-207
49
48
-214
-225
-208
-226
-247
-206
-245
-176
-235
-240
-235
-228
-188
-237
-248
-247
-254
-111
255
-154
-13
-87
-142
-28
-248
-249
-247
-140
-68
-160
-55
-54
-231
-240
-65
-54
-246
-253
-214
-247
-246
-239
-190
-230
-222
-241
-245
-220
-234
-111
0
18
-244
157
-222
-130
-247
-247
-246
34
-78
-208
-224
-223
-220
-242
-53
-134
-245
-224
-254
-247
-253
-252
-236
-198
-179
-244
-250
-252
-254
-110
-102
-255
-224
-71
-163
150
-242
-245
-242
-187
-55
-97
-126
-125
-214
-232
-18
-231
-112
-247
-248
-145
-244
-236
-251
-114
31
255
-252
-253
-254
-109
155
-255
-246
21
-204
-72
-250
-250
-249
-198
-39
-115
-39
-41
-236
-240
-160
-229
-230
-248
-240
-190
-176
-197
-178
-228
-112
-26
-255
-255
-253
-110
48
122
-250
8
-238
-133
-235
-238
-234
29
-61
-255
10
9
-237
-248
-53
-218
-255
-250
-251
-244
-238
-240
-229
-251
-248
-239
-254
-254
-254
-110
57
-255
-109
-89
-132
-116
-255
-255
-255
-95
-85
-36
-86
-86
-236
-242
-89
-109
-238
-244
-230
-245
-246
-253
-238
-204
-179
-218
-253
-253
-255
-109
23
-37
-175
-123
-118
-133
-236
-238
-237
-20
-83
-255
43
42
-238
-242
-125
-214
-253
-237
-226
-205
-228
-242
-217
-224
-196
-237
-251
-219
-253
-112
97
50
-241
56
-216
94
-251
-252
-251
-14
-22
-140
-23
-23
-210
-222
-65
-254
-243
-253
-250
-247
-226
-240
-232
-248
-250
-236
-254
-251
-249
-111
102
153
-221
-31
-203
123
-231
-228
-227
-95
-58
-37
-30
-31
-246
-248
-160
-221
-248
-252
-253
-230
-207
-248
-236
-239
-218
-203
-247
-253
-254
-107
-126
227
-216
52
-213
-52
-115
-129
-149
-109
-203
-198
26
26
-222
-230
-77
-235
-246
-249
-245
-107
-123
-231
-217
-130
-121
-85
-253
-253
-252
-110
-91
181
-233
26
-212
54
-254
-254
-254
-24
9
-203
-176
-176
-194
-237
-18
-234
-218
-242
-252
-208
-177
-184
-121
-147
-177
-63
-254
-254
-254
-112
-126
29
-199
-56
-171
-121
-238
-239
-238
-22
-62
-181
-40
-40
-232
-240
-125
-225
-245
-254
-241
-243
-237
-239
-211
-241
-244
-235
-254
-247
-255
-112
111
-107
-199
-70
-170
56
-252
-252
-252
-131
-53
-152
39
37
-210
-219
-208
-232
-228
-156
-244
-203
-230
-247
-231
-179
-220
-250
-252
-247
-254
-109
156
206
-252
110
-215
-133
-249
-250
-250
-59
-177
-140
-30
-30
-235
-241
-148
-223
-225
-245
-246
-198
-192
-173
-210
-231
-144
-157
-254
-243
-214
-102
125
-245
-242
96
-219
-126
-253
-253
-253
-42
-8
28
-40
-40
-245
-250
-53
-225
-232
-225
-183
-228
-200
-161
-106
-221
-214
-197
-254
-226
-254
-109
93
-76
-247
-202
13
237
-227
-240
-252
-23
-52
-255
37
37
-231
-238
-184
-214
-250
-238
-234
-27
-120
-152
-196
-183
-155
-235
-240
-235
-254
-104
86
154
-183
-7
-198
155
-253
-253
-253
-172
-72
-162
-119
-118
-232
-243
-6
-230
-240
-242
-248
-204
-242
-251
-251
-173
-192
-177
-213
-204
164
-75
98
-116
-247
11
-220
116
-168
-160
-165
-140
-60
-88
-56
-55
-234
-242
-160
-139
-121
-239
-137
-222
-181
-223
154
-96
74
-189
-252
-196
-254
-111
-196
161
-217
32
-209
123
-238
-238
-238
-103
-63
-92
-111
-112
-220
-228
-6
-229
-195
-195
-232
-219
-226
-247
-249
-240
-195
-211
-248
-238
-254
-110
-102
-51
-157
-125
-74
-132
-254
-254
-254
-75
41
-255
-68
-68
-215
-231
-255
-114
-250
-244
-251
-255
-245
-255
-218
-251
-251
-252
-255
-254
-254
-110
194
-188
-245
62
-200
46
-249
-249
-249
-133
-132
-147
247
247
-118
-169
-160
-192
-253
-251
-250
-236
-253
-254
-255
-253
-250
-236
-251
-247
-103
-97
-255
255
-241
23
-180
-132
-253
-254
-253
-158
27
-188
58
58
-225
-234
-148
-211
-254
-198
-253
-243
-243
-253
-254
-227
-231
-192
-252
-250
-255
-110
39
-106
-187
123
-229
-94
-168
-181
-171
113
-4
-133
-153
-153
-204
-211
6
-232
-243
-153
-249
-185
-233
-242
-238
-248
-226
-239
-252
-251
-252
-109
115
118
-178
61
-198
-147
-216
-221
-215
-82
-24
-128
-153
-157
-222
-248
-53
-126
-191
-216
-232
-166
-93
-207
-205
-198
-72
-149
-250
-248
-253
-111
79
-123
-39
-46
-160
-70
-250
-250
-250
-52
-57
-224
-26
-26
-229
-237
-136
-227
-251
-252
-254
-249
-249
-251
-252
-249
-244
-214
-253
-250
-255
-108
0
0
-172
26
-203
-186
-246
-247
-246
-101
-130
-158
61
61
-237
-243
-136
-212
-253
-244
-249
-213
-224
-241
-218
-219
-218
-197
-253
-254
-252
-110
30
-79
-200
-3
-206
-64
-250
-250
-250
-95
-25
-23
-111
-113
-237
-247
160
-242
-171
-176
-195
-42
-119
-178
-150
-68
-102
-95
-254
-237
-254
-110
81
-154
-206
-162
-105
52
-233
-235
-232
54
-59
-117
-56
-56
255
255
-255
-11
-239
-251
-244
-255
-248
-249
-215
-246
-252
-254
-254
-251
-254
-114
-144
150
-226
69
-216
37
-254
-254
-254
5
-177
-200
-44
-45
-237
-241
-113
-6
-150
-115
-82
-65
-95
-114
-191
-113
-108
-108
-254
-238
-253
-108
-98
123
-193
-70
-185
-132
-248
-248
-248
16
191
-255
-77
-77
-251
-252
-42
-116
-239
-251
-219
-237
-244
-251
-138
-179
-174
-8
-255
-254
-253
-110
8
-117
88
-141
-91
250
-237
-242
-246
-83
-62
-255
-28
-28
-214
-229
-196
-222
169
-220
-240
-235
-105
-125
-116
-177
-200
-119
-227
-227
-252
-85
0
99
-204
-157
-138
-70
-248
-249
-248
-108
-67
-149
48
47
-226
-234
-125
-216
-253
-222
-249
-162
-225
-248
-250
-213
-211
-244
-249
-246
-255
-111
76
-70
-207
48
-220
-46
-243
-244
-242
-158
-66
-180
24
24
-242
-247
-101
-224
-221
-252
-251
-118
-197
-225
-227
-179
-109
-164
-252
-253
-252
-110
-181
67
-250
99
-244
148
-217
-222
-219
59
-60
-191
19
18
-243
-250
42
-249
-254
-247
-250
-219
-222
-228
-227
-248
-236
-227
-254
-254
-249
-110
154
178
-250
-8
-195
220
-242
-240
-239
-78
-66
-188
-39
-40
-240
-245
18
-248
-173
-246
-225
-155
-136
-182
-128
-115
-77
41
-254
-243
-253
-105
-105
-118
-158
78
-217
44
-236
-237
-235
-21
-56
-147
187
186
-221
-234
-136
-204
-254
-209
-246
-178
-182
-242
-253
-237
-217
-205
-252
-245
-213
-96
-158
194
-234
-164
-34
-78
-225
-228
-225
-147
-51
-202
-57
-58
-234
-242
-125
-83
-244
-251
-228
-232
-248
-238
-203
-232
-207
-213
-220
-117
-28
-116
49
70
-205
-53
-187
-140
-243
-244
-243
-116
-87
-158
34
35
-223
-233
-148
-214
-255
-252
-255
-246
-251
-253
-255
-255
-255
-252
-254
-252
-254
-110
22
-98
-227
119
-229
26
-251
-251
-251
-97
-62
-161
-215
-215
-143
-221
6
-239
-244
-250
-254
-227
-230
-244
-143
11
56
-155
-254
-253
-251
-110
72
128
-172
-17
-199
245
-240
-239
-238
36
-57
-85
37
36
-240
-244
18
-246
-218
-174
-217
-21
-229
-221
-192
-203
-71
-168
-246
-244
-254
-109
119
-173
-183
90
-221
-157
-231
-233
-231
-120
0
-143
-169
-169
-232
-242
-77
-126
-228
-207
-253
-231
-177
-221
-229
-206
-195
-141
-254
-254
-254
-110
0
-255
-193
7
-212
153
-250
-250
-250
-47
-67
-80
-127
-127
-217
-239
-6
-231
-95
-127
-232
-153
-195
-234
-227
-169
57
44
-254
-253
-251
-110
95
255
-232
29
-202
115
-223
-229
-227
-39
-60
-187
39
39
-231
-239
-196
75
-254
-253
-250
-120
-140
-237
-201
54
-22
-191
-253
-253
-251
-111
-77
77
-198
-55
-148
-23
-249
-249
-249
-15
-81
-166
149
149
-226
-235
-125
-203
-255
-220
-213
-199
-217
-227
-244
-243
-237
-179
-251
-242
-218
-104
-165
118
-150
14
-220
-97
-251
-251
-251
208
-57
-217
-34
-35
-225
-238
-101
-254
-245
-244
-227
-197
-217
-189
-176
-225
-191
-212
-252
-253
-250
-110
-88
97
-179
70
-206
-142
-222
-226
-222
100
-35
-152
51
51
-230
-241
-136
-212
-217
-236
-252
-213
-248
-254
-252
-245
-244
-245
-235
-38
-254
-109
128
-224
-196
-16
-207
215
-245
-246
-245
4
-59
-198
-39
-41
-245
-251
53
-246
-209
-243
-228
-160
-218
-210
-193
-158
-146
-116
-139
-183
-253
-111
91
-112
-239
-75
-181
-26
-241
-242
-241
29
-68
-210
-41
-41
-229
-237
-184
-234
-246
-252
-248
-221
-217
-210
-224
-249
-242
-220
-245
-254
-254
-113
-198
107
-237
56
-214
142
-246
-247
-246
17
-72
-121
10
9
-225
-231
-77
-249
-236
-244
-253
-223
-237
-239
-244
-232
-233
-243
-253
-254
-250
-114
-70
-107
-161
15
-209
-52
-255
-255
-255
-112
-59
-188
-117
-116
-238
-246
160
-243
-103
-232
-229
-192
-251
-254
-252
-158
12
-1
-254
-252
-254
-109
-231
-231
-236
-69
-177
26
-245
-247
-246
-101
-62
-52
-14
-14
-242
-249
-30
-239
-250
-254
-252
-244
-234
-249
-237
-249
-239
-228
-245
-254
-255
-109
-104
116
255
-157
32
223
-252
-252
-252
-135
-60
4
-9
-9
-213
-229
-65
-249
-238
-248
-251
-245
-233
-238
-249
-250
-237
-190
-253
-253
-254
-111
-13
-79
-177
21
-218
31
-201
-194
-201
183
-57
-165
-21
-22
-231
-237
-42
-249
-240
-248
-235
-177
-207
-215
-174
-187
-116
-157
-254
-143
-252
-110
-43
-107
-213
0
-198
-102
-250
-251
-250
-87
-30
-175
63
63
-232
-239
-113
-214
-253
-244
-247
-196
-218
-244
-229
-134
-215
-227
-253
-253
-252
-110
101
-129
-95
-80
-157
161
-250
-251
-250
-146
-63
-176
-23
-23
-206
-217
-101
-249
-251
-250
-252
-245
-235
-245
-244
-251
-235
-188
-252
-248
-234
-151
94
0
-181
-203
54
243
-215
-248
-239
-107
-57
-218
-69
-68
-192
-212
18
-226
-249
-253
-106
-248
-252
-252
-216
-198
-233
-241
-125
-173
-248
-123
0
35
