-119
-255
-255
-255
-72
-255
-32
-255
-255
-255
-255
-255
-121
-49
-255
-255
-32
-135
-140
-95
-206
-255
-255
-37
-255
-255
-255
-255
-93
-255
-255
-229
-149
-255
-127
-154
-255
-134
-19
-255
-255
-255
-137
-255
-132
-254
-42
-255
-255
-22
-190
-255
-255
-255
-255
-255
-255
-255
-255
-242
-226
-255
-9
-81
-255
-255
-151
-255
-63
-255
-193
-25
-255
-20
-60
-163
-187
-255
-255
-255
44
255
255
255
255
45
255
66
169
6
255
71
209
255
238
255
231
65
204
255
255
218
146
255
255
152
255
255
202
255
98
255
76
211
255
255
109
255
232
255
255
102
255
255
255
255
42
255
255
134
156
255
255
255
255
255
56
255
255
206
255
105
255
255
202
61
177
255
255
255
255
182
255
181
255
