-230
-85
-192
-250
-137
-252
-238
91
-247
-181
-232
-237
-222
-254
-254
185
-249
24
-215
-225
-158
-254
-253
-87
-237
-5
-206
-252
-240
-254
-255
-27
-254
43
-226
-236
-255
-251
-240
0
-246
-31
-234
-253
-209
-249
-252
-84
-231
-56
-238
-252
-224
-253
-250
51
-249
-29
27
-254
-246
-254
-254
165
-250
89
-237
-231
-250
-254
-254
0
-244
-91
-193
-250
-218
-253
-251
-108
-244
74
-227
-37
-186
-141
-72
0
-248
-31
-240
-249
-220
-244
-51
-151
-232
-67
-237
-251
-153
-255
-253
1
-242
45
-195
-214
-170
-246
-243
-185
-251
-22
-230
-254
-247
-251
-253
111
-253
13
-215
-246
-239
-254
-245
-163
-249
57
-240
-242
-152
-252
-252
144
-250
-11
-237
-243
-243
-253
-252
-101
-247
-58
-184
-255
-241
-250
-233
-62
-234
-231
-229
-196
-185
-243
-244
102
-240
26
-237
-241
-254
-253
-242
105
-240
-77
-237
-244
-192
-222
-86
214
-236
-223
-219
-205
-124
-246
-249
51
-233
-30
-230
-233
-243
-251
-222
118
-219
-20
-245
-248
-202
-237
-249
-109
-244
-52
-242
-254
-251
-251
-252
130
-244
-108
-236
-235
61
-177
-208
122
-246
26
-195
-246
-137
-252
-253
-35
-248
195
-209
-233
-243
-245
-232
238
-234
-26
-225
-245
-182
-253
-253
-99
-250
218
-229
-247
-253
-253
-248
-108
-253
66
-236
-189
-230
-253
-255
-107
-242
-94
-220
-244
-236
-253
-252
-110
-244
-49
-233
-252
-244
-238
-253
72
-254
-46
-141
-253
-234
-251
-210
170
-220
-58
-228
-252
-175
-253
-251
255
-252
80
-195
-108
-241
-215
148
0
-239
46
-124
-228
-213
-239
-252
-77
-252
-56
-234
-240
-163
-254
-242
-255
-242
183
-202
-206
-244
-252
-249
-115
-241
-74
-249
-253
-247
-253
-251
-114
-227
-110
-241
-249
-40
-254
-253
255
-255
-123
-220
-238
-189
-244
-34
77
-165
-87
-241
-251
-211
-250
-250
255
-227
-131
-253
-207
-145
-253
-220
-138
-220
-35
-244
-253
-216
-215
-238
114
-246
-188
-219
-239
-209
-253
-166
-142
-234
-205
-208
-205
-209
-250
-243
-153
-240
-131
-248
-209
-157
-254
-237
-201
-232
-92
-243
-223
-141
-251
-252
79
-239
-97
-184
-249
-119
-228
-212
111
-235
7
-235
-234
-160
-252
-143
39
-252
-71
-233
-250
54
-255
-255
0
-234
16
-234
-230
-235
-245
-204
172
-211
-21
-245
-235
-82
-254
-253
191
-239
-58
-243
-252
-246
-254
-251
-118
-248
-173
-170
-235
-176
-254
-254
-135
-230
-2
-239
-255
-246
-245
-253
114
-244
-185
-219
-200
-248
-254
-254
0
-234
16
-242
-232
-210
-251
-251
238
-242
-59
-239
-241
-233
-251
-251
121
-219
4
-201
-246
-187
-255
-255
-42
-219
-42
-203
-224
-125
-253
-226
128
-241
-40
-214
-255
-244
-247
-231
108
-248
13
-231
-243
-238
-253
-234
-169
-249
-43
-158
-244
-125
-254
-254
0
-245
-167
-229
68
-250
-252
-249
229
-240
-147
-221
-244
-210
-254
-254
-213
-249
-60
-242
-255
-241
-253
-229
-166
-252
-16
-251
-248
-240
-253
-254
102
-226
15
-232
-237
-193
-159
-237
83
-249
-5
-190
-255
-252
-249
-254
107
-240
-132
-232
-139
-229
-249
-245
-102
-226
-166
-223
-195
-222
-253
-239
0
-237
-40
-221
-255
-245
-251
-254
67
-239
-36
-243
-230
-222
-254
-250
-105
-221
-2
-251
-171
-164
-230
-241
-255
-242
9
-241
-231
-246
-253
-253
0
-248
33
-242
-223
-105
-207
-178
-92
-207
-167
-214
-226
-65
-254
-254
74
-245
44
-243
-237
-210
-251
-242
-117
-252
-130
-219
-198
-225
-246
-244
-18
-234
8
-228
-250
-212
-251
-251
-255
-214
-148
-239
38
-230
-253
-249
98
-242
-92
-238
-248
-214
-253
-253
-255
-239
33
-221
-248
-193
-254
-255
-41
-220
4
-236
-249
-235
-254
-250
-110
-231
-78
-231
-254
-199
-244
-240
117
-212
-91
-224
-229
-59
-251
-239
255
-227
4
-225
-236
-210
-254
-151
135
-206
-66
-251
-255
-219
-250
-252
0
-251
74
-207
-208
-219
-245
-250
-48
-244
-59
-233
-254
-250
-255
-254
-208
-243
-12
-225
-240
-239
-253
-250
-27
-202
-55
-240
-254
-212
-234
-253
126
-246
-198
-181
-246
-221
-254
-252
156
-243
44
-238
-115
-206
-252
-233
-152
-247
-200
-195
-189
-213
-238
-236
-204
-235
-56
-233
-253
-230
-225
16
79
-231
-34
-237
-227
-184
-253
-204
105
-243
-53
-226
-253
-248
-255
-252
222
-250
61
-203
-215
-242
-248
-53
205
-238
48
-214
-206
-228
-248
-247
-154
-249
-54
-231
-253
-230
-245
-220
18
-247
-223
-220
-224
-198
-250
-252
-255
-245
-125
-214
-247
-114
-252
-253
-255
-250
-41
-236
-248
-228
-255
-255
122
-238
9
-237
-250
-251
-254
-254
-255
-255
-86
-236
-244
-204
-253
-253
-37
-238
42
-238
-237
-224
-251
-219
50
-252
-23
-210
-253
-248
-254
-251
153
-228
-31
-246
-252
-239
-247
-253
227
-129
26
-222
-249
-130
-253
-253
181
-254
-176
-194
-242
-147
-254
-254
29
-239
-40
-232
-254
-241
-254
-247
-107
-252
37
-210
-156
-179
-252
-247
206
-250
-30
-235
-245
-231
-254
-243
-245
-253
-40
-245
-225
-221
-254
-226
-76
-240
37
-231
-238
-183
-240
-235
154
-253
-118
-232
-242
-173
-213
-204
-116
-160
-55
-234
-239
-96
-252
-196
161
-238
-112
-220
-195
-240
-248
-238
-51
-254
-68
-215
-244
-251
-255
-254
-188
-249
247
-118
-251
-253
-251
-247
255
-254
58
-225
-198
-227
-252
-250
-106
-181
-153
-204
-153
-248
-252
-251
118
-221
-157
-222
-216
-198
-250
-248
-123
-250
-26
-229
-252
-249
-253
-250
0
-247
61
-237
-244
-219
-253
-254
-79
-250
-113
-237
-176
-68
-254
-237
-154
-235
-56
255
-251
-246
-254
-251
150
-254
-45
-237
-115
-113
-254
-238
123
-248
-77
-251
-251
-179
-255
-254
-117
-242
-28
-214
-220
-177
-227
-227
99
-249
47
-226
-222
-213
-249
-246
-70
-244
24
-242
-252
-179
-252
-253
67
-222
18
-243
-247
-248
-254
-254
178
-240
-40
-240
-246
-115
-254
-243
-118
-237
186
-221
-209
-237
-252
-245
194
-228
-58
-234
-251
-232
-220
-117
70
-244
35
-223
-252
-255
-254
-252
-98
-251
-215
-143
-250
11
-254
-253
128
-239
36
-240
-174
-203
-246
-244
-173
-233
-169
-232
-207
-206
-254
-254
-255
-250
-127
-217
-127
-169
-254
-253
255
-229
39
-231
-253
54
-253
-253
77
-249
149
-226
-220
-243
-251
-242
118
-251
-35
-225
-244
-225
-252
-253
97
-226
51
-230
-236
-245
-235
-38
-224
-246
-41
-245
-243
-158
-139
-183
-112
-242
-41
-229
-252
-249
-245
-254
107
-247
9
-225
-244
-232
-253
-254
-107
-255
-116
-238
-232
-158
-254
-252
-231
-247
-14
-242
-254
-249
-245
-254
116
-252
-9
-213
-248
-250
-253
-253
-79
-194
-22
-231
-248
-187
-254
-143
-107
-251
63
-232
-244
-134
-253
-253
-129
-251
-23
-206
-250
-251
-252
-248
0
-248
-68
-192
-253
-198
-125
-173
35
