-16384
-5878
-16384
0
-16384
0
-16384
0
-16384
0
-16384
0
-16384
0
-16384
0
-16384
-7379
-16384
8629
-16384
0
-16384
0
-16384
12297
-16384
6378
-16384
-376
-16384
-3627
-16384
0
-16384
3627
-16384
-6128
-16384
0
-16384
4596
-16384
4877
-16384
0
-16384
5127
-16384
-5092
-16384
3602
-16384
0
-16384
-1118
-16384
-5377
-16384
869
-16384
8074
-16384
-5377
-16384
-6879
-16384
0
-16384
-876
-16384
7329
-16384
-8819
-16384
-7379
-16384
0
-16384
0
-16384
-3850
-16384
0
-16384
0
-16384
-6879
-16384
0
-16384
-1126
-16384
-626
-16384
0
-16384
-8571
-16384
0
-16384
0
-16384
-1126
-16384
-1126
-16384
0
-16384
6128
-16384
4377
-16384
7825
-16384
-7329
-16384
-1376
-16384
0
-16384
-1367
-16384
125
-16384
-1626
-16384
-876
-16384
0
-16384
6378
-16384
0
-16384
16383
-16384
0
-16384
9316
-16384
-1376
-16384
0
-16384
6879
-16384
-5127
-16384
5092
-16384
11630
-16384
6583
-16384
0
-16384
-6879
-16384
-1615
-16384
-6128
-16384
-4377
-16384
10558
-16384
10309
-16384
-10061
-16384
0
-16384
9565
-16384
8322
-16384
9630
-16384
7329
-16384
5627
-16384
-376
-16384
8129
-16384
8074
-16384
8629
-16384
0
-16384
-16384
-16384
6086
-16384
9380
-16384
13632
-16384
-125
-16384
9813
-16384
-16384
-16384
3105
-16384
6629
-16384
11800
-16384
8629
-16384
10880
-16384
8379
-16384
-16384
-16384
9067
-16384
11552
-16384
11055
-16384
-16384
-16384
10558
-16384
7329
-16384
5878
-16384
8322
-16384
11303
-16384
-876
-16384
-16384
-16384
2608
-16384
-16384
-16384
9880
-16384
6879
-16384
-16384
-16384
-14382
-16384
-16384
-16384
8129
-16384
0
-16384
6832
-16384
-16384
-16384
10558
-16384
0
-16384
10380
-16384
-16272
-16384
8074
-16384
4127
-16384
-16384
-16384
7879
-16384
8379
-16384
8322
-16384
9813
-16384
7129
-16384
0
-16384
11630
-16384
7329
-16384
-11303
-16384
4877
-16384
7379
-16384
2360
-16384
9565
-16384
-10309
-16384
12131
-16384
8629
-16384
10558
-16384
0
-16384
-16384
-16384
8379
-16384
-7329
-16384
9813
-16384
9630
-16384
9565
-16384
12049
