-194
51
113
-253
-253
-62
-59
-203
-202
-213
65
-236
-228
-255
-218
-55
-200
-224
-221
-254
-252
-111
94
-86
-92
-100
212
-251
-243
8
-71
-11
-12
-229
18
-240
-242
-232
-216
-193
-208
-161
-159
-251
-102
-110
-41
0
-238
78
-73
-250
-250
-21
-93
18
17
-231
-113
-238
-226
-250
-249
-240
-248
-242
-240
-253
-251
-111
153
0
36
-52
-164
-250
-249
121
-67
-30
-31
-225
-172
-199
-249
-240
-213
-227
-213
-224
-171
-254
-253
-105
82
27
-251
14
154
-246
-247
-92
-74
-26
-25
-209
-30
-231
-253
-238
-186
-105
-212
-222
-79
-221
-244
-104
101
0
-171
-138
157
-246
-247
-25
-56
34
31
-66
-255
-214
-226
-249
-251
-240
-238
-218
-222
-243
225
-108
60
-41
-238
93
-168
-243
-244
-44
10
-199
-200
-172
-89
-245
-253
-255
-218
-115
-101
-131
-143
-254
-254
-110
166
-88
-51
-167
224
-247
-247
-65
-55
-19
-19
-230
-53
-178
-242
-249
-135
-150
-227
-223
-124
-205
-202
-69
0
0
-101
22
15
-225
-227
-29
-68
3
3
-183
-113
-228
-238
-250
-251
-251
-245
-205
-152
-254
-255
-108
0
0
-131
-69
94
-238
-239
-27
-58
-9
-8
-242
-42
-242
-252
-252
-140
-176
-251
-246
-201
-238
-236
-107
0
0
-186
31
12
-222
-227
-10
-64
-145
-146
-168
-77
-143
-193
-230
-80
-142
-148
-111
6
-248
6
-111
60
-37
-222
12
49
-244
-247
-79
-61
29
28
-238
-53
-249
-188
-186
-222
-201
-189
-103
-160
-200
-167
-111
0
0
-243
11
237
-213
-247
-123
-55
87
87
-244
18
-254
-161
-211
-251
-252
-231
-168
-106
-251
-249
-110
25
4
-194
78
-145
-213
-217
-174
65
15
10
-186
-255
-221
-241
-250
-243
-241
-233
-233
-237
-251
-253
-107
101
0
-196
-161
-69
-232
-234
-48
-57
-18
-18
-213
-113
-232
-250
-235
-202
-204
-230
-230
-215
-251
-251
-103
98
0
-224
12
-135
-240
-242
-95
-16
-28
-29
-244
-148
-253
-255
-253
-243
-246
-243
-242
-238
-249
-254
-109
-123
117
-227
-146
-68
-247
-248
-132
-61
-3
-2
-227
-113
-254
-255
-254
-239
-245
-253
-248
-224
-250
-254
-109
-138
119
-176
-35
-139
-254
-255
-162
48
-171
-170
-228
-65
-220
-188
-253
-174
-207
-243
-208
-161
-254
-254
-110
115
-46
-223
-53
243
-253
-251
-181
-25
-5
-5
-225
18
-255
-255
-254
-224
-239
-251
-243
-204
-246
-253
-109
-126
102
-149
-124
245
-240
-246
-52
-57
-67
-66
-231
-53
-229
-247
-186
-245
-218
-215
-223
-232
-248
-246
-114
-128
0
-242
1
-83
-253
-253
-183
-169
2
1
-231
-136
-238
-248
-253
-246
-247
-246
-239
-245
-254
-254
-112
102
0
22
-113
-68
-249
-249
-116
-61
-14
-17
-131
-255
-176
-236
-215
-245
-194
-195
-36
-133
-254
-251
-68
0
4
-226
-102
246
-232
-250
26
-42
-49
-48
-235
65
-250
-253
-218
-237
-174
-230
-222
-220
-249
-245
-126
41
-51
39
-55
-137
-238
-239
-89
-58
-8
-8
-165
-255
-217
-242
-252
-251
-253
-249
-233
-207
-254
-253
-113
-101
0
34
-85
-130
-251
-251
-131
-56
-29
-29
-223
-136
-226
-244
-240
-214
-124
-248
-253
-230
-248
-247
-96
0
0
-243
60
-105
-246
-247
-22
-122
50
50
-241
101
-253
-214
-244
-251
-254
-231
-217
-178
-243
-231
-108
86
0
-193
-57
244
-247
-253
-95
-55
28
28
-227
-89
-188
-239
-248
-251
-252
-252
-248
-233
-251
-232
-109
-243
-36
-250
-9
217
-237
-234
-31
-43
243
243
-221
-89
-254
-252
-250
-254
-254
-250
-249
-224
-252
-250
-109
-179
0
-230
-12
209
-247
-245
-61
-62
-15
-15
-238
18
-247
-255
-251
-240
-238
-246
-237
-229
-242
-254
-109
-123
100
-214
72
-141
-225
-228
40
-66
-49
-51
-241
-89
-176
-251
-247
-241
-183
-236
-172
-225
-253
-254
-110
-248
111
-128
-118
25
-240
-242
34
-60
37
35
-81
-255
-250
-237
-248
-251
-251
-250
-245
-243
-249
-57
-109
151
-64
-240
99
-86
-246
-247
-74
-195
60
59
-245
-77
-252
-177
-248
-252
-254
-225
-197
-153
-244
-231
-110
106
-68
-232
8
9
-228
-231
-127
-44
-16
-16
-236
30
-243
-246
-252
-249
-231
-246
-235
-246
-254
-253
-112
0
0
-208
92
-129
-227
-230
63
-2
-72
-71
-229
-148
-224
-246
-230
-248
-214
-216
-212
-227
-247
-230
-121
-159
-39
-218
-89
247
-238
-250
-132
-63
-49
-48
-236
-6
-252
-253
-201
-245
-163
-253
-254
-253
-245
-252
-110
-144
1
-173
-92
11
-217
-223
-160
-54
-52
-52
-223
-101
-244
-253
-247
-237
-168
-223
-233
-221
-91
195
-217
-101
-54
-213
-20
218
-241
-239
-89
-58
-151
-152
-193
42
-110
-104
-224
-103
-109
-166
-55
-35
-254
-221
-112
-74
-65
-210
42
-146
-251
-252
-106
-25
93
91
-225
-196
-246
-251
-233
-235
-205
-216
-226
-205
-253
-254
-110
-105
0
-121
-60
215
-249
-250
-139
-56
-86
-87
-80
-208
-201
-238
-198
-249
-208
-188
-133
-104
-249
-232
-106
0
-53
-219
-192
245
-234
-248
-69
-56
57
56
-235
53
-251
-175
-161
-196
-168
-93
-129
-90
-223
-207
-110
0
0
-225
-2
-57
-254
-254
-135
-59
-28
-28
-230
125
-254
-255
-252
-248
-236
-247
-250
-239
-251
-254
-109
-131
107
-220
-164
152
-231
-236
-124
-58
-81
-80
-238
-42
-238
-254
-104
-252
-210
-122
-94
-12
-255
-255
-110
-8
-10
-218
-89
202
-247
-249
-102
-62
29
29
-203
-136
-245
-226
-231
-215
-225
-43
46
-143
-106
-14
-108
0
-65
-244
11
147
-245
-247
-91
-37
3
2
-237
6
-252
-241
-233
-247
-239
-242
-211
-137
-250
-205
-111
-84
6
-242
74
-4
-220
-222
14
-60
17
16
-241
-101
-247
-232
-238
-219
-188
-162
-12
-141
-255
-254
-110
58
25
-149
-79
246
-244
-253
-74
-58
-156
-156
-220
160
-98
-87
-242
-17
25
-143
10
-104
-253
-224
-113
-74
-60
-172
-97
-54
-242
-243
-33
-56
-30
-30
-185
-53
-248
-254
-248
-238
-164
-242
-239
-239
255
-126
-49
16
18
-29
-55
-68
-244
-245
-46
-68
171
169
-199
-160
-254
-210
-202
-240
-240
-250
-237
-203
-248
-233
-90
-72
61
-221
43
-129
-254
-254
-112
-255
-3
-3
-243
-89
-254
-254
-254
-251
-245
-244
-238
-235
-253
-254
-109
-137
116
-220
-6
-81
-236
-237
-49
-37
-191
-190
-156
-53
-217
-209
-250
-193
-156
-226
-238
-229
-254
-251
-106
153
-48
-213
-188
245
-226
-250
-37
-55
185
184
-232
-65
-254
-197
-223
-232
-242
-245
-211
-208
-250
-231
-103
-196
-3
-242
-28
160
-249
-250
-191
-78
239
237
-222
-196
-251
-246
-246
-253
-253
-253
-251
-222
-253
-252
-97
-131
0
-213
-69
214
-255
-255
-92
56
-24
-23
-219
-219
-247
-249
-253
-233
-229
-248
-222
-228
-246
-252
-109
-121
112
-243
-214
-140
-225
-229
-105
-55
-64
-64
-214
-125
-248
-254
-207
-248
-236
-235
-224
-245
-254
-251
-108
0
-15
-95
23
-255
-241
-240
194
-112
-22
-23
-247
-89
-244
-253
-233
-240
-225
-190
-167
-175
-253
-251
-110
128
4
-200
69
135
-217
-221
120
-65
-88
-88
-218
6
-229
-251
-204
-249
-216
-158
-174
-224
-254
-251
-119
-48
-64
-166
-189
152
-231
-236
-146
-55
-47
-46
-229
30
-250
-254
-227
-230
-177
-242
-222
-238
-245
-200
-116
-11
0
-200
-22
185
-224
-222
-127
-77
-156
-157
-247
6
-231
-204
-231
-241
-201
-233
-205
-229
-229
-231
-99
-231
67
-174
-18
157
-183
-180
-33
-65
57
55
-236
-113
-245
-212
-191
-217
-206
-97
-138
-37
-118
-35
-110
0
106
-232
58
-36
-247
-247
-17
-8
-22
-22
-219
-77
-254
-255
-254
-244
-229
-252
-248
-233
-248
-254
-109
-135
130
-233
78
-38
-255
-255
-176
-106
-203
-202
-223
-65
-240
-251
-255
-198
-51
-200
-36
-226
-254
-254
-110
-255
97
-35
-100
-25
-243
-244
-148
-53
-16
-18
-113
-255
-192
-245
-246
-244
-250
-245
-224
-208
-245
-217
-255
58
155
-210
-55
251
-229
-230
-6
-68
37
37
-216
-172
-253
-239
-252
-251
-252
-245
-223
-236
-243
255
-110
-51
-25
-209
29
39
-187
-194
188
-47
-14
-15
-227
-208
255
-140
-239
-226
-230
-212
-189
-147
-248
-242
-111
-215
37
-240
14
11
-247
-248
-175
-57
-55
-55
-224
-101
-227
-248
-212
-212
-119
-147
-129
-145
-255
-255
-110
-124
80
-110
-82
160
-249
-250
-50
-62
-74
-74
-235
-136
-228
-241
-227
-249
-172
-205
-178
-186
-246
-207
-116
22
42
-228
-68
-70
-237
-238
11
-67
-48
-48
-235
-148
-245
-249
-241
-234
-227
-233
-242
-225
-252
-254
-111
46
105
-162
-36
-76
-246
-247
-73
-127
-75
-76
-222
-125
-251
-252
-237
-248
-226
-238
-237
-239
-244
-236
-118
102
111
-164
-157
55
-243
-244
0
-58
49
49
-195
-160
-190
-198
-243
-247
-247
-233
-223
-201
-222
69
-108
100
77
-249
124
22
-240
-242
-66
-55
-49
-49
-233
-77
-214
-253
-208
-231
-131
-184
-162
-187
-253
-252
-109
-226
118
-132
-29
152
-244
-245
-88
-57
23
21
-246
30
-254
-232
-241
-241
-226
-231
-207
-238
-253
-232
-96
56
70
-171
21
22
-235
-246
83
-72
-54
-55
-217
-65
-232
-250
-218
-245
-207
-182
-135
-179
-253
-205
-110
-37
53
-140
-96
-63
-244
-244
67
-76
-23
-24
-241
-42
-243
-250
-235
-240
-174
-227
-157
-185
-253
-227
-109
-48
81
-255
-255
151
-211
-201
-21
-66
-38
-37
-233
-89
-251
-255
-249
-244
-213
-247
-239
-238
-254
-254
-110
-72
123
-251
57
147
-244
-245
-41
-46
-13
-13
-229
30
-235
-253
-233
-149
-123
-177
-50
-180
-254
-253
-110
0
113
-242
90
91
-242
-243
-89
-47
221
220
-231
-243
-251
-247
-250
-252
-253
-251
-248
-235
-253
-252
-107
-82
125
-115
17
-74
-233
-235
-27
-63
57
57
-250
-53
-237
-200
-251
-253
-254
-253
-248
-237
-244
-80
-109
51
51
-149
-17
51
-232
-234
-90
-57
-50
-50
-243
-6
-250
-254
-227
-234
-173
-235
-236
-242
-239
-251
-113
102
111
-221
10
218
-243
-250
-143
-36
-147
-147
-193
-30
-222
-138
-250
-241
-244
-246
-233
-176
-253
-249
-110
-102
0
-219
-21
-89
-251
-251
-127
-72
44
44
-207
-125
-193
-250
-253
-242
-241
-167
-135
-210
-254
-254
-110
77
108
-123
-83
-4
-219
-222
0
-52
-18
-19
-227
-125
-246
-244
-239
-233
-202
-180
-157
-150
-251
-213
-117
-48
130
-243
3
238
-241
-244
-49
-63
2
-1
-155
-243
-204
-246
-239
-238
-243
-209
-187
-204
-254
-251
-110
-123
0
-231
13
87
-246
-247
-130
-64
-28
-28
-215
-101
-254
-255
-251
-243
-211
-238
-242
-247
-246
-254
-109
-124
123
-141
-155
243
-230
-235
-46
-63
-76
-75
-239
-42
-241
-253
-181
-254
-241
-54
-194
-195
-208
-114
-135
18
73
-228
15
57
-253
-253
-160
-72
-13
-13
-158
-184
-254
-255
-253
-226
-246
-252
-249
-234
-248
-254
-110
-130
130
-242
56
-136
-250
-250
-115
45
235
235
-254
-101
-255
-255
-255
-255
-255
-250
-254
-246
-254
-254
-109
134
77
-196
186
-129
-243
-244
103
-38
-135
-138
-255
-42
-233
-247
-234
-242
-221
-208
-224
-231
-226
-84
-142
57
65
-176
-37
-55
-244
-244
51
-56
-45
-45
-245
113
-249
-254
-235
-239
-227
-235
-234
-245
-233
-249
-111
97
107
-110
11
-70
-244
-245
-152
-87
59
56
-221
-255
-184
26
-192
-243
-218
-218
-228
-244
-252
-192
-110
-217
37
-163
9
-133
255
255
255
-62
9
7
-235
-125
-232
-237
-234
-231
-221
-199
-169
-98
-253
-214
-110
-67
36
-186
-13
243
-238
-237
-109
-64
24
24
-228
-148
-246
-243
-240
-199
-216
-53
-9
-208
-250
-250
-109
-224
86
-107
120
161
-245
-247
-72
-66
70
69
-240
18
-253
-169
-241
-252
-252
-249
-247
-236
-250
-231
-108
-8
81
-223
-59
-34
-255
-255
-35
-86
50
50
-216
-101
-252
-156
-244
-244
-203
-118
-145
-232
-161
-106
-109
-68
92
-199
-18
22
-239
-240
-133
-61
-134
-133
-202
30
-101
-101
-251
-238
-245
-162
-85
45
-252
-251
-109
-131
0
-223
59
12
-247
-248
-77
-103
-152
-151
-222
6
-249
-195
-251
-232
-244
-230
-222
-174
-252
-246
-108
-179
30
-149
-75
96
-243
-244
-9
-62
1
1
-240
-30
-254
-253
-254
-230
-228
-241
-241
-219
-254
-254
-110
123
123
-243
-153
-25
-242
-243
-103
-59
-48
-48
-244
-42
-225
-250
-239
-250
-245
-233
-243
-244
-254
-254
-112
-51
102
-210
-66
-74
-251
-251
-174
-83
-60
-60
-204
-208
-250
-252
-252
-244
-203
-244
-247
-240
-254
-244
-110
77
51
-212
-96
59
-249
-249
-147
-65
2
2
-178
-148
-255
-254
-253
-245
-253
-255
-254
-230
-253
-229
-110
-217
119
5
-37
48
-227
-230
82
-63
-43
-42
-235
-53
-239
-251
-201
-228
-71
-234
-237
-237
-251
-250
-101
181
129
-249
109
247
-205
-204
113
-86
18
17
-246
-136
-254
-246
-252
-245
-211
-222
-196
-238
-254
-254
-112
44
46
-242
-135
238
-233
-243
-118
-62
-21
-21
-231
-113
-231
-246
-250
-233
-220
-222
-238
-229
-254
-254
-115
0
102
-100
22
153
-233
-235
48
-63
-21
-21
-216
-42
-167
-247
-243
-143
-159
-249
-225
-191
-253
-250
68
101
94
-243
-51
-80
-233
-235
-129
-114
-20
-20
-226
-136
-209
-227
-225
-158
-175
-148
-204
-122
-253
-232
-110
51
46
-150
-81
19
-225
-228
-244
14
8
8
-230
-53
-236
-225
-246
-210
-232
-223
-222
-218
-248
-28
-95
148
96
-231
-80
-84
-241
-243
-58
-180
58
58
-227
-125
-254
-190
-230
-244
-221
-178
-99
-220
-220
-202
-110
165
80
11
-111
-52
-249
-249
-84
-57
-21
-21
-243
77
-241
-253
-213
-205
-201
-227
-221
-216
-254
-249
255
208
117
-212
-73
-76
-248
-249
-151
-174
76
75
-243
-125
-253
-136
-221
-213
-193
-231
-211
-165
-195
-158
-108
92
70
-164
17
202
-194
-211
165
149
-183
-183
-203
-113
-180
-123
-227
9
43
-144
-211
-185
-253
-243
-112
48
64
-250
-19
152
-230
-232
-120
-58
-14
-15
-236
-6
-133
-183
-209
-180
-174
-140
174
-11
-253
-204
-110
58
30
-244
-15
-70
-245
-246
-37
-53
-141
-143
-237
6
-209
-172
-248
-239
-212
-246
-246
-216
-251
-240
-110
-51
0
-223
-44
70
-207
-213
-57
-59
34
34
-193
-148
-247
-208
-252
-212
-241
-91
-4
-171
-250
-248
-109
35
82
-194
-77
224
-210
-243
12
-67
-90
-89
-223
30
-193
-248
-236
-252
-249
-234
-202
-247
-254
-251
-118
-117
0
-165
-130
-26
-241
-243
-13
-60
45
45
-245
-65
-254
-220
-248
-251
-248
-250
-249
-234
-234
8
-109
93
51
-185
-33
-75
-254
-255
-67
-64
-135
-134
-228
-113
-83
-206
-254
-238
-251
-240
-86
195
-250
-248
-110
255
114
-236
-38
50
-234
-236
-105
-51
-108
-108
-237
18
-177
-236
-243
-230
-211
-90
-82
-8
-252
-253
-109
-124
0
-140
-88
248
-215
-212
-119
-64
26
26
-231
-136
-242
-209
-239
-228
-219
-168
-207
-222
-243
-224
-111
-175
0
