-255
-255
-239
-255
-255
-255
-77
-255
-28
-255
-255
-255
-255
-255
-255
-255
-255
-255
-255
-255
-255
-255
-255
-255
-255
-33
-255
-255
-255
-255
-255
-255
-255
-255
-46
-255
-255
-255
-255
-255
-255
-255
-255
-255
-255
-62
-235
-255
-255
-255
-255
-177
-255
-22
-255
-255
29
255
255
255
255
255
139
93
255
255
255
187
109
83
255
150
255
255
77
217
255
255
255
104
255
255
255
255
37
17
255
255
51
255
255
40
42
255
255
255
255
255
255
255
255
154
255
12
48
255
255
255
94
255
255
243
255
255
255
255
255
15
255
255
