-30
-2
-28
-25
0
-30
21
-29
-30
0
-30
2
-28
-30
0
-31
6
-25
-13
-7
-30
-4
-27
-26
3
-30
-3
-25
-26
0
-30
-24
-21
-12
-11
-30
-2
-28
-28
0
-28
0
-22
-30
0
-29
-1
-29
-30
0
-28
-18
-20
-18
-5
-30
3
-29
-23
0
-30
11
-30
-28
1
-26
1
-23
-28
0
-28
-2
-26
-28
0
-29
-3
-30
-30
14
-30
0
-28
-31
14
-31
-21
-28
-30
-6
-31
-1
-27
-31
12
-30
-24
-25
-29
-9
-30
-8
-28
-26
0
-31
0
-28
-30
0
-30
-2
-16
-24
1
-30
-6
-29
-28
-6
-29
-1
-20
-30
0
-31
-3
-27
-30
0
-30
6
-29
-28
0
-31
3
-28
-31
-4
-28
30
-27
-30
0
-30
-2
-29
-30
12
-28
-6
-29
-29
13
-28
-2
-29
-30
0
-28
-9
-28
-26
-5
-30
-6
-29
-31
0
-27
-6
-27
-27
-7
-29
-18
-23
-20
-8
-31
11
-27
-26
0
-30
-11
-10
-23
-6
-30
7
-29
-11
0
-31
-3
-28
-30
13
-29
-10
-29
-15
-1
-31
31
-29
-31
0
-30
-25
-23
-28
-9
-30
4
-25
-5
-8
-30
0
-29
-29
1
-31
22
-29
-29
-1
-27
2
-29
-20
3
-31
-19
-27
-17
-7
-30
-4
-22
-29
2
-30
21
-24
-30
7
-31
0
-30
-30
14
-29
-23
-19
-27
-6
-30
22
-28
-30
0
-30
29
-27
-31
0
-31
-3
-27
-30
14
-28
-8
-26
-29
-2
-29
-3
-30
-23
1
-27
-11
-27
-19
-8
-29
-6
-28
-29
0
-27
-19
-30
-28
8
-28
4
-26
-30
-3
-24
-2
-28
-26
5
-30
-7
-27
-18
10
-30
-9
-29
-25
5
-29
-6
-29
-28
13
-30
-9
-27
-29
13
-30
6
-24
-28
9
-25
-18
-29
-31
10
-30
4
-29
-29
15
-30
3
-30
-28
9
-30
-7
-26
-22
6
-30
-3
-29
-28
10
-30
8
-29
-27
14
-28
4
-29
-19
12
-30
27
-28
-30
15
-29
7
-30
-31
6
-31
-7
-28
-27
14
-28
4
-27
-27
13
-28
-6
-30
-29
13
-30
-18
-23
-30
0
-30
7
-27
-31
16
-31
5
-25
-20
13
-30
0
-19
-25
0
-29
-9
-29
-7
9
-31
-2
-19
-31
16
-30
29
-31
-30
9
-30
-7
-30
-29
13
-30
-17
-31
-25
8
-30
-5
-30
-29
13
-30
7
-27
-27
5
31
1
-29
-24
4
-29
3
-28
-6
10
-30
8
-29
-30
10
-31
6
-26
-14
11
-29
-16
-25
-20
0
-30
-18
-27
-28
4
-30
-6
-30
-28
12
-31
-7
-25
-30
6
-30
0
-22
-31
14
-25
2
-30
-27
6
-30
-3
-28
-27
12
-29
-3
-26
-30
11
-29
-2
-27
-18
6
-28
1
-28
-27
12
-31
-1
-27
-26
13
-29
7
-28
-22
10
-30
-3
-30
-28
14
-30
9
-29
-28
9
-26
-22
-25
-18
8
-28
-2
-29
-17
4
-30
-17
-29
-30
0
-26
4
-23
-11
10
-30
-11
-27
-28
0
-30
5
-30
-30
6
-29
-13
-29
-11
0
-26
3
-28
-20
0
