-194
51
-209
113
-253
-253
-253
-62
-59
-138
-203
-202
-213
-237
65
-240
-236
-228
-255
-244
-216
-218
-55
-200
-224
-221
-254
-252
-254
-111
94
-86
-92
-100
-203
212
-251
-243
-247
8
-71
-182
-11
-12
-229
-234
18
-248
-240
-242
-232
-172
-140
-216
-193
-208
-161
-159
-251
-102
-251
-110
-41
0
-104
8
-199
-135
-245
-246
-245
-116
-71
-217
177
175
-239
-243
-196
196
-255
-223
-209
-166
-222
-247
-247
-246
-245
-227
-246
-242
-252
-111
-217
0
-238
78
-216
-73
-250
-250
-250
-21
-93
-193
18
17
-231
-237
-113
-220
-238
-226
-250
-236
-239
-249
-240
-248
-242
-240
-253
-251
-252
-111
153
0
36
-52
-167
-164
-250
-249
-250
121
-67
-230
-30
-31
-225
-231
-172
-224
-199
-249
-240
-249
-162
-213
-227
-213
-224
-171
-254
-253
-255
-105
82
27
-251
14
-195
154
-246
-247
-246
-92
-74
-133
-26
-25
-209
-223
-30
-249
-231
-253
-238
-219
-152
-186
-105
-212
-222
-79
-221
-244
-253
-104
101
0
-171
-138
-70
157
-246
-247
-246
-25
-56
-166
34
31
-66
-125
-255
-252
-214
-226
-249
-198
-244
-251
-240
-238
-218
-222
-243
225
-253
-108
60
-41
-238
93
-218
-168
-243
-244
-243
-44
10
-143
-199
-200
-172
-150
-89
-123
-245
-253
-255
-234
-235
-218
-115
-101
-131
-143
-254
-254
-254
-110
166
-88
-51
-167
-120
224
-247
-247
-246
-65
-55
-255
-19
-19
-230
-238
-53
-249
-178
-242
-249
-226
-126
-135
-150
-227
-223
-124
-205
-202
-246
-69
0
0
-101
22
-193
15
-225
-227
-224
-29
-68
-174
3
3
-183
-202
-113
-235
-228
-238
-250
-230
-229
-251
-251
-245
-205
-152
-254
-255
-255
-108
0
0
-131
-69
-207
94
-238
-239
-237
-27
-58
-229
-9
-8
-242
-248
-42
-250
-242
-252
-252
-250
-83
-140
-176
-251
-246
-201
-238
-236
-253
-107
0
0
-186
31
-209
12
-222
-227
-223
-10
-64
-132
-145
-146
-168
-227
-77
-231
-143
-193
-230
175
-76
-80
-142
-148
-111
6
-248
6
-253
-111
60
-37
-222
12
-205
49
-244
-247
-252
-79
-61
-209
29
28
-238
-244
-53
-235
-249
-188
-186
-60
-159
-222
-201
-189
-103
-160
-200
-167
-247
-111
0
0
-243
11
-206
237
-213
-247
-238
-123
-55
-169
87
87
-244
-248
18
-246
-254
-161
-211
-211
-245
-251
-252
-231
-168
-106
-251
-249
-254
-110
25
4
-194
78
-207
-145
-213
-217
-211
-174
65
-195
15
10
-186
-190
-255
-217
-221
-241
-250
-238
-236
-243
-241
-233
-233
-237
-251
-253
-255
-107
101
0
-196
-161
-105
-69
-232
-234
-232
-48
-57
-255
-18
-18
-213
-229
-113
-226
-232
-250
-235
-235
-202
-202
-204
-230
-230
-215
-251
-251
-255
-103
98
0
-224
12
-171
-135
-240
-242
-240
-95
-16
-153
-28
-29
-244
-248
-148
-223
-253
-255
-253
-251
-233
-243
-246
-243
-242
-238
-249
-254
-255
-109
-123
117
-227
-146
-103
-68
-247
-248
-247
-132
-61
-180
-3
-2
-227
-237
-113
-224
-254
-255
-254
-244
-232
-239
-245
-253
-248
-224
-250
-254
-255
-109
-138
119
-176
-35
-182
-139
-254
-255
-254
-162
48
-165
-171
-170
-228
-243
-65
-121
-220
-188
-253
-215
-174
-174
-207
-243
-208
-161
-254
-254
-254
-110
115
-46
-223
-53
-161
243
-253
-251
-251
-181
-25
-149
-5
-5
-225
-237
18
-248
-255
-255
-254
-242
-226
-224
-239
-251
-243
-204
-246
-253
-254
-109
-126
102
-173
50
-211
205
-249
-247
-247
-103
-58
-141
-198
-197
-208
-237
113
-243
-246
-222
-255
-242
-228
-216
-99
-239
-219
-216
-253
-250
-253
-110
-68
-72
-149
-124
-144
245
-240
-246
-244
-52
-57
-224
-67
-66
-231
-241
-53
-226
-229
-247
-186
-246
-245
-245
-218
-215
-223
-232
-248
-246
-254
-114
-128
0
-242
1
-205
-83
-253
-253
-253
-183
-169
-193
2
1
-231
-238
-136
-223
-238
-248
-253
-241
-250
-246
-247
-246
-239
-245
-254
-254
-252
-112
102
0
-203
-48
-194
209
-242
-248
-246
-142
-79
-100
20
20
-237
-242
-53
-248
-252
-252
-249
-22
-181
-204
-197
-162
30
-177
-253
-253
-253
-109
-92
-77
22
-113
-194
-68
-249
-249
-249
-116
-61
-255
-14
-17
-131
-120
-255
-225
-176
-236
-215
-86
-138
-245
-194
-195
-36
-133
-254
-251
-252
-68
0
4
-226
-102
-162
246
-232
-250
-245
26
-42
-203
-49
-48
-235
-242
65
-224
-250
-253
-218
-243
-213
-237
-174
-230
-222
-220
-249
-245
-253
-126
41
-51
39
-55
-119
-137
-238
-239
-237
-89
-58
-61
-8
-8
-165
-168
-255
-219
-217
-242
-252
-243
-235
-251
-253
-249
-233
-207
-254
-253
-254
-113
-101
0
34
-85
-137
-130
-251
-251
-251
-131
-56
119
-29
-29
-223
-234
-136
-223
-226
-244
-240
-246
-216
-214
-124
-248
-253
-230
-248
-247
-254
-96
0
0
-243
60
-215
-105
-246
-247
-247
-22
-122
-170
50
50
-241
-248
101
-241
-253
-214
-244
-223
-243
-251
-254
-231
-217
-178
-243
-231
-254
-108
86
0
-219
-37
-200
220
-244
-243
-242
-102
-57
-166
-148
-147
-235
-246
77
-236
-126
-10
-251
-43
-146
-205
-247
-206
-150
43
-252
-249
-254
-110
0
-112
-193
-57
-182
244
-247
-253
-251
-95
-55
-144
28
28
-227
-241
-89
-248
-188
-239
-248
-211
-245
-251
-252
-252
-248
-233
-251
-232
-253
-109
-243
-36
-250
-9
-176
217
-237
-234
-232
-31
-43
-72
243
243
-221
-233
-89
-218
-254
-252
-250
-215
-250
-254
-254
-250
-249
-224
-252
-250
-145
-109
-179
0
-230
-12
-193
209
-247
-245
-245
-61
-62
-145
-15
-15
-238
-246
18
-248
-247
-255
-251
-237
-233
-240
-238
-246
-237
-229
-242
-254
-254
-109
-123
100
-214
72
-217
-141
-225
-228
-224
40
-66
-211
-49
-51
-241
-242
-89
-107
-176
-251
-247
-237
-244
-241
-183
-236
-172
-225
-253
-254
-255
-110
-248
111
-128
-118
-73
25
-240
-242
-240
34
-60
-122
37
35
-81
-87
-255
-228
-250
-237
-248
-207
-246
-251
-251
-250
-245
-243
-249
-57
-253
-109
151
-64
-232
8
-189
9
-228
-231
-228
-127
-44
-85
-16
-16
-236
-241
30
-239
-243
-246
-252
-230
-245
-249
-231
-246
-235
-246
-254
-253
-252
-112
0
0
-208
92
-215
-129
-227
-230
-227
63
-2
-135
-72
-71
-229
-239
-148
-107
-224
-246
-230
-226
-249
-248
-214
-216
-212
-227
-247
-230
-253
-121
-159
-39
-218
-89
-176
247
-238
-250
-247
-132
-63
-141
-49
-48
-236
-245
-6
-224
-252
-253
-201
-250
-243
-245
-163
-253
-254
-253
-245
-252
-254
-110
-144
1
-173
-92
-175
11
-217
-223
-217
-160
-54
-166
-52
-52
-223
-235
-101
-23
-244
-253
-247
-245
-249
-237
-168
-223
-233
-221
-91
195
60
-217
-101
-54
-213
-20
-195
218
-241
-239
-238
-89
-58
-161
-151
-152
-193
-238
42
-236
-110
-104
-224
55
129
-103
-109
-166
-55
-35
-254
-221
-253
-112
-74
-65
-121
-60
-180
215
-249
-250
-250
-139
-56
-59
-86
-87
-80
43
-208
-227
-201
-238
-198
-216
-238
-249
-208
-188
-133
-104
-249
-232
-208
-106
0
-53
-219
-192
-10
245
-234
-248
-244
-69
-56
-112
57
56
-235
-240
53
-247
-251
-175
-161
-117
-129
-196
-168
-93
-129
-90
-223
-207
-250
-110
0
0
-225
-2
-190
-57
-254
-254
-254
-135
-59
-113
-28
-28
-230
-236
125
-244
-254
-255
-252
-250
-238
-248
-236
-247
-250
-239
-251
-254
-255
-109
-131
107
-220
-164
-112
152
-231
-236
-231
-124
-58
-88
-81
-80
-238
-245
-42
-226
-238
-254
-104
-247
-249
-252
-210
-122
-94
-12
-255
-255
-253
-110
-8
-10
-240
-52
-84
-113
-255
-255
-255
-225
-14
-45
255
255
-238
-247
-172
255
-254
-252
-253
-236
-254
-254
-254
-254
-254
-227
-254
-253
-235
-110
73
0
-218
-89
-159
202
-247
-249
-246
-102
-62
43
29
29
-203
-218
-136
-249
-245
-226
-231
67
-108
-215
-225
-43
46
-143
-106
-14
-241
-108
0
-65
-244
11
-209
147
-245
-247
-245
-91
-37
-132
3
2
-237
-248
6
-247
-252
-241
-233
-211
-225
-247
-239
-242
-211
-137
-250
-205
-254
-111
-84
6
-242
74
-222
-4
-220
-222
-219
14
-60
66
17
16
-241
-245
-101
-232
-247
-232
-238
-120
-200
-219
-188
-162
-12
-141
-255
-254
-247
-110
58
25
-149
-79
-170
246
-244
-253
-251
-74
-58
-204
-156
-156
-220
-243
160
-238
-98
-87
-242
255
3
-17
25
-143
10
-104
-253
-224
-252
-113
-74
-60
-172
-97
-159
-54
-242
-243
-242
-33
-56
-184
-30
-30
-185
-211
-53
-244
-248
-254
-248
-251
-225
-238
-164
-242
-239
-239
255
-126
-251
-49
16
18
-29
-55
-186
-68
-244
-245
-244
-46
-68
-148
171
169
-199
-203
-160
-197
-254
-210
-202
-221
-233
-240
-240
-250
-237
-203
-248
-233
-114
-90
-72
61
-221
43
-189
-129
-254
-254
-254
-112
-255
-107
-3
-3
-243
-249
-89
-220
-254
-254
-254
-242
-243
-251
-245
-244
-238
-235
-253
-254
-255
-109
-137
116
-220
-6
-197
-81
-236
-237
-236
-49
-37
-153
-191
-190
-156
-225
-53
-99
-217
-209
-250
-236
-202
-193
-156
-226
-238
-229
-254
-251
-254
-106
153
-48
-242
-28
-195
160
-249
-250
-249
-191
-78
-147
239
237
-222
-229
-196
-208
-251
-246
-246
-247
-251
-253
-253
-253
-251
-222
-253
-252
-218
-97
-131
0
-213
-69
-171
214
-255
-255
-255
-92
56
-152
-24
-23
-219
-232
-219
-222
-247
-249
-253
-253
-212
-233
-229
-248
-222
-228
-246
-252
-254
-109
-121
112
-243
-214
11
-140
-225
-229
-225
-105
-55
-255
-64
-64
-214
-226
-125
-115
-248
-254
-207
-246
-252
-248
-236
-235
-224
-245
-254
-251
-243
-108
0
-15
-95
23
-228
-255
-241
-240
-238
194
-112
-109
-22
-23
-247
-250
-89
-223
-244
-253
-233
-208
-232
-240
-225
-190
-167
-175
-253
-251
-252
-110
128
4
-200
69
-225
135
-217
-221
-217
120
-65
-198
-88
-88
-218
-229
6
-227
-229
-251
-204
-227
-241
-249
-216
-158
-174
-224
-254
-251
-252
-119
-48
-64
-166
-189
-7
152
-231
-236
-231
-146
-55
-193
-47
-46
-229
-238
30
-222
-250
-254
-227
-252
-240
-230
-177
-242
-222
-238
-245
-200
-199
-116
-11
0
-200
-22
-210
185
-224
-222
-215
-127
-77
-108
-156
-157
-247
-252
6
-129
-231
-204
-231
-224
-213
-241
-201
-233
-205
-229
-229
-231
-251
-99
-231
67
-232
58
-216
-36
-247
-247
-246
-17
-8
-121
-22
-22
-219
-230
-77
-231
-254
-255
-254
-252
-241
-244
-229
-252
-248
-233
-248
-254
-255
-109
-135
130
-233
78
-216
-38
-255
-255
-255
-176
-106
-112
-203
-202
-223
-235
-65
-236
-240
-251
-255
-234
-234
-198
-51
-200
-36
-226
-254
-254
-254
-110
-255
97
-35
-100
-78
-25
-243
-244
-244
-148
-53
-255
-16
-18
-113
-112
-255
-230
-192
-245
-246
-242
-242
-244
-250
-245
-224
-208
-245
-217
-190
-255
58
155
-210
-55
-160
251
-229
-230
-227
-6
-68
-124
37
37
-216
-230
-172
-214
-253
-239
-252
-155
-240
-251
-252
-245
-223
-236
-243
255
-252
-110
-51
-25
-209
29
-230
39
-187
-194
-188
188
-47
-148
-14
-15
-227
-234
-208
-242
255
-140
-239
-210
-190
-226
-230
-212
-189
-147
-248
-242
-253
-111
-215
37
-240
14
-208
11
-247
-248
-247
-175
-57
-149
-55
-55
-224
-232
-101
-5
-227
-248
-212
-219
-222
-212
-119
-147
-129
-145
-255
-255
-252
-110
-124
80
-110
-82
-168
160
-249
-250
-249
-50
-62
-107
-74
-74
-235
-240
-136
-225
-228
-241
-227
-219
-237
-249
-172
-205
-178
-186
-246
-207
-245
-116
22
42
-162
-36
-165
-76
-246
-247
-246
-73
-127
-156
-75
-76
-222
-230
-125
-85
-251
-252
-237
-245
-249
-248
-226
-238
-237
-239
-244
-236
-137
-118
102
111
-164
-157
-63
55
-243
-244
-243
0
-58
-198
49
49
-195
-208
-160
-230
-190
-198
-243
-216
-241
-247
-247
-233
-223
-201
-222
69
-254
-108
100
77
-132
-29
-207
152
-244
-245
-244
-88
-57
12
23
21
-246
-249
30
-249
-254
-232
-241
-221
-228
-241
-226
-231
-207
-238
-253
-232
-254
-96
56
70
-171
21
-216
22
-235
-246
-241
83
-72
-4
-54
-55
-217
-242
-65
-5
-232
-250
-218
-220
-231
-245
-207
-182
-135
-179
-253
-205
-251
-110
-37
53
-140
-96
-172
-63
-244
-244
-242
67
-76
-203
-23
-24
-241
-248
-42
-232
-243
-250
-235
-233
-232
-240
-174
-227
-157
-185
-253
-227
-253
-109
-48
81
-242
-216
255
231
-222
-237
-250
15
-68
-255
-64
-64
-243
-248
-113
-118
-220
-254
-242
-245
-250
-248
-210
-241
-245
-246
-254
-253
-253
-110
-153
120
-251
57
-198
147
-244
-245
-244
-41
-46
-74
-13
-13
-229
-235
30
-250
-235
-253
-233
-125
-173
-149
-123
-177
-50
-180
-254
-253
-254
-110
0
113
-242
90
-209
91
-242
-243
-241
-89
-47
-63
221
220
-231
-239
-243
-203
-251
-247
-250
-226
-249
-252
-253
-251
-248
-235
-253
-252
-215
-107
-82
125
-115
17
-161
-74
-233
-235
-233
-27
-63
-206
57
57
-250
-253
-53
-215
-237
-200
-251
-238
-244
-253
-254
-253
-248
-237
-244
-80
-252
-109
51
51
-149
-17
-178
51
-232
-234
-233
-90
-57
-111
-50
-50
-243
-247
-6
-7
-250
-254
-227
-249
-251
-234
-173
-235
-236
-242
-239
-251
-240
-113
102
111
-221
10
-207
218
-243
-250
-248
-143
-36
-151
-147
-147
-193
-208
-30
-236
-222
-138
-250
-132
-202
-241
-244
-246
-233
-176
-253
-249
-254
-110
-102
0
-219
-21
-190
-89
-251
-251
-251
-127
-72
-182
44
44
-207
-221
-125
-217
-193
-250
-253
-116
-209
-242
-241
-167
-135
-210
-254
-254
-252
-110
77
108
-123
-83
-208
-4
-219
-222
-226
0
-52
-170
-18
-19
-227
-232
-125
-239
-246
-244
-239
-181
-195
-233
-202
-180
-157
-150
-251
-213
-248
-117
-48
130
-243
3
-237
238
-241
-244
-242
-49
-63
-150
2
-1
-155
-138
-243
-249
-204
-246
-239
-178
-191
-238
-243
-209
-187
-204
-254
-251
-253
-110
-123
0
-231
13
-191
87
-246
-247
-247
-130
-64
-105
-28
-28
-215
-237
-101
-254
-254
-255
-251
-252
-248
-243
-211
-238
-242
-247
-246
-254
-254
-109
-124
123
-50
-98
-126
-73
-237
-239
-237
-79
-74
-255
-91
-91
-221
-233
-196
-86
-239
-236
-107
-212
-231
-251
-246
-186
-99
-172
-255
-253
-253
-110
-8
126
-141
-155
-206
243
-230
-235
-239
-46
-63
-182
-76
-75
-239
-245
-42
-120
-241
-253
-181
-243
-249
-254
-241
-54
-194
-195
-208
-114
-144
-135
18
73
-228
15
-184
57
-253
-253
-253
-160
-72
-152
-13
-13
-158
-191
-184
-243
-254
-255
-253
-251
-228
-226
-246
-252
-249
-234
-248
-254
-254
-110
-130
130
-242
56
-210
-136
-250
-250
-250
-115
45
-135
235
235
-254
-254
-101
211
-255
-255
-255
-236
-254
-255
-255
-250
-254
-246
-254
-254
-233
-109
134
77
-196
186
-225
-129
-243
-244
-243
103
-38
-229
-135
-138
-255
-255
-42
-123
-233
-247
-234
-242
-243
-242
-221
-208
-224
-231
-226
-84
-251
-142
57
65
-176
-37
-197
-55
-244
-244
-244
51
-56
-195
-45
-45
-245
-250
113
-231
-249
-254
-235
-237
-231
-239
-227
-235
-234
-245
-233
-249
-255
-111
97
107
-110
11
-160
-70
-244
-245
-243
-152
-87
-255
59
56
-221
-226
-255
-214
-184
26
-192
-191
-206
-243
-218
-218
-228
-244
-252
-192
-253
-110
-217
37
-163
9
-220
-133
255
255
255
255
-62
-130
9
7
-235
-241
-125
-217
-232
-237
-234
-213
-147
-231
-221
-199
-169
-98
-253
-214
-253
-110
-67
36
-186
-13
-165
243
-238
-237
-233
-109
-64
-161
24
24
-228
-236
-148
-216
-246
-243
-240
-49
-122
-199
-216
-53
-9
-208
-250
-250
-251
-109
-224
86
-107
120
-216
161
-245
-247
-246
-72
-66
-209
70
69
-240
-245
18
-247
-253
-169
-241
-212
-247
-252
-252
-249
-247
-236
-250
-231
-252
-108
-8
81
-223
-59
-187
-34
-255
-255
-255
-35
-86
-152
50
50
-216
-226
-101
-219
-252
-156
-244
-131
-207
-244
-203
-118
-145
-232
-161
-106
-245
-109
-68
92
-199
-18
-201
22
-239
-240
-238
-133
-61
-76
-134
-133
-202
-235
30
-230
-101
-101
-251
-98
-203
-238
-245
-162
-85
45
-252
-251
-252
-109
-131
0
-205
-185
-108
-25
-245
-246
-245
-116
-58
-255
39
40
-249
-252
-53
-222
-255
-250
-254
-221
-219
-244
-250
-233
-221
-229
-247
-248
-253
-107
54
174
-223
59
-224
12
-247
-248
-247
-77
-103
-107
-152
-151
-222
-240
6
-233
-249
-195
-251
-195
-199
-232
-244
-230
-222
-174
-252
-246
-254
-108
-179
30
-149
-75
-192
96
-243
-244
-243
-9
-62
-216
1
1
-240
-248
-30
-249
-254
-253
-254
-239
-194
-230
-228
-241
-241
-219
-254
-254
-243
-110
123
123
-243
-153
-173
-25
-242
-243
-241
-103
-59
-208
-48
-48
-244
-249
-42
-53
-225
-250
-239
-248
-244
-250
-245
-233
-243
-244
-254
-254
-252
-112
-51
102
-210
-66
-173
-74
-251
-251
-251
-174
-83
-97
-60
-60
-204
-220
-208
-81
-250
-252
-252
-246
-246
-244
-203
-244
-247
-240
-254
-244
-255
-110
77
51
-212
-96
-149
59
-249
-249
-249
-147
-65
-159
2
2
-178
-205
-148
-240
-255
-254
-253
-247
-224
-245
-253
-255
-254
-230
-253
-229
-254
-110
-217
119
-249
109
-243
247
-205
-204
-191
113
-86
-211
18
17
-246
-252
-136
-216
-254
-246
-252
-163
-212
-245
-211
-222
-196
-238
-254
-254
-252
-112
44
46
-242
-135
-148
238
-233
-243
-253
-118
-62
-171
-21
-21
-231
-241
-113
-221
-231
-246
-250
-238
-226
-233
-220
-222
-238
-229
-254
-254
-249
-115
0
102
-100
22
-200
153
-233
-235
-233
48
-63
-123
-21
-21
-216
-227
-42
-249
-167
-247
-243
-221
-164
-143
-159
-249
-225
-191
-253
-250
-254
68
101
94
-243
-51
-199
-80
-233
-235
-233
-129
-114
-90
-20
-20
-226
-235
-136
-226
-209
-227
-225
-174
-92
-158
-175
-148
-204
-122
-253
-232
-253
-110
51
46
-150
-81
-96
19
-225
-228
-225
-244
14
-211
8
8
-230
-240
-53
-234
-236
-225
-246
-190
-204
-210
-232
-223
-222
-218
-248
-28
-253
-95
148
96
-148
6
-202
28
-254
-255
-254
-32
-71
-197
-6
-6
-224
-235
-172
-236
-169
-238
-219
-168
-52
-197
-248
-211
-158
-147
-243
-211
-217
-49
73
103
-231
-80
-160
-84
-241
-243
-241
-58
-180
18
58
58
-227
-236
-125
-215
-254
-190
-230
-55
-218
-244
-221
-178
-99
-220
-220
-202
-250
-110
165
80
11
-111
-173
-52
-249
-249
-249
-84
-57
-29
-21
-21
-243
-248
77
-243
-241
-253
-213
-222
-171
-205
-201
-227
-221
-216
-254
-249
-254
255
208
117
-212
-73
-149
-76
-248
-249
-248
-151
-174
-180
76
75
-243
-246
-125
-212
-253
-136
-221
-168
-205
-213
-193
-231
-211
-165
-195
-158
-243
-108
92
70
-164
17
-196
202
-194
-211
-223
165
149
-136
-183
-183
-203
-235
-113
-134
-180
-123
-227
-54
87
9
43
-144
-211
-185
-253
-243
-249
-112
48
64
-250
-19
-206
152
-230
-232
-230
-120
-58
-97
-14
-15
-236
-239
-6
-249
-133
-183
-209
189
-58
-180
-174
-140
174
-11
-253
-204
-253
-110
58
30
-244
-15
-190
-70
-245
-246
-245
-37
-53
-201
-141
-143
-237
-248
6
-91
-209
-172
-248
-222
-238
-239
-212
-246
-246
-216
-251
-240
-254
-110
-51
0
-223
-44
-195
70
-207
-213
-208
-57
-59
-223
34
34
-193
-209
-148
-240
-247
-208
-252
18
-129
-212
-241
-91
-4
-171
-250
-248
-253
-109
35
82
-194
-77
-150
224
-210
-243
-234
12
-67
-70
-90
-89
-223
-231
30
-229
-193
-248
-236
-250
-248
-252
-249
-234
-202
-247
-254
-251
-255
-118
-117
0
-165
-130
-177
-26
-241
-243
-241
-13
-60
-54
45
45
-245
-249
-65
-221
-254
-220
-248
-241
-246
-251
-248
-250
-249
-234
-234
8
-253
-109
93
51
-236
-38
-192
50
-234
-236
-234
-105
-51
-157
-108
-108
-237
-247
18
-228
-177
-236
-243
-133
-209
-230
-211
-90
-82
-8
-252
-253
-254
-109
-124
0
-140
-88
-146
248
-215
-212
-200
-119
-64
-118
26
26
-231
-238
-136
-215
-242
-209
-239
38
-162
-228
-219
-168
-207
-222
-243
-224
-254
-111
-175
0
