-219
-254
-194
51
-209
113
-69
-244
-253
-253
-253
-253
-252
-253
-62
-56
-167
-59
-45
-59
32
-7
-73
-138
-203
-202
-179
-213
81
-51
151
-190
-237
65
-240
-178
-101
-213
-126
-197
-236
-228
-134
-254
-253
-252
-228
-199
-88
-131
-255
-255
-255
-255
-248
-244
-228
-216
-218
-192
-55
-138
-207
-200
-224
-221
-240
-247
-255
-255
-255
248
235
-254
-243
-252
-247
-247
-252
-255
-252
-247
-237
-255
-254
-253
112
82
-246
-246
-249
-118
-245
-111
94
-86
-158
-248
-92
-100
-203
212
-150
-186
-236
-251
-243
-242
-248
-247
8
-29
-180
-71
27
-71
73
-13
-194
-182
-11
-12
-20
-229
44
0
-80
-117
-234
18
-248
-251
-253
-253
-196
-239
-240
-253
-254
-254
-251
-254
-242
-222
-220
-176
-232
-217
-232
-238
-195
-172
-162
-140
-216
-229
-193
-188
-215
-208
-161
-159
-199
-253
-255
-255
-252
248
235
-251
-250
-102
-5
77
138
-254
-239
-249
-242
-253
-251
-244
110
78
-253
-253
-247
-239
-244
-110
-41
0
-143
-231
-104
8
-199
-135
-232
-249
-248
-245
-246
-246
-246
-245
-116
-9
-231
-71
-93
-71
175
127
-201
-217
177
175
20
-239
-168
-128
-212
-108
-243
-196
196
-248
-254
-255
-252
-253
-255
-254
-253
-253
-221
-241
-223
-235
-207
-193
-235
-230
-209
-236
-204
-166
-206
-222
-247
-250
-247
-254
-253
-246
-245
-227
-247
-251
-255
-255
-254
248
236
-246
-240
-242
-246
-244
-244
-252
-250
-246
-236
-254
-252
-251
112
83
-251
-250
-242
-230
-237
-111
-217
0
-239
-253
-234
-81
-177
-130
-253
-255
-254
-254
-254
-254
-254
-254
-90
27
-228
-14
-72
-14
52
-255
-173
-255
55
53
23
-226
-180
-140
-133
-83
-235
-219
-212
-255
-255
-255
-245
-240
-245
-255
-254
-255
-252
-254
-149
-103
-124
-201
-251
-248
-223
-85
-108
-119
-233
-232
-246
-247
-238
-218
-199
-205
-85
-219
-253
-254
-252
-251
-252
244
233
-254
-250
-253
-254
-254
-248
-254
-252
-254
-253
-255
-254
-253
111
82
-254
-254
-253
-236
-252
-109
73
-72
-244
-253
-238
78
-216
-73
-215
-251
-251
-250
-250
-250
-250
-250
-21
39
83
-93
-17
-93
8
146
-51
-193
18
17
-2
-231
-56
-128
-104
-103
-237
-113
-220
-253
-230
-225
-229
-242
-238
-253
-254
-248
-245
-252
-226
-225
-227
-220
-252
-251
-250
-246
-238
-236
-235
-239
-249
-250
-240
-249
-246
-248
-242
-240
-246
-253
-255
-255
-255
248
236
-253
-253
-251
-254
-253
-231
-255
-247
-253
-254
-255
-252
-245
110
77
-255
-255
-253
-253
-249
-111
153
0
169
-226
36
-52
-167
-164
-70
-186
-249
-250
-249
-247
-250
-250
121
-141
-30
-67
128
-67
-20
193
-126
-230
-30
-31
-76
-225
-143
-115
-64
-92
-231
-172
-224
-254
-254
-254
-96
-150
-199
-247
-253
-251
-228
-249
-249
-249
-243
-195
-216
-237
-240
-215
-248
-249
-203
-162
-213
-229
-227
-236
-242
-213
-224
-171
-254
-254
-255
-255
-255
248
236
-254
-253
-253
-253
-251
-252
-254
-253
-254
-252
-255
-255
-253
111
82
-254
-254
-249
-235
-254
-105
82
27
-243
-255
-251
14
-195
154
-234
-251
-248
-246
-247
-246
-247
-246
-92
-12
-232
-74
-70
-74
-64
18
-33
-133
-26
-25
-130
-209
6
-77
-70
-108
-223
-30
-249
-230
-251
-253
37
-200
-231
-250
-253
-251
-249
-253
-253
-248
-245
-220
-214
-225
-238
-241
-249
-219
-184
-152
-186
-139
-105
-209
-229
-212
-222
-79
-248
-250
-254
-254
-255
247
235
-221
-232
-244
-249
-249
-253
-241
-249
-247
-242
-253
-253
-253
110
81
-252
-252
-242
-231
-249
-104
101
0
-221
-254
-232
101
-222
-163
-79
-238
-254
-253
-253
-253
-253
-253
-94
-66
116
-100
-90
-100
52
127
-135
-163
-210
-208
-205
-236
-44
-64
161
-175
-246
-53
-133
-241
-154
-230
-250
-250
-248
-247
-232
-254
-254
-254
-252
-249
-237
-230
-254
-254
-254
-254
-252
-249
-243
-239
-231
-204
-121
-141
-208
-216
-199
-248
-224
-254
-255
-255
-255
248
235
-254
-254
-255
-255
-255
-253
-255
-253
-250
-250
-253
-254
-251
111
81
-254
-254
-249
-251
-247
-110
123
-111
-88
-239
-171
-138
-70
157
-249
-251
-248
-246
-247
-246
-246
-246
-25
84
-253
-56
-3
-56
56
-32
-214
-166
34
31
80
-66
-255
-166
-111
60
-125
-255
-252
-238
-247
-242
-247
-232
-214
-245
-248
-237
-227
-251
-226
-158
-94
-153
-248
-245
-249
-238
-204
-198
-228
-244
-251
-251
-240
-251
-247
-238
-218
-222
-232
-250
-252
-252
-251
245
232
-243
-238
225
233
244
255
-254
-223
-247
-243
-254
-253
-249
111
81
-252
-252
-241
-228
-239
-108
60
-41
-238
-248
-225
99
-219
-146
-189
-248
-244
-240
-241
-240
-240
-240
-54
-29
221
-99
-59
-99
-50
170
-84
-197
-43
-43
-128
-229
-118
-178
-54
-143
-239
-125
-224
-157
-88
-177
-18
-118
-198
-249
-249
-247
-216
-238
-233
-229
-216
-162
-185
-77
-214
-201
-200
-200
-192
-212
-218
-158
-168
-155
-235
-193
-177
-137
-208
-251
-255
-255
-255
248
236
-254
-252
-246
-252
-252
-249
-255
-255
-244
-248
-254
-253
-249
112
82
-254
-254
-230
-243
-229
-106
57
-65
166
-193
-51
-167
-120
224
-251
-252
-249
-247
-247
-246
-247
-246
-65
56
-254
-55
-42
-55
-15
-255
-216
-255
-19
-19
-131
-230
-6
13
-76
-106
-238
-53
-249
-234
-245
-243
131
-117
-178
-184
-227
-246
-234
-249
-242
-242
-232
-142
-174
-214
-249
-223
-227
-226
-129
-126
-135
-203
-150
-220
-241
-227
-223
-124
-219
-230
-254
-254
-253
247
235
-205
-190
-202
-223
-216
-238
-232
-238
-219
-188
-249
-246
-244
109
79
-238
-236
-176
-94
-227
-69
0
0
-176
-239
-101
22
-193
15
-202
-241
-232
-225
-227
-225
-225
-224
-29
-85
-172
-68
-11
-68
53
80
-166
-174
3
3
-151
-183
-93
-102
-96
-62
-202
-113
-235
-254
-249
-249
-235
-237
-228
-238
-236
-252
-248
-249
-238
-234
-232
-203
-251
-248
-250
-246
-237
-230
-229
-229
-251
-252
-251
-252
-252
-245
-205
-152
-251
-255
-255
-255
-255
248
235
-254
-254
-255
-255
-255
-254
-255
-254
-255
-255
-255
-255
-255
112
82
-255
-255
-254
-251
-255
-108
0
0
46
-241
-230
167
-229
-115
-244
-249
-246
-242
-243
-243
-243
-243
-29
151
196
-15
-35
-15
157
193
-206
-215
-78
-78
-183
-226
-93
-102
-19
-128
-237
-101
-108
-254
-255
-254
-247
-212
-241
-252
-249
-255
-246
-249
-245
-252
-253
-254
-223
-184
-147
-117
-212
-238
-247
-249
-252
-249
-231
-187
-138
-136
-147
-199
-245
-251
-255
-255
-253
248
236
-254
-254
-253
-255
-255
-236
-254
-241
-252
-254
-255
-254
-250
111
80
-255
-255
-252
-254
-250
-109
111
-116
-253
-253
-242
73
-217
-103
-130
-222
-219
-207
-212
-209
-209
-208
48
-116
-23
-109
57
-109
-27
-36
-95
-80
3
3
-106
-246
-56
-38
-95
-143
-249
-77
-223
-172
-101
-166
-97
-208
-248
-251
-251
-195
-231
-250
-199
-183
113
152
-159
-208
-219
-227
-177
11
-35
-127
-199
-177
-173
-217
-223
-172
-113
9
-230
-243
-255
-255
-252
248
234
-252
-246
-212
-239
-238
-220
-253
-229
-248
-247
-254
-237
-155
101
21
-255
-254
-240
-242
-237
-109
95
-69
-54
-189
-131
-69
-207
94
-240
-248
-242
-238
-239
-238
-238
-237
-27
-3
-248
-58
-5
-58
85
125
-228
-229
-9
-8
-214
-242
-31
13
-87
-147
-248
-42
-250
-250
-252
-253
57
-223
-242
-251
-253
-252
-253
-255
-252
-251
-250
-216
-230
-247
-252
-253
-252
-250
-221
-83
-140
-158
-176
-251
-253
-251
-246
-201
-237
-246
-254
-254
-254
247
235
-238
-238
-236
-245
-243
-246
-248
-251
-243
-235
-253
-253
-252
111
82
-250
-250
-219
-187
-215
-107
0
0
-202
-239
-186
31
-209
12
-190
-239
-231
-222
-227
-224
-223
-223
-10
-95
-16
-64
-2
-64
9
-103
-130
-132
-145
-146
-4
-168
-81
-217
71
-226
-227
-77
-231
-253
-253
-253
-245
-236
-143
-161
-195
-255
-242
-238
-193
-44
-134
-217
-244
-247
-230
-223
-45
175
-99
-76
-80
-112
-142
-234
-193
-148
-111
6
-183
-202
-255
-255
-252
249
234
-248
-248
6
-90
-67
-100
-254
-237
-243
-245
-254
-253
-248
111
79
-253
-253
-237
-244
-229
-111
60
-37
-236
-252
-222
12
-205
49
-211
-249
-246
-244
-247
-249
-251
-252
-79
-66
-151
-61
-62
-61
-18
150
-151
-209
29
28
-11
-238
-31
-51
-114
-131
-244
-53
-235
-254
-254
-255
-216
-222
-249
-255
-255
-254
-254
-252
-188
-176
-74
-102
-229
-229
-186
-160
-138
-60
-134
-159
-222
-207
-201
-216
-188
-189
-103
-160
-190
-216
-75
-68
52
71
-60
-200
-180
-167
-212
-207
-227
-251
-245
-191
-159
-251
-247
-238
112
78
-238
-238
-149
-68
-123
-111
0
0
-248
-252
-243
11
-206
237
-214
-233
-248
-213
-247
-243
-219
-238
-123
-54
-249
-55
-99
-55
62
9
-178
-169
87
87
-69
-244
44
26
-159
-145
-248
18
-246
-252
-253
-254
-251
-254
-254
-255
-255
-229
-248
-241
-161
-172
-138
-217
-244
-237
-211
-184
-197
-211
-237
-245
-251
-253
-252
-251
-245
-231
-168
-106
-242
-252
-255
-255
-254
248
235
-251
-248
-249
-251
-250
-249
-254
-250
-251
-248
-255
-254
-254
112
82
-152
-150
-249
-238
-246
-110
25
4
-205
-215
-194
78
-207
-145
-201
-238
-224
-213
-217
-212
-213
-211
-174
-93
168
65
-179
65
-73
-3
-178
-195
15
10
182
-186
-180
-178
-89
-16
-190
-255
-217
-177
-244
-243
-234
-248
-221
-248
-250
-251
-246
-252
-241
-226
-224
-238
-250
-251
-250
-247
-230
-238
-246
-236
-243
-245
-241
-247
-249
-233
-233
-237
-254
-254
-255
-255
-255
248
236
-251
-249
-253
-254
-254
-251
-254
-252
-247
-253
-255
-255
-254
112
84
-254
-254
-251
-251
-254
-107
101
0
97
-98
-196
-161
-105
-69
-241
-245
-238
-232
-234
-233
-233
-232
-48
52
-252
-57
-25
-57
-150
-255
-95
-255
-18
-18
-153
-213
-106
-153
-78
-100
-229
-113
-226
-254
-254
-254
-41
-212
-232
-251
-250
-252
-251
-254
-250
-251
-244
-182
-239
-246
-235
-226
-253
-235
-211
-202
-202
-149
-204
-245
-242
-230
-230
-215
-252
-253
-255
-255
-255
248
236
-251
-252
-251
-253
-251
-253
-254
-254
-252
-251
-254
-255
-254
112
82
-254
-254
-244
-234
-253
-103
98
0
-222
-254
-224
12
-171
-135
-236
-247
-244
-240
-242
-241
-241
-240
-95
-11
-232
-16
-74
-16
-9
42
-119
-153
-28
-29
-77
-244
-143
-64
-66
-123
-248
-148
-223
-252
-252
-254
-247
-249
-253
-254
-254
-255
-254
-255
-255
-255
-254
-252
-254
-254
-253
-251
-252
-251
-243
-233
-243
-249
-246
-250
-248
-243
-242
-238
-248
-254
-255
-255
-255
248
235
-249
-251
-254
-254
-254
-249
-255
-253
-253
-251
-255
-255
-254
111
82
-255
-255
-253
-250
-252
-109
-123
117
-213
-249
-227
-146
-103
-68
-252
-252
-249
-247
-248
-248
-248
-247
-132
-11
-247
-61
-109
-61
-149
39
-59
-180
-3
-2
-174
-227
-106
-128
-92
-138
-237
-113
-224
-254
-254
-254
-241
-253
-254
-255
-255
-255
-255
-255
-255
-254
-253
-249
-253
-255
-254
-255
-254
-244
-242
-232
-239
-242
-245
-253
-254
-253
-248
-224
-249
-254
-255
-255
-255
248
236
-250
-252
-254
-255
-255
-253
-255
-254
-253
-253
-255
-255
-254
111
82
-255
-255
-253
-253
-252
-109
-138
119
-216
-253
-176
-35
-182
-139
-143
-250
-255
-254
-255
-255
-255
-254
-162
-79
-74
48
-148
48
-39
71
12
-165
-171
-170
-177
-228
-56
-102
100
-182
-243
-65
-121
-172
-210
-176
-236
-236
-220
-185
-191
-253
-249
-251
-188
-183
-229
-234
-254
-254
-253
-252
-228
-215
-181
-174
-174
-239
-207
-248
-252
-243
-208
-161
-247
-251
-255
-255
-255
248
236
-254
-251
-254
-252
-252
-250
-255
-253
-252
-247
-255
-254
-254
112
83
-252
-251
-252
-216
-250
-110
115
-46
-218
-254
-223
-53
-161
243
-221
-253
-252
-253
-251
-251
-253
-251
-181
-93
-163
-25
-163
-25
-117
9
-47
-149
-5
-5
-170
-225
31
-13
-89
-146
-237
18
-248
-253
-254
-254
-233
-254
-255
-255
-255
-255
-255
-255
-255
-254
-250
-244
-251
-254
-254
-254
-254
-242
-232
-226
-224
-236
-239
-253
-252
-251
-243
-204
-248
-254
-255
-255
-255
248
236
-246
-248
-253
-254
-254
-250
-255
-253
-252
-250
-255
-254
-253
111
82
-254
-254
-251
-245
-250
-109
-126
102
-206
-252
-173
50
-211
205
-35
-238
-248
-249
-247
-247
-249
-247
-103
-55
-163
-58
-85
-58
-22
96
15
-141
-198
-197
-175
-208
106
26
143
-215
-237
113
-243
-166
-221
-238
-254
-253
-246
-236
-132
-255
-252
-252
-222
-186
-27
-140
-254
-255
-255
-254
-250
-242
-234
-228
-216
-183
-99
-138
-235
-239
-219
-216
-230
-244
-254
-255
-255
248
236
-253
-241
-250
-245
-245
-247
-254
-250
-237
-215
-254
-253
-251
112
82
-244
-241
-244
-101
-240
-110
-68
-72
-177
-234
-149
-124
-144
245
-243
-248
-248
-240
-246
-245
-241
-244
-52
8
-249
-57
-30
-57
-22
162
-166
-224
-67
-66
-164
-231
-44
51
-31
-134
-241
-53
-226
-254
-253
-255
-218
-180
-229
-253
-253
-254
-239
-253
-247
-246
-248
-246
-207
-181
-186
-221
-228
-246
-250
-245
-245
-241
-218
-182
-208
-215
-223
-232
-150
-221
-255
-255
-254
249
236
-248
-251
-246
-253
-253
-249
-253
-248
-236
-247
-253
-254
-253
112
84
-245
-242
-198
-228
-176
-114
-128
0
-243
-254
-242
1
-205
-83
-174
-249
-253
-253
-253
-253
-253
-253
-183
-81
-82
-169
-168
-169
11
76
-115
-193
2
1
-1
-231
-81
-77
-91
-103
-238
-136
-223
-253
-252
-254
-220
-244
-238
-253
-254
-246
-247
-251
-248
-238
-222
-215
-252
-253
-253
-249
-246
-241
-237
-250
-246
-252
-247
-252
-248
-246
-239
-245
-248
-254
-255
-255
-255
248
236
-254
-254
-254
-254
-254
-235
-255
-248
-253
-254
-255
-252
-247
110
80
-255
-255
-253
-254
-248
-112
102
0
120
-198
22
-113
-194
-68
-249
-252
-250
-249
-249
-249
-249
-249
-116
43
-245
-61
-93
-61
28
-255
-208
-255
-14
-17
75
-131
-255
-166
-70
45
-120
-255
-225
-201
-195
-237
-195
-99
-176
-224
-224
-212
-237
-250
-236
-207
-124
11
-203
-202
-215
-214
-242
-86
-177
-138
-245
-241
-194
-237
-219
-195
-36
-133
-252
-252
-255
-255
-254
248
235
-254
-255
-251
-252
-250
-249
-254
-252
-251
-248
-250
-252
-250
111
85
-254
-253
-190
-209
-245
-68
0
4
22
-219
34
-85
-137
-130
-255
-254
-252
-251
-251
-251
-251
-251
-131
79
-240
-56
-108
-56
-173
-170
31
119
-29
-29
-167
-223
-131
-115
-68
-113
-234
-136
-223
-254
-252
-253
-42
-187
-226
-243
-243
-254
-243
-250
-244
-241
-248
-235
-207
-225
-240
-238
-252
-246
-238
-216
-214
-195
-124
-230
-248
-248
-253
-230
-250
-251
-255
-255
-255
248
236
-248
-251
-247
-252
-251
-253
-252
-254
-250
-250
-254
-254
-254
111
82
-254
-253
-234
-219
-251
-96
0
0
-213
-243
-219
-37
-200
220
-238
-248
-246
-244
-243
-243
-244
-242
-102
23
-252
-57
-78
-57
-37
17
-162
-166
-148
-147
-181
-235
93
128
66
-170
-246
77
-236
-246
-248
-250
-252
-249
-126
-90
-212
-255
-198
-176
-10
-85
-236
-251
-255
-255
-251
-231
-147
-43
-69
-146
-205
-244
-247
-254
-246
-206
-150
43
-170
-251
-255
-255
-253
248
234
-252
-251
-249
-252
-251
-243
-254
-228
-250
-248
-254
-254
-251
111
81
-253
-251
-247
-227
-244
-110
0
-112
-224
-248
-193
-57
-182
244
-235
-251
-253
-247
-253
-252
-248
-251
-95
-51
-252
-55
-72
-55
-128
9
-51
-144
28
28
-32
-227
-44
13
-114
-129
-241
-89
-248
-192
-59
-148
-211
-198
-188
-221
-227
-240
-249
-249
-239
-217
-172
-193
-253
-242
-248
-244
-230
-211
-235
-245
-251
-250
-252
-252
-253
-252
-248
-233
-225
-250
-255
-255
-254
248
235
-251
-250
-232
-251
-251
-242
-254
-251
-249
-248
-254
-253
-250
112
84
-254
-253
-247
-222
-244
-109
-243
-36
-226
-253
-250
-9
-176
217
-238
-247
-239
-237
-234
-234
-237
-232
-31
23
-248
-43
-10
-43
-26
-28
-133
-72
243
243
-161
-221
-68
-64
-249
-103
-233
-89
-218
-253
-255
-255
-255
-255
-254
-254
-253
-255
-244
-252
-252
-241
-239
-172
-249
-250
-250
-244
-197
-215
-246
-250
-254
-254
-254
-255
-253
-250
-249
-224
-203
-252
-255
-255
-254
248
235
-252
-250
-250
-251
-250
-250
-254
-252
-247
-247
-219
-145
-102
32
-25
-246
-243
-224
-232
-217
-109
-179
0
-229
-252
-230
-12
-193
209
-185
-232
-247
-247
-245
-246
-246
-245
-61
-65
-212
-62
-40
-62
-37
108
-58
-145
-15
-15
-132
-238
31
64
-80
-155
-246
18
-248
-249
-247
-246
-238
-248
-247
-253
-252
-255
-254
-255
-255
-253
-250
-245
-250
-251
-251
-254
-252
-237
-239
-233
-240
-232
-238
-246
-252
-246
-237
-229
-250
-254
-255
-255
-255
248
236
-242
-243
-254
-254
-254
-252
-255
-252
-252
-246
-255
-254
-254
111
82
-254
-254
-251
-244
-250
-109
-123
100
-207
-251
-214
72
-217
-141
-127
-238
-233
-225
-228
-225
-225
-224
40
-100
-99
-66
53
-66
39
193
-135
-211
-49
-51
3
-241
-56
-77
-42
-120
-242
-89
-107
-248
-226
-228
-229
-233
-176
-250
-231
-247
-239
-249
-251
-238
-236
-225
-245
-251
-247
-223
-236
-237
-242
-244
-241
-248
-183
-245
-242
-236
-172
-225
-247
-255
-255
-255
-255
248
235
-253
-253
-254
-255
-255
-253
-255
-253
-250
-246
-255
-255
-254
112
82
-255
-255
-253
-253
-252
-110
-248
111
-103
-226
-128
-118
-73
25
-242
-249
-244
-240
-242
-240
-240
-240
34
46
-247
-60
56
-60
-79
49
-93
-122
37
35
16
-81
-193
-166
-118
69
-87
-255
-228
-255
-254
-254
-249
-251
-250
-252
-252
-252
-253
-252
-237
-155
-186
-178
-250
-249
-248
-249
-195
-207
-237
-246
-251
-253
-251
-252
-251
-250
-245
-243
-244
-250
-255
-255
-255
248
236
-249
-246
-57
-47
-40
-84
-254
-234
-252
-249
-254
-253
-248
111
80
-253
-253
-249
-237
-248
-109
151
-64
-239
-251
-232
8
-189
9
-186
-234
-235
-228
-231
-229
-229
-228
-127
-3
-50
-44
-119
-44
38
-103
-124
-85
-16
-16
-84
-236
56
-102
-78
-132
-241
30
-239
-251
-237
-243
-183
-236
-243
-254
-255
-247
-247
-253
-246
-246
-245
-196
-240
-249
-252
-252
-242
-230
-234
-245
-249
-232
-231
-247
-247
-246
-235
-246
-247
-254
-255
-255
-254
248
236
-254
-253
-253
-254
-254
-230
-255
-242
-253
-254
-255
-252
-245
110
77
-255
-255
-254
-253
-248
-112
0
0
-209
-241
-208
92
-215
-129
-205
-240
-234
-227
-230
-228
-228
-227
63
-48
185
-2
58
-2
-59
71
-31
-135
-72
-71
-141
-229
-131
-102
-25
-118
-239
-148
-107
-179
36
55
-226
-194
-224
-241
-245
-252
-247
-250
-246
-244
-247
-245
-238
-218
-230
-238
-222
-226
-245
-249
-248
-242
-214
-225
-242
-216
-212
-227
-211
-232
-254
-255
-254
248
238
-247
-247
-230
-249
-250
-243
-253
-251
-84
41
-254
-253
-249
127
92
-243
-242
-246
-235
-224
-121
-159
-39
-207
-240
-218
-89
-176
247
-252
-249
-251
-238
-250
-249
-240
-247
-132
35
-220
-63
-110
-63
-160
-101
-164
-141
-49
-48
-226
-236
6
38
-50
-147
-245
-6
-224
-244
-244
-242
-151
-213
-252
-254
-255
-255
-253
-255
-253
-253
-252
-245
-3
-143
-201
-230
-248
-250
-251
-243
-245
-245
-163
-214
-247
-253
-254
-253
-250
-252
-255
-255
-255
248
236
-245
-247
-252
-253
-253
-239
-254
-246
-253
-252
-255
-254
-252
112
82
-254
-254
-253
-250
-251
-110
-144
1
-178
-207
-173
-92
-175
11
-198
-233
-228
-217
-223
-218
-217
-217
-160
-106
-226
-54
-137
-54
-79
19
-118
-166
-52
-52
-135
-223
-68
-38
-45
-93
-235
-101
-23
-252
-254
-255
-203
-241
-244
-253
-254
-255
-241
-251
-253
-254
-254
-253
-159
-221
-247
-231
-231
-245
-252
-249
-237
-223
-168
-215
-244
-223
-233
-221
-5
255
-245
-241
-227
253
214
-91
-31
195
-105
-80
-176
-98
-57
60
65
27
60
-88
-99
-17
-230
-231
11
116
255
-217
-101
-54
-181
-241
-213
-20
-195
218
-229
-249
-243
-241
-239
-239
-242
-238
-89
-41
-248
-58
-65
-58
29
-28
-193
-161
-151
-152
-32
-193
6
0
78
-205
-238
42
-236
-252
-252
-255
-244
-227
-110
-163
-170
-255
-232
-234
-104
-23
-150
-110
-245
-244
-224
-199
-39
55
2
129
-103
-107
-109
-97
-200
-166
-55
-35
-190
-230
-255
-255
-252
248
234
-254
-253
-221
-233
-230
-220
-255
-237
-243
-248
-254
-253
-248
111
79
-254
-254
-237
-247
-229
-112
-74
-65
-228
-253
-210
42
-216
-146
-138
-240
-252
-251
-252
-252
-252
-251
-106
-63
-163
-25
-94
-25
69
124
-63
-168
93
91
20
-225
-155
-140
-160
-87
-231
-196
-207
-215
255
201
-233
-240
-246
-252
-251
-253
-251
-253
-251
-240
-244
-243
-244
-235
-233
-200
-211
-231
-231
-231
-235
-227
-205
-237
-226
-216
-226
-205
-216
-254
-255
-255
-255
248
248
-253
-252
-254
-254
-253
-179
-255
-253
-250
-244
-255
-252
-246
156
191
-254
-254
-252
-242
-249
-110
-105
0
-237
-246
-219
-192
-10
245
-248
-248
-249
-234
-248
-247
-236
-244
-69
7
-254
-56
-46
-56
-128
-101
-144
-112
57
56
-47
-235
68
-25
-137
-145
-240
53
-247
-255
-255
-255
-214
-250
-251
-254
-255
-254
-252
-246
-175
-55
41
-47
-245
-226
-161
-132
-8
-117
-73
-129
-196
-223
-168
-219
-201
-93
-129
-90
-218
-233
-153
-161
-150
147
135
-223
-212
-207
-231
-226
-235
-252
-247
-222
-207
-252
-250
-247
112
81
-244
-243
-195
-132
-181
-110
0
0
-212
-255
-225
-2
-190
-57
-229
-254
-254
-254
-254
-254
-254
-254
-135
-109
-199
-59
-114
-59
-101
-6
-6
-113
-28
-28
-122
-230
143
128
-68
-121
-236
125
-244
-252
-253
-254
-241
-252
-254
-255
-255
-255
-255
-255
-255
-255
-254
-251
-250
-251
-252
-253
-252
-250
-247
-238
-248
-243
-236
-246
-249
-247
-250
-239
-248
-254
-255
-255
-255
248
236
-251
-252
-254
-255
-254
-253
-255
-254
-253
-250
-255
-255
-254
111
82
-255
-254
-253
-250
-252
-109
-131
107
-62
-214
-220
-164
-112
152
-240
-245
-237
-231
-236
-232
-234
-231
-124
53
-242
-58
-101
-58
-136
-131
-147
-88
-81
-80
-167
-238
6
64
-15
-129
-245
-42
-226
-255
-255
-255
-250
-201
-238
-254
-255
-255
-228
-243
-254
-253
-254
-254
-229
-115
-104
-127
-144
-247
-249
-249
-252
-243
-210
-161
-109
-122
-94
-12
-238
-250
-255
-255
-255
248
236
-255
-255
-255
-255
-254
-253
-255
-254
-252
-252
-255
-253
-252
111
81
-254
-254
-250
-251
-247
-110
-8
-10
-228
-255
-240
-52
-84
-113
-247
-255
-255
-255
-255
-255
-255
-255
-225
-62
-201
-14
-204
-14
-118
-51
47
-45
255
255
-170
-238
-168
-153
-255
-168
-247
-172
255
-254
-254
-254
-255
-255
-254
-254
-251
-255
-254
-254
-252
-249
-234
-202
-254
-252
-253
-246
-216
-236
-252
-254
-254
-255
-254
-255
-254
-254
-254
-227
-210
-252
-255
-255
-255
248
235
-254
-254
-253
-254
-254
-254
-254
-254
-249
-253
-246
-235
-225
97
62
-255
-255
-233
-249
-226
-110
73
0
-230
-253
-218
-89
-159
202
-172
-228
-244
-247
-249
-244
-246
-246
-102
-40
-249
-62
-81
-62
-58
-119
-66
43
29
29
-88
-203
-106
-25
-116
-76
-218
-136
-249
-255
-255
-255
-206
-240
-245
-254
-255
-254
-252
-251
-226
-163
202
34
-244
-246
-231
-183
-105
67
-94
-108
-215
-204
-225
-241
-209
-43
46
-143
-84
-147
223
248
188
-224
-191
-106
-92
-14
-137
-128
-214
-250
-242
-91
-8
-247
-241
-240
115
83
-210
-209
33
135
97
-108
0
-65
-247
-253
-244
11
-209
147
-204
-247
-248
-245
-247
-246
-246
-245
-91
-77
-241
-37
-69
-37
-16
-81
-128
-132
3
2
-25
-237
19
-13
-92
-165
-248
6
-247
-254
-255
-255
-220
-240
-252
-255
-255
-237
-252
-253
-241
-211
-206
-205
-233
-239
-233
-230
-216
-211
-220
-225
-247
-250
-239
-252
-247
-242
-211
-137
-243
-251
-255
-255
-254
248
235
-250
-247
-205
-246
-246
-249
-253
-250
-250
-247
-255
-254
-254
112
82
-121
-125
-248
-237
-243
-111
-84
6
-253
-255
-242
74
-222
-4
-133
-222
-227
-220
-222
-220
-221
-219
14
-54
-205
-60
34
-60
-35
-133
-126
66
17
16
-31
-241
-81
-77
-105
-131
-245
-101
-232
-244
-245
-249
-222
-226
-247
-253
-254
-253
-253
-254
-232
-221
-191
-169
-240
-244
-238
-229
-207
-120
-201
-200
-219
-214
-188
-220
-197
-162
-12
-141
-252
-252
-255
-255
-255
248
236
-255
-253
-254
-254
-253
-252
-255
-253
-254
-253
-255
-247
-232
108
70
-254
-253
-253
-231
-251
-110
58
25
-152
-237
-149
-79
-170
246
-243
-250
-253
-244
-253
-252
-245
-251
-74
0
-217
-58
-53
-58
-107
52
-114
-204
-156
-156
-112
-220
168
89
81
-192
-243
160
-238
-254
-251
-253
-249
-227
-98
-101
-124
-255
-238
-235
-87
21
-32
-193
-245
-246
-242
-180
-121
255
255
3
-17
-77
25
-209
-230
-143
10
-104
-196
-158
-255
-255
-252
251
234
-253
-252
-224
-243
-244
-241
-254
-243
-238
-244
-253
-252
-246
110
78
-253
-253
-229
-244
-217
-113
-74
-60
-172
-218
-172
-97
-159
-54
-248
-249
-245
-242
-243
-242
-242
-242
-33
-27
-252
-56
-10
-56
-101
-6
-148
-184
-30
-30
-165
-185
19
-51
-67
-61
-211
-53
-244
-248
-251
-252
-204
-250
-248
-254
-255
-255
-250
-254
-254
-254
-252
-249
-225
-251
-248
-241
-249
-251
-248
-225
-238
-180
-164
-251
-247
-242
-239
-239
-154
-191
-254
-254
-255
249
236
255
255
-126
-216
-216
-245
-133
-235
-176
-187
-244
-251
-252
111
81
-252
-251
-123
-177
-195
-49
16
18
-118
-212
-29
-55
-186
-68
-236
-250
-247
-244
-245
-244
-244
-244
-46
33
-7
-68
-39
-68
-79
36
-49
-148
171
169
59
-199
-68
-191
-208
-56
-203
-160
-197
-254
-250
-253
-247
-252
-254
-253
-253
-255
-204
-228
-210
-235
-225
-215
-213
-184
-202
-197
-198
-221
-234
-233
-240
-248
-240
-250
-252
-250
-237
-203
-237
-243
-252
-252
-253
245
236
-248
-241
-233
-242
-242
-248
-253
-251
-231
-227
-161
-114
-145
9
5
-252
-251
-219
-208
-244
-90
-72
61
-206
-254
-221
43
-189
-129
-231
-253
-254
-254
-254
-254
-254
-254
-112
5
65
-255
-101
-255
-32
124
20
-107
-3
-3
-108
-243
-93
-102
-90
-169
-249
-89
-220
-253
-253
-253
-244
-252
-254
-255
-254
-255
-255
-255
-254
-253
-249
-248
-251
-252
-254
-255
-251
-242
-245
-243
-251
-245
-245
-251
-250
-244
-238
-235
-254
-254
-255
-255
-255
248
236
-253
-253
-254
-255
-255
-253
-255
-254
-254
-254
-255
-255
-255
112
82
-255
-255
-254
-253
-254
-109
-137
116
-212
-247
-220
-6
-197
-81
-167
-245
-241
-236
-237
-236
-237
-236
-49
-4
-158
-37
-31
-37
-9
109
-7
-153
-191
-190
-162
-156
-68
-64
131
-204
-225
-53
-99
-202
-196
-214
-238
-230
-217
-222
-152
-250
-246
-249
-209
-137
-164
-177
-251
-251
-250
-248
-245
-236
-213
-202
-193
-157
-156
-209
-241
-226
-238
-229
-249
-252
-255
-255
-255
248
236
-254
-250
-251
-249
-247
-248
-255
-253
-250
-250
-255
-254
-254
112
82
-251
-251
-246
-205
-250
-106
153
-48
-227
-255
-242
-28
-195
160
-242
-253
-251
-249
-250
-250
-249
-249
-191
-52
-114
-78
-175
-78
-112
-33
-56
-147
239
237
-2
-222
-193
0
-245
-82
-229
-196
-208
-252
-252
-253
-252
-253
-251
-253
-250
-254
-247
-245
-246
-228
-227
-99
-250
-242
-246
-238
-157
-247
-250
-251
-253
-252
-253
-254
-254
-253
-251
-222
-210
-253
-255
-255
-254
248
235
-253
-253
-252
-253
-253
-251
-254
-250
-250
-251
-241
-218
-190
85
38
-254
-254
-221
-228
-233
-97
-131
0
-230
-254
-213
-69
-171
214
-85
-192
-252
-255
-255
-254
-254
-255
-92
-57
-212
56
-78
56
16
135
-99
-152
-24
-23
-117
-219
-168
-153
-72
-81
-232
-219
-222
-249
-166
-161
-227
-248
-247
-242
-236
-252
-246
-251
-249
-250
-249
-249
-249
-253
-253
-254
-245
-253
-248
-212
-233
-234
-229
-248
-253
-248
-222
-228
-248
-254
-255
-255
-254
248
235
-246
-245
-252
-253
-253
-250
-255
-249
-251
-240
-255
-254
-253
112
82
-254
-254
-249
-246
-249
-109
-121
112
-192
-216
-243
-214
11
-140
-233
-241
-234
-225
-229
-224
-225
-225
-105
-13
-241
-55
-82
-55
-173
-255
93
-255
-64
-64
-148
-214
-118
-191
-33
-102
-226
-125
-115
-255
-254
-254
-235
-227
-248
-253
-254
-255
-252
-253
-254
-255
-254
-254
-224
-228
-207
-220
-249
-246
-252
-252
-248
-239
-236
-217
-208
-235
-224
-245
-253
-254
-255
-255
-255
248
236
-254
-253
-251
-252
-252
-253
-255
-253
-253
-250
-247
-243
-245
103
76
-254
-254
-253
-251
-255
-108
0
-15
-173
-242
-95
23
-228
-255
108
6
-221
-241
-240
-230
-229
-238
194
-172
8
-112
200
-112
20
-51
-116
-109
-22
-23
-31
-247
-56
-51
-71
-144
-250
-89
-223
-234
-227
-215
-223
-246
-244
-254
-255
-254
-246
-253
-253
-247
-223
-218
-246
-244
-233
-232
-232
-208
-202
-232
-240
-240
-225
-232
-226
-190
-167
-175
-247
-254
-255
-255
-252
248
234
-253
-253
-251
-253
-253
-245
-254
-229
-251
-250
-254
-252
-240
110
74
-254
-254
-251
-251
-249
-110
128
4
-183
-243
-200
69
-225
135
-176
-236
-227
-217
-221
-218
-218
-217
120
-63
-61
-65
129
-65
115
-81
-187
-198
-88
-88
-138
-218
31
0
-7
-105
-229
6
-227
-250
-254
-255
-244
-185
-229
-252
-254
-255
-247
-252
-251
-250
-252
-253
-238
-218
-204
-150
-220
-227
-243
-241
-249
-248
-216
-225
-200
-158
-174
-224
-237
-254
-255
-255
-254
248
236
-254
-252
-251
-251
-251
-240
-255
-252
-252
-247
-255
-252
-247
110
80
-247
-247
-250
-233
-231
-119
-48
-64
-173
-186
-166
-189
-7
152
-239
-246
-237
-231
-236
-232
-235
-231
-146
7
-253
-55
-122
-55
-112
18
-173
-193
-47
-46
-160
-229
81
-77
-51
-130
-238
30
-222
-254
-255
-255
-211
-214
-250
-254
-255
-255
-246
-253
-254
-255
-252
-249
-211
-175
-227
-245
-237
-252
-247
-240
-230
-217
-177
-177
-242
-242
-222
-238
-225
-197
-255
-255
-255
249
236
-245
-248
-200
-240
-241
-249
-250
-253
-220
-225
-214
-199
-236
71
70
-253
-253
-248
-242
-235
-116
-11
0
-221
-248
-174
-18
-223
157
175
-177
-212
-183
-180
-166
-168
-164
-33
-114
-94
-65
-20
-65
16
178
-108
-214
57
55
20
-236
-106
-140
-135
-135
-241
-113
-211
-254
-255
-255
-220
-242
-245
-253
-254
-254
-240
-239
-212
-78
-102
76
-223
-179
-191
-139
-60
-16
-63
-107
-217
-205
-206
-207
-195
-97
-138
-37
-98
-155
160
155
240
-161
-240
-118
-112
-35
-149
-143
-204
-248
-236
-107
-39
-250
-244
-241
117
87
-218
-217
12
62
73
-110
0
106
-229
-252
-232
58
-216
-36
-182
-246
-249
-247
-247
-247
-247
-246
-17
-14
-134
-8
-5
-8
-13
13
-102
-121
-22
-22
-143
-219
-44
-102
-74
-105
-230
-77
-231
-254
-234
-230
-238
-252
-254
-254
-254
-255
-255
-255
-255
-254
-254
-251
-251
-253
-254
-254
-253
-252
-245
-241
-244
-243
-229
-252
-254
-252
-248
-233
-253
-255
-255
-255
-255
248
236
-248
-247
-254
-254
-254
-254
-255
-252
-253
-252
-255
-255
-254
112
82
-255
-254
-253
-250
-252
-109
-135
130
-223
-255
-233
78
-216
-38
-183
-250
-255
-255
-255
-255
-255
-255
-176
-107
-158
-106
-156
-106
-78
-21
-86
-112
-203
-202
-171
-223
-31
-64
150
-121
-235
-65
-236
-220
-153
-225
-251
-250
-240
-247
-208
-254
-254
-255
-251
-245
-233
-241
-253
-255
-255
-255
-254
-234
-227
-234
-198
-181
-51
-200
-220
-200
-36
-226
-225
-254
-255
-255
-254
248
236
-254
-254
-254
-254
-255
-251
-255
-250
-250
-251
-253
-254
-252
112
82
-254
-254
-248
-250
-245
-110
-255
97
-165
-253
-35
-100
-78
-25
-244
-251
-246
-243
-244
-244
-244
-244
-148
49
-252
-53
-124
-53
35
-255
-183
-255
-16
-18
21
-113
-218
-128
-72
50
-112
-255
-230
-254
-252
-238
-210
-238
-192
-219
-236
-248
-249
-253
-245
-240
-237
-228
-247
-251
-246
-249
-251
-242
-237
-242
-244
-250
-250
-253
-250
-245
-224
-208
-230
-211
-255
-254
-254
249
236
-245
-239
-217
-230
-231
-249
-249
-252
-234
-209
-207
-190
-205
65
48
-252
-252
-223
-194
32
-255
58
155
-87
-242
-210
-55
-160
251
-218
-247
-237
-229
-230
-228
-229
-227
-6
41
-246
-68
17
-68
162
5
-227
-124
37
37
-137
-216
-131
-178
-123
-91
-230
-172
-214
-255
-254
-254
-247
-254
-253
-254
-254
-245
-253
-253
-239
-180
-83
-71
-247
-250
-252
-249
-198
-155
-221
-240
-251
-254
-252
-252
-250
-245
-223
-236
-129
-248
-255
-255
-254
248
236
-243
-237
255
255
255
245
-253
-213
-246
-242
-254
-252
-247
111
81
-252
-251
-238
-231
-233
-110
-51
-25
-227
-252
-199
64
-218
80
94
-221
-249
-248
-249
-248
-248
-248
-30
-58
-113
-81
-16
-81
-5
90
-41
-127
81
80
-29
-226
-31
-25
-154
-92
-232
-113
-244
-218
85
255
-223
-243
-243
-250
-251
-252
-251
-253
-237
-235
-242
-241
-246
-229
-205
-177
-173
-172
-208
-209
-230
-208
-160
-202
-201
-179
-152
-205
-200
-252
-255
-255
-254
248
247
-250
-248
-252
-253
-252
-193
-254
-250
-250
-243
-254
-250
-242
142
166
-253
-253
-246
-238
-242
-110
56
129
-194
-254
-188
-7
-204
49
-225
-242
-237
-230
-233
-232
-230
-231
-62
-42
-227
-64
-41
-64
-74
63
-51
-164
-180
-181
-43
-219
6
-128
122
-215
-244
30
-235
-254
-252
-252
-248
-220
-211
-205
-186
-255
-250
-248
-181
-188
-125
56
-243
-234
-241
-236
-198
-31
-93
-170
-174
-193
-80
63
-122
-190
-172
-115
-198
-219
-255
-255
-252
249
234
-252
-253
-212
-240
-241
-232
-254
-237
-244
-249
-254
-253
-250
111
81
-254
-254
-238
-248
-228
-112
44
102
103
-235
-209
29
-230
39
-213
-226
-207
-187
-194
-190
-191
-188
188
-115
-9
-47
192
-47
-46
-52
-176
-148
-14
-15
4
-227
-180
-13
-76
-82
-234
-208
-242
-211
-191
-188
2
22
255
-75
-44
-211
-223
-223
-140
-106
-160
-181
-236
-235
-239
-223
-150
-210
-175
-190
-226
-234
-230
-233
-236
-212
-189
-147
-140
-233
-253
-253
-254
247
236
-248
-250
-242
-251
-250
-234
-253
-239
-250
-249
-254
-253
-243
111
76
-254
-253
-246
-241
-241
-111
-215
37
-254
-255
-240
14
-208
11
-54
-221
-249
-247
-248
-248
-247
-247
-175
-115
-253
-57
-150
-57
-46
92
-62
-149
-55
-55
-103
-224
-56
-25
-41
-104
-232
-101
-5
-244
-220
-244
-165
-188
-227
-248
-250
-254
-247
-251
-248
-247
-251
-242
-207
-230
-212
-200
-206
-219
-216
-222
-212
-192
-119
-200
-183
-147
-129
-145
-251
-255
-255
-255
-255
248
235
-255
-253
-255
-254
-251
-252
-255
-251
-254
-253
-255
-252
-247
110
80
-254
-252
-253
-228
-251
-110
-124
80
-208
-248
-110
-82
-168
160
-245
-250
-251
-249
-250
-250
-250
-249
-50
32
-28
-62
-40
-62
-124
-58
-41
-107
-74
-74
-103
-235
-56
89
-21
-104
-240
-136
-225
-184
-252
-254
-207
-218
-228
-247
-252
-255
-237
-243
-241
-247
-252
-252
-184
-201
-227
-211
-193
-219
-235
-237
-249
-241
-172
-202
-224
-205
-178
-186
-226
-217
-251
-252
-254
245
236
-246
-247
-207
-241
-236
-240
-247
-247
-226
-228
-249
-245
-240
106
79
-252
-252
-247
-241
-233
-116
22
42
-209
-243
-228
-68
-183
-70
-227
-247
-242
-237
-238
-237
-238
-237
11
40
-236
-67
33
-67
26
109
-176
-202
-48
-48
-69
-235
-106
-77
-47
-104
-241
-148
-77
-222
33
-173
-218
-244
-245
-251
-252
-254
-253
-251
-249
-253
-250
-248
-243
-245
-241
-242
-245
-213
-225
-240
-234
-222
-227
-244
-252
-233
-242
-225
-246
-254
-255
-255
-255
247
235
-252
-252
-254
-254
-254
-247
-255
-253
-253
-253
-255
-254
-252
111
81
-253
-252
-253
-242
-249
-111
46
105
-106
-242
-164
-157
-63
55
-242
-250
-246
-243
-244
-244
-244
-243
0
26
-253
-58
22
-58
52
63
-195
-198
49
49
-130
-195
-118
-77
-133
-76
-208
-160
-230
-254
-236
-220
-186
-183
-190
-238
-244
-246
-225
-236
-198
-164
-73
-231
-246
-243
-243
-231
-187
-216
-234
-241
-247
-249
-247
-249
-247
-233
-223
-201
-228
-248
-253
-254
-254
246
237
-222
-225
69
-123
-78
36
-254
-241
-247
-248
-254
-254
-252
112
83
-253
-253
-240
-232
-239
-108
100
77
-246
-253
-243
106
-217
-4
-28
-223
-227
-220
-222
-220
-222
-218
31
-100
8
-8
33
-8
122
121
-107
-206
33
33
-116
-243
-31
-51
-121
-157
-249
-42
-233
-246
-233
-248
-241
-254
-254
-255
-255
-233
-254
-255
-233
-187
-175
-197
-252
-254
-253
-244
-200
-204
-229
-233
-250
-252
-252
-254
-246
-223
-190
-119
-231
-245
-255
-255
-255
248
236
-241
-237
-227
-241
-240
-246
-251
-250
-240
-227
-254
-254
-253
113
83
213
252
-231
-216
-223
-111
63
158
-162
-243
-132
-29
-207
152
-214
-248
-247
-244
-245
-244
-244
-244
-88
-1
-250
-57
-65
-57
113
-107
-191
12
23
21
39
-246
68
13
-107
-153
-249
30
-249
-241
-242
-247
-241
-249
-254
-255
-254
-254
-251
-253
-232
-226
-241
-231
-246
-244
-241
-219
-221
-221
-240
-228
-241
-237
-226
-236
-243
-231
-207
-238
-247
-253
-255
-255
-255
248
236
-253
-253
-232
-244
-244
-247
-248
-252
-249
-248
-255
-254
-253
113
87
-254
-254
-234
-229
-252
-96
56
70
-179
-246
-171
21
-216
22
-156
-169
-236
-235
-246
-226
-237
-241
83
-139
-41
-72
92
-72
-116
-110
-56
-4
-54
-55
-50
-217
-56
-51
-40
-185
-242
-65
-5
-249
-239
-245
-231
-210
-232
-251
-251
-254
-247
-252
-250
-244
-245
-238
-221
-228
-218
-209
-192
-220
-235
-231
-245
-231
-207
-214
-203
-182
-135
-179
-246
-254
-255
-255
-251
248
234
-253
-252
-205
-169
-138
122
-254
-223
-250
-246
-254
-251
-234
110
72
-254
-253
-252
-249
-249
-110
-37
53
-179
-250
-140
-96
-172
-63
-113
-195
-250
-244
-244
-244
-242
-242
67
-98
-150
-76
83
-76
-29
113
-118
-203
-23
-24
-35
-241
-31
-51
-70
-163
-248
-42
-232
-247
-229
-244
-219
-231
-243
-254
-255
-255
-251
-254
-250
-239
-237
-212
-237
-236
-235
-222
-208
-233
-195
-232
-240
-224
-174
-220
-212
-227
-157
-185
-246
-255
-255
-255
-252
248
234
-253
-252
-227
-196
-177
-207
-253
-233
-253
-250
-254
-253
-244
111
76
-254
-254
-253
-250
-252
-109
-48
81
-205
-216
-242
-216
255
231
-164
-217
-221
-222
-237
-252
-253
-250
15
49
-236
-68
37
-68
-130
-255
-58
-255
-64
-64
-124
-243
-93
-51
-32
-144
-248
-113
-118
-251
-252
-253
-230
-210
-220
-254
-254
-254
-237
-248
-254
-252
-254
-252
-249
-231
-242
-226
-230
-245
-250
-250
-248
-234
-210
-216
-244
-241
-245
-246
-236
-253
-255
-255
-254
248
236
-254
-253
-253
-251
-252
-236
-254
-238
-254
-250
-255
-253
-247
111
81
-254
-254
-250
-242
-247
-110
-153
120
-248
-254
-243
43
-207
136
-155
-238
-246
-243
-244
-244
-244
-243
-64
13
-173
-42
-50
-42
-65
16
-38
-120
62
62
-138
-239
-19
-38
-142
-137
-245
-42
-249
-247
-248
-253
-250
-254
-254
-254
-254
-220
-253
-253
-160
-95
-80
-208
-252
-251
-251
-229
-173
-195
-241
-240
-252
-254
-254
-252
-240
-223
-153
-146
-234
-245
-255
-255
-254
248
236
-243
-239
-223
-242
-241
-245
-251
-250
-242
-234
-255
-254
-254
113
83
174
170
-234
-219
-228
-110
73
118
-1
-156
-255
-255
-255
151
-221
-233
-214
-211
-201
-199
-217
-198
-21
49
-238
-66
1
-66
-161
-255
163
-255
-38
-37
-151
-233
-81
-178
-60
-212
-245
-89
-222
-252
-240
-250
-200
-199
-251
-254
-255
-255
-253
-255
-255
-252
-251
-249
-237
-216
-249
-249
-251
-246
-245
-217
-244
-239
-213
-182
-246
-247
-239
-238
-246
-254
-255
-255
-255
248
235
-254
-253
-254
-254
-254
-252
-255
-251
-252
-252
-255
-252
-245
110
75
-254
-254
-251
-247
-249
-110
-72
123
-244
-255
-251
57
-198
147
-190
-250
-247
-244
-245
-245
-245
-244
-41
-42
-253
-46
-19
-46
-112
41
39
-74
-13
-13
-87
-229
44
-13
-81
-119
-235
30
-250
-221
-245
-253
-64
-200
-235
-252
-254
-245
-248
-253
-253
-242
-189
-175
-234
-222
-233
-236
-226
-125
-176
-173
-149
-181
-123
-221
-218
-177
-50
-180
-254
-254
-255
-255
-255
248
236
-254
-253
-253
-254
-253
-254
-255
-254
-254
-252
-255
-254
-254
111
82
-254
-254
-254
-242
-253
-110
0
113
-229
-252
-242
90
-209
91
-221
-248
-245
-242
-243
-242
-242
-241
-89
-80
-113
-47
-76
-47
-33
-92
-86
-63
221
220
-89
-231
-180
-51
-238
-97
-239
-243
-203
-251
-242
-246
-251
-251
-251
-252
-253
-254
-242
-251
-247
-237
-238
-241
-240
-251
-250
-244
-242
-226
-243
-249
-252
-255
-253
-255
-254
-251
-248
-235
-221
-253
-255
-255
-255
248
236
-253
-252
-252
-253
-253
-252
-254
-253
-250
-251
-237
-215
-192
83
39
-254
-254
-234
-238
-233
-107
-82
125
-99
-197
-115
17
-161
-74
-235
-245
-238
-233
-235
-233
-233
-233
-27
27
158
-63
-29
-63
-96
76
-157
-206
57
57
-104
-250
-44
-64
-139
-165
-253
-53
-215
-246
-209
-224
-248
-244
-237
-249
-249
-251
-254
-254
-200
-212
-211
-216
-252
-253
-251
-236
-231
-238
-244
-244
-253
-255
-254
-254
-253
-253
-248
-237
-235
-252
-253
-253
-245
246
227
-244
-239
-80
-59
-62
-122
-243
-231
-252
-249
-254
-252
-244
111
79
-253
-253
-250
-241
-248
-109
51
51
-206
-251
-187
0
-198
94
-228
-251
-252
-250
-251
-251
-251
-251
-133
-86
-230
-52
-111
-52
6
-38
-148
-146
-60
-59
-197
-226
-31
13
-39
-129
-238
-65
-223
-251
-250
-252
-235
-189
-247
-255
-255
-255
-252
-254
-255
-254
-253
-250
-198
-199
-216
-222
-247
-251
-251
-243
-246
-246
-231
-201
-230
-226
-233
-251
-197
-226
-255
-255
-255
249
236
-253
-252
-246
-251
-251
-251
-254
-253
-246
-250
-254
-246
-251
114
86
-247
-244
-229
-241
-214
-114
102
112
-241
-252
-221
10
-207
218
-133
-236
-250
-243
-250
-249
-244
-248
-143
-86
-173
-36
-125
-36
-43
-13
-97
-151
-147
-147
-125
-193
-6
-25
67
-128
-208
-30
-236
-152
-188
-193
-252
-249
-222
-227
-244
-255
-233
-235
-138
-202
-227
-253
-252
-247
-250
-247
-200
-132
-161
-202
-241
-239
-244
-246
-250
-246
-233
-176
-247
-253
-255
-255
-255
248
237
-253
-243
-249
-247
-245
-248
-254
-251
-253
-230
-255
-254
-254
112
83
-251
-250
-250
-197
-248
-110
-102
0
-229
-252
-219
-21
-190
-89
-150
-246
-252
-251
-251
-251
-251
-251
-127
-9
-155
-72
-109
-72
-42
149
37
-182
44
44
-146
-207
-93
-140
-129
-87
-221
-125
-217
-215
-179
-221
-229
-216
-193
-225
-222
-248
-253
-254
-250
-235
-236
-236
-251
-251
-253
-242
-145
-116
-194
-209
-242
-246
-241
-235
-184
-167
-135
-210
-242
-254
-255
-255
-255
248
236
-254
-252
-254
-254
-253
-245
-255
-254
-252
-248
-255
-252
-247
118
100
-255
-254
-252
-246
-249
-110
77
108
109
-252
-243
3
-237
238
-214
-243
-246
-241
-244
-243
-241
-242
-49
-79
-242
-63
-26
-63
-43
-79
-181
-150
2
-1
91
-155
-143
-51
-84
26
-138
-243
-249
-246
-213
-212
-222
-216
-204
-233
-237
-245
-246
-253
-246
-227
-199
-210
-241
-235
-239
-216
-203
-178
-217
-191
-238
-245
-243
-226
-245
-209
-187
-204
-242
-250
-255
-255
-255
247
236
-254
-247
-251
-251
-251
-249
-255
-244
-252
-245
-255
-253
-247
110
78
-251
-251
-249
-224
-246
-110
-123
0
-216
-253
-231
13
-191
87
-189
-249
-249
-246
-247
-247
-247
-247
-130
-73
-197
-64
-111
-64
-46
16
-87
-105
-28
-28
-125
-215
-106
-51
-68
-171
-237
-101
-254
-253
-246
-252
-238
-253
-254
-255
-255
-255
-255
-255
-255
-253
-252
-253
-249
-251
-251
-251
-252
-252
-251
-248
-243
-236
-211
-247
-242
-238
-242
-247
-247
-254
-255
-255
-255
248
236
-246
-250
-254
-254
-254
-250
-255
-251
-252
-251
-255
-254
-254
111
81
-254
-254
-251
-248
-251
-109
-124
123
-197
-207
-141
-155
-206
243
-198
-235
-233
-230
-235
-240
-241
-239
-46
23
-244
-63
-24
-63
-151
48
-39
-182
-76
-75
-180
-239
-31
-89
-21
-136
-245
-42
-120
-253
-252
-254
-224
-169
-241
-253
-254
-255
-237
-249
-253
-253
-253
-254
-199
-157
-181
-118
-207
-243
-251
-249
-254
-251
-241
-189
-188
-54
-194
-195
242
-43
-254
-254
-254
253
240
-208
-210
-114
-189
-187
-231
-236
-247
-170
-138
-179
-144
-99
36
-23
-242
-242
-223
-205
-172
-135
18
73
-223
-254
-228
15
-184
57
-242
-254
-253
-253
-253
-253
-253
-253
-160
-76
-166
-72
-141
-72
-46
34
-115
-152
-13
-13
-140
-158
-143
-153
-82
-29
-191
-184
-243
-252
-253
-251
-236
-254
-254
-254
-254
-255
-254
-254
-255
-254
-254
-250
-254
-254
-253
-255
-250
-251
-245
-228
-226
-238
-246
-252
-252
-252
-249
-234
-249
-255
-255
-255
-255
248
236
-248
-249
-254
-254
-254
-253
-255
-254
-253
-248
-255
-254
-254
111
82
-254
-254
-252
-241
-251
-110
-130
130
-228
-253
-242
56
-210
-136
-229
-252
-251
-250
-250
-250
-250
-250
-115
-36
84
45
-112
45
-50
127
-43
-135
235
235
-188
-254
-93
-153
-246
-159
-254
-101
211
-254
-254
-255
-255
-255
-255
-254
-254
-255
-250
-254
-255
-250
-249
-241
-254
-253
-255
-251
-234
-236
-234
-254
-255
-255
-255
-255
-255
-250
-254
-246
-227
-254
-255
-255
-255
248
236
-254
-254
-254
-254
-254
-254
-255
-254
-251
-253
-246
-233
-221
95
58
-255
-254
-240
-249
-238
-109
134
77
-200
-208
-196
186
-225
-129
-247
-250
-246
-243
-244
-243
-243
-243
103
137
108
-38
101
-38
-12
166
-199
-229
-135
-138
64
-255
6
51
65
-153
-255
-42
-123
-79
8
-108
-238
-229
-233
-238
-240
-253
-251
-253
-247
-244
-226
-242
-244
-242
-234
-240
-233
-242
-248
-243
-242
-246
-221
-237
-237
-208
-224
-231
-223
-220
-254
-254
-254
248
237
-226
-222
-84
-149
-147
-209
-249
-248
45
221
-253
-251
-233
133
85
-225
-223
-212
-205
-146
-142
57
65
-181
-231
-176
-37
-197
-55
-244
-250
-246
-244
-244
-244
-244
-244
51
-2
-252
-56
73
-56
-66
30
-161
-195
-45
-45
-95
-245
155
217
-51
-150
-250
113
-231
-254
-255
-255
-228
-240
-249
-255
-255
-255
-249
-255
-254
-253
-249
-244
-237
-243
-235
-223
-239
-237
-243
-231
-239
-233
-227
-240
-244
-235
-234
-245
-150
-241
-254
-255
-255
248
236
-233
-225
-249
-254
-254
-253
-254
-254
-242
-250
-254
-255
-254
112
84
-253
-253
-220
-243
-208
-111
97
107
-167
-210
-110
11
-160
-70
-248
-251
-246
-244
-245
-243
-244
-243
-152
62
173
-87
-151
-87
-78
-255
-144
-255
59
56
64
-221
-243
-77
-134
-71
-226
-255
-214
-231
-214
-245
-216
-185
-184
-235
-215
-226
-228
-238
26
-18
-75
-221
-251
-240
-192
-76
-149
-191
-182
-206
-243
-243
-218
-237
-246
-218
-228
-244
-234
-240
-255
-255
-252
248
233
-252
-252
-192
-232
-233
-247
-253
-221
-241
-242
-254
-253
-246
111
78
-250
-250
-252
-248
-250
-110
-217
37
-174
-199
-163
9
-220
-133
237
255
255
255
255
255
255
255
255
-204
124
-62
255
-62
170
-59
-204
-130
9
7
-8
-235
-93
-140
-97
-120
-241
-125
-217
-237
-114
-231
-194
-236
-232
-244
-245
-252
-246
-249
-237
-190
-210
-216
-240
-241
-234
-217
-182
-213
-205
-147
-231
-227
-221
-219
-224
-199
-169
-98
-231
-254
-255
-255
-253
248
237
-253
-252
-214
-233
-230
-186
-255
-228
-247
-248
-254
-253
-247
111
82
-254
-254
-251
-248
-249
-110
-67
36
-214
-250
-186
-13
-165
243
-122
-237
-245
-238
-237
-233
-234
-233
-109
-36
-246
-64
-86
-64
-26
48
-2
-161
24
24
-103
-228
-131
-178
-113
-113
-236
-148
-216
-232
94
-197
-208
-236
-246
-251
-253
-248
-253
-255
-243
-233
-231
-231
-250
-245
-240
-242
-192
-49
-137
-122
-199
-234
-216
-223
-202
-53
-9
-208
-191
-250
-255
-255
-254
248
248
-250
-248
-250
-252
-250
-166
-254
-228
-246
-239
-254
-251
-241
178
222
-253
-253
-241
-227
-238
-109
-224
86
-19
-171
-107
120
-216
161
-251
-252
-247
-245
-247
-244
-245
-246
-72
111
-52
-66
-61
-66
-89
16
-189
-209
70
69
-101
-240
44
-13
-147
-142
-245
18
-247
-254
-254
-255
-251
-253
-253
-254
-254
-249
-253
-253
-169
-154
-158
-183
-251
-252
-241
-212
-207
-212
-242
-247
-252
-253
-252
-253
-253
-249
-247
-236
-231
-253
-255
-255
-254
247
235
-250
-250
-231
-231
-224
-185
-255
-245
-249
-251
-254
-252
-242
111
78
-254
-254
-244
-235
-243
-108
-8
81
-231
-254
-223
-59
-187
-34
-191
-243
-254
-255
-255
-254
-254
-255
-35
-63
4
-86
-26
-86
-13
13
-110
-152
50
50
-85
-216
-81
-115
-133
-85
-226
-101
-219
-255
-255
-255
-231
-247
-252
-255
-255
-254
-254
-254
-156
-51
-46
-139
-236
-247
-244
-191
-165
-131
-195
-207
-244
-235
-203
-218
-229
-118
-145
-232
-150
-187
44
83
98
-47
-104
-161
-144
-106
-177
-163
-224
-252
-246
-153
-93
-250
-245
-244
114
83
-225
-223
-75
-7
-35
-109
-68
92
-211
-247
-199
-18
-201
22
-104
-236
-242
-239
-240
-239
-239
-238
-133
-76
-232
-61
-110
-61
-32
34
-26
-76
-134
-133
-148
-202
-6
-25
48
-205
-235
30
-230
-254
-254
-254
-253
-239
-101
-175
-247
-255
-191
-168
-101
-213
-246
-252
-248
-252
-251
-215
-150
-98
-162
-203
-238
-250
-245
-253
-247
-162
-85
45
-186
-251
-254
-255
-251
247
233
-252
-251
-251
-252
-251
-223
-254
-215
-250
-249
-255
-252
-242
112
86
-253
-252
-248
-229
-245
-109
-131
0
-240
-255
-223
59
-224
12
95
-206
-248
-247
-248
-247
-247
-247
-77
-43
-179
-103
-57
-103
6
16
-75
-107
-152
-151
-124
-222
19
-13
74
-178
-240
6
-233
-131
-189
-202
-252
-249
-249
-253
-252
-255
-244
-241
-195
-226
-242
-247
-253
-252
-251
-246
-235
-195
-203
-199
-232
-244
-244
-252
-249
-230
-222
-174
-226
-253
-255
-255
-255
248
236
-252
-244
-246
-248
-246
-247
-252
-251
-252
-238
-249
-254
-252
112
82
-252
-250
-247
-211
-246
-108
-179
30
-64
-212
-149
-75
-192
96
-245
-250
-246
-243
-244
-243
-243
-243
-9
66
-244
-62
13
-62
59
43
-188
-216
1
1
-181
-240
-19
26
-95
-160
-248
-30
-249
-249
-251
-253
-219
-254
-254
-255
-255
-254
-255
-255
-253
-249
-250
-217
-251
-253
-254
-253
-241
-239
-190
-194
-230
-226
-228
-251
-252
-241
-241
-219
-247
-252
-255
-255
-255
248
236
-254
-253
-254
-254
-254
-253
-255
-252
-252
-251
-255
-243
-220
103
58
-254
-254
-252
-249
-250
-110
123
123
-242
-251
-243
-153
-173
-25
-240
-250
-245
-242
-243
-242
-242
-241
-103
-55
-250
-59
-80
-59
100
46
-218
-208
-48
-48
-84
-244
-31
-77
-48
-164
-249
-42
-53
-248
-242
-244
-200
-184
-225
-254
-254
-253
-235
-251
-250
-252
-249
-236
-251
-243
-239
-242
-246
-248
-246
-244
-250
-241
-245
-245
-241
-233
-243
-244
-245
-254
-255
-255
-255
248
236
-254
-253
-254
-255
-254
-231
-255
-245
-254
-254
-255
-252
-245
110
78
-255
-255
-253
-253
-247
-112
-51
102
-200
-246
-176
75
-206
-53
-137
-239
-235
-227
-230
-229
-229
-228
76
-54
-128
-54
89
-54
-29
46
-5
-117
-207
-205
-207
-181
-93
-128
155
-66
-208
-101
-236
-222
-221
-242
-253
-253
-250
-251
-136
-254
-254
-254
-246
-210
-57
-177
-251
-252
-255
-255
-255
-255
-251
-246
-245
-191
-35
-215
-244
-232
-227
-237
-242
-248
-254
-255
-255
247
236
-253
-249
-253
-250
-250
-251
-255
-252
-246
-232
-255
-254
-253
112
83
-248
-249
-249
-181
-246
-110
0
101
-237
-251
-210
-66
-173
-74
-227
-252
-252
-251
-251
-251
-251
-251
-174
-3
-213
-83
-151
-83
64
-34
-160
-97
-60
-60
-58
-204
-168
-89
-34
-59
-220
-208
-81
-225
-249
-253
-209
-216
-250
-251
-252
-255
-253
-253
-252
-251
-251
-253
-234
-227
-252
-250
-251
-246
-245
-246
-244
-224
-203
-207
-248
-244
-247
-240
-251
-254
-255
-255
-255
248
236
-254
-253
-244
-251
-251
-251
-254
-254
-253
-255
-255
-255
-253
112
83
-252
-251
-253
-255
-251
-110
77
51
-220
-246
-212
-96
-149
59
-251
-253
-250
-249
-249
-249
-249
-249
-147
-30
-218
-65
-125
-65
-74
-52
-177
-159
2
2
-167
-178
-143
-153
-95
-60
-205
-148
-240
-254
-255
-255
-247
-253
-255
-255
-255
-253
-254
-255
-254
-252
-248
-235
-254
-254
-253
-253
-253
-247
-241
-224
-245
-252
-253
-255
-255
-255
-254
-230
-243
-250
-255
-255
-254
248
235
-253
-252
-229
-252
-252
-247
-254
-251
-252
-250
-253
-254
-250
111
81
-254
-253
-252
-219
-249
-110
-217
119
151
-216
5
-37
-201
48
-222
-242
-234
-227
-230
-228
-227
-228
82
-85
-102
-63
94
-63
-171
-110
-13
-37
-43
-42
-189
-235
-44
0
-56
-133
-244
-53
-250
-252
-252
-252
7
-129
-239
-253
-254
-253
-243
-253
-251
-252
-251
-245
-112
-191
-201
-205
-244
-242
-251
-245
-228
-191
-71
-187
-228
-234
-237
-237
-252
-251
-255
-255
-255
248
236
-251
-250
-250
-252
-249
-251
-253
-253
-252
-249
-254
-254
-253
111
82
-254
-253
-239
-212
-250
-101
181
129
99
-254
-249
109
-243
247
-215
-243
-226
-205
-204
-198
-194
-191
113
86
-227
-86
134
-86
16
135
-153
-211
18
17
-54
-246
-131
-25
-106
-157
-252
-136
-216
-255
-255
-255
-219
-245
-254
-254
-255
-247
-254
-254
-246
-245
-219
-207
-233
-249
-252
-241
-236
-163
-237
-212
-245
-242
-211
-247
-243
-222
-196
-238
-243
-253
-255
-255
-255
248
235
-254
-252
-254
-254
-254
-253
-255
-251
-253
-252
-255
-252
-245
110
76
-254
-254
-251
-248
-245
-112
44
46
-244
-249
-242
-135
-148
238
-193
-222
-233
-233
-243
-254
-255
-253
-118
-34
-249
-62
-95
-62
-46
48
-146
-171
-21
-21
-120
-231
-106
-128
-75
-115
-241
-113
-221
-204
93
-171
-75
-175
-231
-249
-254
-250
-245
-255
-246
-243
-244
-220
-243
-246
-250
-233
-248
-238
-224
-226
-233
-219
-220
-249
-245
-222
-238
-229
-240
-253
-255
-255
-254
248
236
-254
-253
-254
-253
-253
-223
-255
-242
-252
-252
-255
-249
-236
109
75
-254
-254
-251
-248
-241
-115
0
102
215
-221
-100
22
-200
153
-221
-243
-239
-233
-235
-232
-232
-233
48
-41
-71
-63
59
-63
-136
-33
-43
-123
-21
-21
-134
-216
-6
-38
-75
-95
-227
-42
-249
-249
-226
-239
104
-118
-167
-245
-248
-249
-222
-249
-247
-237
-228
-147
-195
-215
-243
-238
-242
-221
-185
-164
-143
-174
-159
-222
-245
-249
-225
-191
-252
-252
-255
-255
-254
248
235
-253
-253
-250
-251
-248
-246
-254
-251
-252
-246
-254
-254
-251
112
87
-253
-252
-4
99
-249
68
101
94
-245
-251
-243
-51
-199
-80
-213
-245
-239
-233
-235
-233
-233
-233
-129
-18
-155
-114
-108
-114
11
-34
-150
-90
-20
-20
-121
-226
-131
-102
-76
-107
-235
-136
-226
-234
-223
-232
-13
-196
-209
-249
-250
-241
-227
-250
-227
-229
-181
-118
-192
-189
-225
-209
-220
-174
-149
-92
-158
-151
-175
-221
-235
-148
-204
-122
-230
-251
-255
-255
-255
248
236
-253
-252
-232
-247
-247
-245
-254
-253
-247
-250
-254
-253
-249
113
85
-254
-254
-241
-247
-236
-110
51
46
-188
-226
-150
-81
-96
19
-229
-241
-233
-225
-228
-226
-225
-225
-244
-19
78
14
-241
14
-182
19
-141
-211
8
8
-91
-230
-44
-128
-99
-149
-240
-53
-234
-198
-232
-246
-221
-227
-236
-236
-237
-242
-239
-240
-225
-196
-188
-206
-243
-240
-246
-242
-237
-190
-196
-204
-210
-235
-232
-240
-234
-223
-222
-218
-249
-248
-255
-255
-254
248
236
-248
-242
-28
-119
-103
-187
-253
-244
-250
-241
-254
-253
-251
112
83
-251
-251
-223
-212
-240
-95
148
96
255
-248
-148
6
-202
28
-242
-254
-254
-254
-255
-254
-255
-254
-32
9
-92
-71
-19
-71
-79
80
-103
-197
-6
-6
-75
-224
-155
-13
-86
-86
-235
-172
-236
-250
-237
-240
-139
-188
-169
-250
-251
-238
-221
-252
-238
-230
-165
-68
-244
-241
-219
-234
-217
-168
-119
-52
-197
-240
-248
-245
-238
-211
-158
-147
-223
-208
-254
-254
-254
248
236
-243
-247
-211
-234
-237
-245
-245
-252
-237
-242
-235
-217
-224
85
64
-251
-249
-160
-64
-240
-49
73
103
-234
-253
-231
-80
-160
-84
-147
-244
-245
-241
-243
-241
-241
-241
-58
-19
61
-180
-51
-180
-62
-36
-13
18
58
58
-106
-227
-81
-140
-139
-123
-236
-125
-215
-255
-255
-255
-241
-251
-254
-255
-255
-254
-255
-254
-190
-48
-99
-92
-246
-250
-230
-164
-68
-55
-165
-218
-244
-245
-221
-232
-214
-178
-99
-220
-218
-231
-140
-149
-114
134
100
-220
-221
-202
-231
-222
-240
-252
-250
-217
-200
-252
-250
-247
112
81
-246
-243
-187
-149
-170
-110
165
80
166
-225
11
-111
-173
-52
-251
-253
-250
-249
-249
-249
-249
-249
-84
-41
-252
-57
-61
-57
-49
-131
-171
-29
-21
-21
-106
-243
143
242
-74
-128
-248
77
-243
-254
-245
-243
-120
-152
-241
-252
-254
-248
-244
-254
-253
-251
-238
-147
-235
-233
-213
-226
-253
-222
-194
-171
-205
-213
-201
-237
-227
-227
-221
-216
-251
-252
-255
-255
-255
248
236
-254
-254
-249
-252
-250
-252
-254
-254
-251
-248
-254
-254
-253
112
82
-254
-253
255
255
-249
255
208
117
-237
-253
-212
-73
-149
-76
-222
-249
-250
-248
-249
-248
-248
-248
-151
-92
40
-174
-143
-174
-60
76
-114
-180
76
75
14
-243
-106
-102
-149
-135
-246
-125
-212
-255
-255
-255
-237
-247
-253
-255
-255
-255
-247
-243
-136
-185
-176
-186
-224
-197
-221
-121
-177
-168
-148
-205
-213
-245
-193
-221
-240
-231
-211
-165
-174
-211
-53
9
255
49
-255
-195
-172
-158
-195
-177
-210
-250
-242
-189
-131
-250
-243
-240
114
83
-233
-228
-138
-38
-114
-108
92
70
-173
-227
-164
17
-196
202
-69
-201
-206
-194
-211
-222
-226
-223
165
-39
73
149
158
149
-5
48
-87
-136
-183
-183
-129
-203
-106
-128
120
-198
-235
-113
-134
-251
-251
-253
-249
-243
-180
-176
-87
-255
-250
-251
-123
49
152
-144
-252
-244
-227
-207
-230
-54
-89
87
9
255
43
-211
-71
-144
-211
-185
-160
-219
-255
-255
-251
249
234
-253
-252
-243
-252
-251
-204
-254
-222
-240
-247
-253
-249
-234
108
72
-253
-253
-231
-242
-221
-112
48
64
-251
-254
-250
-19
-206
152
-227
-238
-236
-230
-232
-227
-229
-230
-120
-15
-232
-58
-97
-58
-65
-8
-77
-97
-14
-15
-34
-236
44
-51
-78
-108
-239
-6
-249
-189
-215
-233
-24
-118
-133
-243
-245
-136
-210
-211
-183
-182
248
255
-165
-110
-209
-172
-186
189
-84
-58
-180
-188
-174
-99
-196
-140
174
-11
-222
-246
-255
-255
-255
248
236
-253
-251
-204
-234
-233
-241
-254
-253
-246
-245
-254
-253
-250
114
86
-254
-254
-236
-243
-230
-110
58
30
-185
-252
-244
-15
-190
-70
-237
-251
-248
-245
-246
-246
-245
-245
-37
37
-245
-53
-15
-53
28
113
-185
-201
-141
-143
22
-237
-6
-77
68
-178
-248
6
-91
-254
-255
-255
-241
-235
-209
-230
-212
-254
-219
-229
-172
-173
-158
-172
-246
-240
-248
-238
-230
-222
-224
-238
-239
-239
-212
-243
-244
-246
-246
-216
-234
-243
-255
-255
-254
248
236
-251
-250
-240
-251
-251
-238
-82
-223
-245
-249
-254
-254
-251
112
82
-254
-254
-246
-248
-243
-110
-51
0
-238
-252
-223
-44
-195
70
-165
-236
-220
-207
-213
-209
-208
-208
-57
-157
-190
-59
-38
-59
-7
179
-171
-223
34
34
-72
-193
-118
-140
-120
-58
-209
-148
-240
-254
-253
-254
-230
-248
-247
-253
-255
-253
-251
-252
-208
-134
142
-104
-246
-250
-252
-176
-78
18
-145
-129
-212
-246
-241
-234
-218
-91
-4
-171
-248
-252
-241
-240
-240
234
221
-250
-244
-248
-251
-251
-251
-254
-250
-247
-236
-255
-253
-250
113
83
-253
-253
-246
-220
-243
-109
35
82
-197
-247
-194
-77
-150
224
-154
-230
-245
-210
-243
-239
-215
-234
12
-72
-247
-67
34
-67
-65
-35
-25
-70
-90
-89
-155
-223
93
-25
-5
-111
-231
30
-229
-174
-245
-242
-250
-209
-193
-244
-252
-255
-192
-248
-248
-252
-249
-252
-249
-237
-236
-230
-234
-250
-250
-248
-252
-254
-249
-229
-235
-234
-202
-247
-210
-253
-255
-255
-254
248
236
-254
-254
-251
-253
-253
-243
-254
-248
-253
-252
-254
-255
-253
112
83
-251
-251
-243
-243
-226
-118
-117
0
-102
-233
-165
-130
-177
-26
-239
-250
-245
-241
-243
-242
-242
-241
-13
12
-245
-60
9
-60
3
-88
-197
-54
45
45
-65
-245
-56
-38
-128
-141
-249
-65
-221
-255
-254
-254
-251
-254
-254
-254
-254
-252
-254
-253
-220
-188
-203
-228
-251
-253
-248
-248
-223
-241
-242
-246
-251
-252
-248
-254
-252
-250
-249
-234
-243
-248
-248
-247
-246
241
228
-234
-227
8
40
48
-59
-254
-243
-249
-245
-254
-253
-251
111
82
-253
-252
-246
-236
-243
-109
93
51
-253
-255
-247
68
-218
151
-219
-233
-251
-249
-250
-250
-250
-249
-216
-94
-252
-58
-192
-58
6
-8
-180
-174
-21
-22
-13
-206
-168
-25
-70
-57
-218
-219
-250
-233
-242
-251
-180
-238
-233
-248
-244
-249
-254
-254
-251
-243
-238
-181
-228
-243
-235
-222
-220
-162
-40
-118
-150
-183
-146
-213
-230
-138
-158
88
-252
-255
-255
-255
-254
248
235
-255
-253
-253
-253
-251
-249
-255
-249
-254
-252
-255
-252
-247
115
89
-254
-253
-253
-225
-250
-110
68
155
-226
-246
-236
-38
-192
50
-225
-246
-239
-234
-236
-234
-236
-234
-105
-3
-239
-51
-82
-51
-32
34
-152
-157
-108
-108
-85
-237
31
-51
19
-180
-247
18
-228
-247
-253
-254
-240
-230
-177
-243
-251
-255
-230
-238
-236
-248
-254
-254
-251
-250
-243
-215
-180
-133
-202
-209
-230
-237
-211
-232
-192
-90
-82
-8
-234
-254
-255
-255
-255
247
235
-252
-246
-253
-254
-254
-253
-255
-254
-250
-249
-254
-254
-254
112
82
-253
-254
-248
-236
-246
-109
-124
0
-215
-255
-140
-88
-146
248
-212
-251
-231
-215
-212
-202
-203
-200
-119
-43
-213
-64
-98
-64
-46
48
-66
-118
26
26
-92
-231
-118
-115
-114
-115
-238
-136
-215
-239
-155
-191
-179
-239
-242
-251
-252
-209
-251
-250
-209
37
65
80
-243
-238
-239
-237
-106
38
-90
-162
-228
-206
-219
-238
-218
-168
-207
-222
-172
-246
-255
-255
-254
248
236
-243
-247
-224
-246
-241
-225
-253
-249
-242
-243
-254
-254
-251
112
82
-250
-250
-249
-245
-245
-111
-175
0
