-243
-12
-208
0
-246
175
-246
0
-250
17
-248
0
-252
45
-110
-60
-249
-31
-213
27
-247
-25
-212
0
-244
-200
-101
-88
-247
-19
-227
0
-227
3
-245
0
-239
-8
-251
0
-227
-146
-148
-37
-247
28
-189
0
-247
87
-231
4
-217
10
-233
0
-234
-18
-230
0
-242
-29
-243
117
-248
-2
-253
119
-255
-170
-243
-46
-251
-5
-251
102
-247
-197
-239
-72
-246
-66
-215
0
-253
1
-246
0
-249
-17
-195
4
-250
-48
-230
-51
-239
-8
-249
0
-251
-29
-248
0
-247
50
-231
0
-253
28
-252
-36
-234
243
-250
0
-245
-15
-246
100
-228
-51
-236
111
-231
-16
-246
0
-230
-71
-216
-39
-250
-48
-253
1
-223
-52
-223
-54
-239
-152
-166
-65
-252
91
-216
0
-250
-87
-188
-53
-248
56
-93
0
-254
-28
-247
107
-236
-80
-122
-10
-255
255
-254
0
-251
-202
-234
-73
-249
29
-43
-65
-247
2
-242
6
-251
182
-242
-4
-222
16
-162
25
-253
-156
-143
-60
-243
-30
-242
18
-245
169
-250
61
-254
-3
-244
116
-237
-190
-226
-48
-250
184
-245
-3
-250
237
-253
0
-255
-23
-248
112
-229
-64
-235
-15
-240
-23
-190
4
-221
-88
-158
-64
-236
-46
-242
0
-222
-157
-233
67
-230
37
-245
-25
-194
-15
-212
37
-248
-55
-147
80
-250
-74
-205
42
-238
-48
-233
105
-247
-76
-238
111
-244
49
-233
77
-206
-149
-252
86
-247
36
-240
121
-245
21
-231
70
-246
-55
-182
53
-244
-24
-227
81
-244
62
-223
118
-229
33
-159
99
-243
220
-251
125
-235
57
-253
51
-251
-59
-226
112
-233
36
-224
111
-234
-50
-235
111
-250
-147
-246
0
-250
56
-253
135
-251
44
-167
108
-244
-1
-209
0
-235
-75
-54
73
-250
235
-250
77
-250
-58
-239
109
-244
-138
-208
65
-244
-45
-235
107
-245
56
-218
37
255
7
-199
36
-237
24
-53
86
-247
69
-249
81
-255
50
-118
92
-240
-133
-162
0
-248
-151
-230
30
-244
1
-241
123
-243
-48
-233
102
-251
-60
-244
51
-249
2
-255
119
-204
17
-222
46
-243
-21
-222
102
-235
-21
-249
94
-235
-20
-148
46
-223
-140
-79
72
-228
8
-223
96
-255
-6
-211
103
-243
58
-178
80
-249
-21
-227
117
-249
75
-231
70
-211
-183
-144
64
-232
-15
-140
30
-246
-143
-246
0
-213
34
-91
82
-243
-89
-234
0
-243
45
-250
51
-236
-108
-90
0
-212
26
-168
0
