-228
-254
-254
-124
-247
-253
-254
-130
-248
-218
-254
106
-230
-249
-255
-81
-253
-246
-255
-93
-240
-243
-254
41
-227
-252
-253
-116
-248
-249
-255
118
-249
-225
-254
69
-244
-254
-253
-124
-242
-191
-252
0
-248
-248
-110
115
-229
-255
-255
105
-241
-167
-255
137
-250
-251
-255
-126
-252
-242
-254
-115
-248
-182
-166
-137
-250
-187
-254
86
-246
-255
-255
90
-230
-255
-254
-51
-250
-239
-254
-215
-239
-252
-251
-11
-236
-255
-254
-102
-231
-251
-254
115
-216
-234
-255
255
-242
-254
-255
-161
-250
-253
-254
0
-245
-159
-172
-77
-246
-250
-124
-132
-233
-168
-253
-188
-250
-254
-254
-58
-252
-69
-254
0
-239
-253
-253
-113
-243
-251
-255
97
-255
-254
-254
-77
-212
-250
-253
105
-250
-246
-253
0
-237
-226
-255
130
-252
-220
-255
184
-241
-243
-253
-137
-240
-254
-254
236
-225
-255
-255
-255
-254
-239
-254
139
-158
-255
-255
-4
-225
-254
-255
178
-211
-242
-254
98
-244
-242
-254
74
-232
-253
-255
-51
-239
-252
-255
191
-231
-244
-255
-89
-234
-255
-249
-8
-237
-222
-253
-55
-251
-255
-254
-114
-232
-237
-254
0
-211
-167
-254
91
-238
-253
-253
-106
-246
-250
-255
74
-231
-245
-255
-119
-244
-247
-255
0
-232
-238
-237
115
-240
-246
-254
83
-216
-206
-255
58
-209
-242
-254
81
-240
-254
-255
15
-248
-227
-253
148
-248
-225
-255
-72
-243
-254
-255
-130
-239
-225
-255
123
-248
-248
-253
159
-252
-211
-254
-204
-223
-186
-254
44
-248
-247
-255
-133
-239
-253
-255
-153
-224
-254
-252
107
-236
-253
-255
-222
-237
-158
-255
106
-218
-182
-255
180
-240
-222
-253
0
-248
-198
-253
70
-197
-245
-254
0
-243
-200
-255
87
-252
-249
-255
0
-233
-211
-255
151
-212
-253
-254
-8
-241
-252
-255
0
-249
-228
-255
119
-217
-249
-254
96
-229
-255
-246
98
-208
-245
-207
112
-206
-234
-254
36
-203
-254
-254
-255
-249
-211
-254
178
-243
-255
-254
102
-240
-153
-255
65
-200
-251
-255
-232
-245
-247
-254
69
-240
-183
-255
-137
-247
-255
-254
-102
-234
-253
-252
79
-228
-232
-254
-83
-242
-254
-255
-135
-249
-241
-253
109
-237
-226
-255
255
-248
-252
-255
0
-247
-255
-255
-102
-243
-255
-254
155
-250
-236
-255
48
-234
-251
-255
57
-255
-254
-255
23
-237
-225
-254
97
-251
-235
-254
102
-227
-244
-255
-126
-132
-194
-248
-91
-254
-241
-255
-126
-239
-251
-255
111
-252
-194
-255
156
-250
-237
-254
125
-253
-241
-254
93
-253
-180
-255
86
-253
-255
-238
98
-165
-246
-253
-196
-238
-247
-254
-102
-254
-254
-254
194
-249
-254
-254
-255
-253
-238
-255
39
-174
-249
-254
115
-216
-251
-254
79
-250
-250
-254
0
-246
-217
-239
30
-249
-246
-255
81
-233
-245
-253
-144
-254
-220
-255
-98
-248
-251
-255
8
-246
-143
-253
0
-248
-218
-254
76
-243
-192
-236
-181
-215
-238
-255
154
-240
-221
-255
-105
-236
-251
-254
-158
-225
-253
-252
49
-243
-244
-255
22
-251
-252
-254
72
-238
-162
-255
119
-231
-251
-255
0
-251
-254
-253
95
-228
-175
-245
-77
-249
-245
-252
-165
-248
-243
-254
-88
-223
-240
-255
128
-245
-224
-254
91
-242
-252
-255
-198
-247
-181
-254
-70
-255
-255
-255
-231
-246
-243
-255
-104
-252
-248
-255
-13
-226
-232
-254
-43
-250
-229
-229
101
-251
-252
-254
94
-244
-254
-255
0
