-244
-212
-203
47
-227
-228
-228
-228
-52
-99
-231
-254
-254
-243
-252
-247
-253
-250
-206
-233
-237
-251
-137
-254
-253
-255
-254
-255
-254
-253
-251
-124
-254
-242
-220
111
-248
-247
-249
-247
-83
-128
-251
-252
-253
-252
-194
-255
-254
-254
-254
-241
-221
-168
-222
-254
-248
-255
-254
-253
-254
-244
-249
-130
-253
-244
-223
-75
-248
-248
-248
-248
-63
-159
-246
-254
-218
-243
-251
-253
-253
-253
-242
-202
-135
-143
-158
-252
-248
-255
-248
-254
-254
-238
-248
106
-238
-119
-194
-202
-211
-230
-224
-226
-99
-128
-250
-255
-249
-221
-255
-254
-244
-244
-242
-248
-229
-244
-240
-255
-252
-255
-249
-255
-255
-252
-253
-81
-249
-200
-121
-66
-253
-253
-253
-253
-52
-255
-255
-255
-246
-253
-255
-255
-254
-253
-253
-237
-243
-244
-255
-254
-246
-255
-254
-254
-255
-233
-250
-93
-252
-185
-206
171
-243
-240
-247
-248
-80
-121
-248
-255
-243
-177
-255
-252
-228
-228
-235
-231
-219
-199
-209
-254
-247
-255
-252
-254
-254
-249
-243
41
-249
-209
-196
213
-230
-227
-224
-227
-70
-118
-253
-255
-252
-202
-255
-247
-198
-218
-226
-210
-235
-239
-224
-254
-247
-255
-254
-254
-253
-221
-251
-116
-228
-23
-149
53
-248
-248
-249
-248
-82
64
-254
-254
-249
-248
-254
-252
-239
-249
-251
-252
-252
-253
-246
-255
-254
-255
-255
-255
-255
-250
-254
118
-251
-233
-224
-122
-249
-249
-249
-249
-36
-165
-250
-252
-225
-250
-253
-247
-252
-250
-243
-231
-239
-246
-250
-255
-254
-255
-252
-255
-254
-252
-250
69
-206
-158
-71
222
-241
-244
-245
-243
-54
-128
-225
-255
-254
-251
-254
-220
-254
-253
-230
-229
-240
-250
-218
-255
-251
-255
-254
-254
-253
-243
-244
-124
-248
-224
-85
154
-241
-242
-243
-241
-58
-96
-255
-253
-191
-247
-255
-253
-245
-245
-210
19
-71
64
-186
120
-55
-248
-241
-238
-252
54
-210
0
-254
-178
-199
151
-248
-248
-247
-248
-57
-90
-231
-254
-248
-248
-254
-247
-247
-243
-241
-215
-226
-240
-220
-254
-228
-254
-250
80
-110
-214
-236
115
-208
-200
-227
155
-228
-229
-229
-230
-46
0
-255
-255
-255
-227
-255
-231
-243
-141
-142
-168
-240
-244
-153
-254
-252
-255
-253
-255
-255
-251
-251
105
-233
-201
-157
156
-241
-241
-241
-241
-59
-120
-251
-254
-167
-237
-255
-253
-243
-251
-242
-58
-44
-32
-170
-254
-244
-255
-254
-254
-255
-233
-247
137
-253
-232
-197
149
-250
-250
-251
-250
-18
-25
-250
-255
-251
-231
-255
-255
-249
-246
-252
-252
-253
-244
-247
-255
-249
-255
-254
-255
-255
-246
-252
-126
-254
-218
-181
222
-253
-252
-252
-252
-51
-32
-253
-255
-242
-232
-254
-254
-239
-245
-251
-234
-229
-201
-239
-255
-253
-255
-254
-254
-254
-248
-251
-115
-253
-223
-198
74
-248
-248
-249
-248
-95
-85
-243
-245
-182
-244
-243
-251
-251
-251
-247
-109
-111
-75
-152
-254
-227
-255
-251
-253
-166
-231
-241
-137
-223
-39
-103
247
-245
-250
-246
-249
-38
0
-249
-252
-187
80
-246
-242
-94
-206
-232
-243
-244
-207
-243
-254
-240
-255
-254
-254
-254
-206
-251
86
-246
-197
-178
19
-246
-246
-246
-246
-58
-106
-248
-255
-255
-215
-255
-252
-247
-226
-236
-248
-251
-254
-241
-251
-248
-255
-254
-254
-255
-246
-251
90
-249
-242
-225
152
-230
-230
-231
-232
-60
-128
-252
-255
-255
-254
-205
-249
-204
-208
-251
-248
-247
-252
-185
-254
-237
-254
-253
-250
-254
-244
-249
-51
-233
-201
-181
232
-245
-250
-251
-248
-64
-255
-251
-254
-239
-242
-254
-254
-249
-251
-253
-239
-242
-222
-254
-254
-242
-255
-252
-252
-254
-199
-247
-215
-238
-134
-173
47
-239
-239
-240
-240
-44
-165
-181
-253
-252
-226
-248
-226
-237
-226
-209
-211
-200
-227
-192
-251
-92
-177
147
-244
-251
-105
-221
-11
-247
-251
-206
220
-230
-236
-239
-234
-57
-57
-253
-255
-255
-253
-198
-250
-221
-233
-252
-250
-248
-247
-124
-254
-240
-254
-254
-252
-254
-245
-247
-102
255
142
-232
-70
-230
-231
-232
-230
-32
-18
-209
-247
-251
-243
-253
-245
-237
-246
-249
-243
-243
-243
-243
-254
-230
-255
-254
-254
-254
-240
-251
115
-230
-213
-208
-129
-214
-216
-217
-215
-28
-128
-242
-254
-234
-207
-249
-246
-247
-234
-244
-200
-220
-200
-202
-255
-250
-255
-255
-254
-255
-244
-251
255
-239
-217
-200
160
-242
-242
-243
-243
-59
-149
-240
-255
-254
-178
-254
-252
-232
-69
-206
-250
-251
-251
-251
-255
-252
-255
-254
-253
-255
-251
-252
-161
-242
-204
-142
240
-247
-250
-251
-250
-65
-113
-250
-255
-253
-244
-251
-203
-252
-252
-207
0
-158
-187
61
-248
-142
-234
-228
-251
-254
-178
-235
0
-254
-195
-207
161
-246
-245
-244
-245
-82
-175
-221
-248
-159
-225
-250
-252
-248
-250
-247
-141
-98
-74
-137
-254
-218
-255
-253
-252
-172
-228
-243
-77
-212
-103
-201
160
-246
-246
-246
-247
-40
-140
-253
-188
-250
-251
-248
-121
-89
-183
-235
-181
-168
-176
-243
-253
-226
-234
-228
-9
-124
-170
-238
-132
-255
-248
-199
234
-249
-233
-248
-236
-62
-64
-194
-253
-168
-22
-248
-248
-227
-211
-232
-203
-220
-122
-182
-255
-248
-254
-251
-251
-253
-217
-253
-188
-253
-227
-202
-89
-249
-250
-250
-250
-10
-80
-235
-242
-254
-253
-252
-247
-243
-250
-249
-227
-217
-223
-253
-254
-250
-251
-244
-255
-254
-244
-245
-58
-254
-238
-208
245
-253
-252
-253
-252
-60
-112
-219
-215
-69
-118
-230
-218
-249
-249
-246
-207
-186
-182
-230
-254
-252
-255
-249
-255
-254
-250
-245
0
-229
-135
-76
154
-238
-239
-241
-238
-62
-116
-237
-254
-253
-249
-254
-211
-254
-252
-244
-232
-247
-247
-236
-254
-251
-255
-254
-254
-253
-244
-241
-113
-246
-240
-85
26
-242
-243
-242
-242
-62
-255
-253
-255
-251
-205
-254
-250
-236
-229
-242
-253
-239
-238
-244
-255
-250
-255
-254
-255
-255
-232
-254
97
-250
-204
-195
246
-255
-255
-255
-255
-50
-32
-226
-254
-254
-132
-251
-254
-197
-191
-246
-250
-246
-234
-234
-253
-252
-255
-254
-255
-254
-252
-250
-77
-255
-246
-155
245
-212
-212
-213
-211
-87
-77
-208
-255
-250
68
-254
-232
-214
-195
-183
-243
-241
-247
-175
-255
-245
-247
-241
-252
-253
-238
-252
105
-241
-201
-148
246
-236
-250
-238
-247
-59
-68
-250
-252
-246
-243
-205
-239
-248
-242
-226
-162
-225
-226
-241
-254
-246
-254
-254
-254
-253
-229
-245
0
-249
-149
-120
-58
-237
-237
-237
-237
-55
-102
-248
-252
-226
-236
-247
-246
-254
-253
-224
-94
-179
-188
-213
-254
-247
-255
-255
-254
-255
-243
-250
130
-255
-250
-210
-119
-252
-252
-252
-252
-27
0
-68
-235
-220
-107
-238
-234
-246
-224
-232
-234
-225
-227
-163
-253
-248
-244
-245
-254
-255
-246
-252
184
-210
124
-166
-121
-241
-241
-241
-241
-74
0
-236
-219
-243
-249
-249
-213
-211
-210
-209
-210
-202
-150
-244
-254
-250
-250
-242
-254
-253
-226
-253
-137
-234
-171
-204
-70
-239
-240
-240
-240
-33
-159
-253
-255
-254
-234
-255
-251
-241
-241
-234
-238
-230
-191
-247
-255
-252
-255
-242
-253
-254
-247
-251
236
-230
-237
-200
53
-224
-225
-227
-226
-34
-165
-255
-255
-255
-255
-255
-180
-254
-252
-227
59
-67
-189
-40
-254
-252
-255
-252
-255
-255
-252
-251
-255
-254
-194
-203
9
-255
-254
-255
-255
-33
-118
-220
-245
-239
-200
-240
-224
-253
-253
-251
-113
-162
-142
-189
-250
-243
-248
-242
-254
-254
-236
-242
139
-229
-203
-224
57
-150
-158
-158
-155
-73
-85
-220
-255
-255
-250
-252
-231
-250
-241
-139
-117
-197
-236
-211
-255
-251
-255
-254
-254
-255
-251
-253
-4
-213
-115
-175
-125
-223
-225
-225
-224
-66
-64
-245
-255
-254
-217
-215
-243
-225
-197
-224
-192
-186
-190
-145
-251
-248
-255
-252
-255
-255
-248
-244
178
-200
-97
-194
143
-212
-211
-214
-216
-61
-105
-250
-254
-242
-215
-254
-250
-227
-229
-242
-222
-225
-205
-216
-254
-246
-255
-254
-254
-254
-232
-246
98
-252
-224
-212
220
-230
-244
-233
-241
-36
-149
-204
-246
-242
-238
-210
-254
-253
-251
-251
-243
-230
-208
-209
-254
-245
-254
-254
-253
-254
-240
-248
74
-238
-228
-222
-136
-232
-232
-232
-232
-4
-102
-243
-252
-253
-246
-213
-249
-240
-251
-251
-249
-246
-241
-209
-254
-247
-255
-254
-255
-255
-249
-251
-51
-168
-91
-202
-67
-239
-239
-240
-239
-51
212
-250
-255
-252
-227
-234
-239
-231
-237
-212
-190
-149
-83
-157
-255
-252
-255
-254
-255
-255
-251
-252
191
-248
-188
-210
-48
-229
-231
-231
-230
-91
-55
-207
-240
-244
-228
-238
-234
-249
-243
-225
-199
-236
-204
-141
-254
-250
-255
-254
-255
-255
-244
-248
-89
-254
-192
-199
216
-235
-234
-235
-234
-85
-85
-248
-255
-255
-253
-254
-233
-254
-254
-181
-231
-241
-248
-119
-251
-240
-255
-161
-252
-249
-231
-210
-8
-234
-158
-186
232
-241
-237
-231
-234
-58
-64
-250
-251
-222
-199
-251
-252
-224
-245
-223
-219
-171
-174
-160
-246
-244
-254
-235
-254
-253
-244
-156
-55
-236
-219
-177
248
-240
-251
-242
-249
-58
-61
-255
-255
-255
-225
-254
-218
-235
-163
-178
-187
-227
-225
54
-254
-251
-255
-251
-255
-254
-249
-251
-114
-250
-240
-218
-80
-231
-232
-232
-231
1
-111
-182
-252
-237
-238
-250
-249
-243
-244
-246
-225
-221
-217
-235
-254
-229
-252
-251
-252
-254
-238
-251
0
-254
-249
-199
129
-216
-211
-221
-209
11
-102
-213
-250
-167
-59
-236
-232
-200
-212
-236
-196
-160
-104
-82
-255
-252
-255
-255
-254
-254
-243
-254
91
-241
-128
-144
24
-237
-238
-238
-237
-59
-64
-245
-255
-253
-228
-254
-242
-249
-244
-245
-224
-247
-248
-246
-254
-252
-255
-253
-254
-253
-244
-245
-106
-253
-226
-216
112
-245
-246
-247
-247
-96
-102
-232
-254
-250
-248
-218
-253
-252
-253
-251
-230
-192
-178
-176
-254
-250
-255
-255
-253
-255
-245
-249
74
-254
-229
-197
128
-228
-231
-230
-227
-70
-96
-252
-255
-245
-236
-255
-255
-250
-252
-254
-251
-245
-222
-246
-255
-248
-255
-254
-254
-255
-243
-251
-119
-251
-201
-199
193
-242
-244
-245
-244
-65
-128
-188
-251
-247
-244
-143
-249
-253
-253
-253
-243
-239
-226
-248
-255
-240
-254
-254
-253
-255
-147
-250
0
-240
-185
-197
91
-231
-232
-232
-232
-56
-93
30
-238
-238
-229
-250
-250
-249
-246
-237
-207
-219
-231
-210
-255
-236
-255
-253
-213
-237
-243
-249
115
-226
-199
-197
159
-240
-240
-241
-241
-59
-128
-231
-253
-246
-200
-248
-252
-231
-223
-233
-229
-244
-212
-233
-253
-248
-255
-251
-255
-254
-218
-251
83
-252
-239
-222
-73
-215
-216
-216
-216
-55
-157
-234
-255
-206
-217
-254
-253
-247
-243
-245
-208
-193
-106
-187
-255
-249
-255
-241
-254
-255
-235
-252
58
-254
-231
-202
242
-209
-209
-209
-208
-50
-42
-184
-251
-242
255
-248
-125
255
-43
-179
-182
-170
-175
-125
-255
-238
-254
-251
-254
-254
-242
-250
81
-208
-196
-34
95
-239
-240
-241
-240
-57
-85
-252
-255
-254
-192
-255
-251
-160
-197
-247
-249
-250
-250
-244
-255
-240
-254
-253
-254
-255
-252
-252
15
-244
-206
-203
248
-248
-248
-248
-247
-58
-153
190
-241
-227
-231
-241
-251
-244
-246
-250
-221
-217
-184
-238
-255
-120
-255
-254
-253
-253
-245
-250
148
-254
-246
-210
232
-236
-248
-238
-245
-58
-51
-209
-253
-225
-144
-251
-243
-218
-212
-217
-199
-194
-180
-125
-254
-245
-255
-246
-254
-255
-228
-250
-72
-242
-205
-204
-28
-243
-243
-243
-243
-64
-80
-213
-254
-254
-253
-210
-245
-255
-255
-254
-232
-195
-151
-250
-253
-246
-255
-254
-254
-255
-238
-250
-130
-253
-225
-218
-119
-238
-239
-239
-238
-103
-156
-174
-234
-225
-208
-214
-253
-252
-252
-249
-219
-215
-189
-210
-255
-253
-255
-255
-254
-255
-251
-253
123
-248
-209
-229
-71
-248
-248
-248
-248
-79
-85
-166
-247
-248
-205
-252
-251
-235
-240
-226
-239
-247
-254
-241
-255
-251
-255
-253
-255
-253
-251
-251
159
-254
-243
-193
139
-252
-252
-252
-252
-75
-128
-252
-253
-211
-192
-253
-253
-238
-250
-236
-250
-243
-207
-240
-254
-252
-255
-250
-255
-254
-251
-239
-204
-226
-150
-187
42
-222
-223
-225
-223
-77
-73
-231
-251
-186
-212
-246
-246
-246
-249
-232
-58
-95
-179
-193
-254
-237
-254
-254
-254
-254
-230
-245
44
-253
-230
-200
-76
-248
-248
-248
-248
-107
-109
-253
-253
-247
-238
-253
-255
-251
-254
-255
-254
-252
-246
-252
-255
-251
-255
-254
-255
-255
-251
-254
-133
-245
-242
-202
24
-238
-239
-238
-238
-71
-128
-253
-255
-253
-244
-226
-205
-251
-251
-234
-197
-195
-213
-229
-254
-243
-254
-254
-254
-255
-245
-246
-153
-156
-110
-215
-78
-223
-224
-223
-223
-84
-85
-253
-255
-254
-249
-180
-247
-250
-246
-236
-168
-140
-147
-222
-254
-248
-255
-251
-254
-252
-247
-242
107
-234
-224
-77
54
-236
-236
-237
-235
-57
-255
-252
-255
-253
-199
-255
-252
-217
-228
-244
-242
-249
-248
-245
-255
-251
-255
-253
-255
-255
-226
-254
-222
-255
-247
-192
-79
-236
-237
-237
-237
-41
0
-176
-238
-158
-102
-242
-243
-231
-245
-247
-187
-183
-161
-222
-253
-249
-253
-253
-254
-255
-246
-254
106
-165
-99
-150
-77
-216
-218
-217
-216
-61
-255
-239
-249
-182
-166
-214
-253
-247
-248
-224
-181
-190
-153
-164
-254
-243
-255
-255
-254
-255
-234
-248
180
-251
-246
-189
-132
-240
-240
-240
-240
-75
-51
-206
-253
-222
-226
-252
-248
-250
-248
-253
-240
-238
-226
-246
-255
-252
-255
-252
-255
-253
-251
-251
0
-251
-195
-180
-149
-247
-248
-248
-248
22
-70
-254
-254
-198
-220
-254
-254
-233
-233
-240
-98
-40
-133
-105
-77
-176
-253
-251
-248
-253
-132
-234
70
-254
-229
-200
240
-204
-197
-202
-199
36
-116
-204
-247
-245
-232
-201
-244
-249
-250
-250
-210
-99
-101
-65
-252
-250
-255
-253
-253
-254
-246
-248
0
-254
-245
-217
176
-244
-243
-243
-243
-88
-133
-246
-255
-200
-249
-254
-254
-252
-253
-253
-165
-179
-173
-210
-254
-247
-255
-255
-254
-255
-241
-251
87
-255
-216
-207
25
-251
-252
-251
-252
-20
-113
5
-252
-249
-244
-246
-212
-254
-253
-238
-217
-220
-230
-225
-250
-224
-254
-254
-252
-255
-190
-249
0
-223
-150
-233
-137
-231
-233
-232
-232
-63
-255
-254
-255
-211
-239
-253
-253
-247
-252
-246
-222
-234
-188
-212
-254
-247
-255
-255
-255
-255
-247
-251
151
-232
-206
-217
146
-221
-212
-225
-211
10
-196
-252
-254
-253
-252
-215
-219
-254
-255
-252
-101
12
-12
-230
-252
-241
-254
-253
-254
-254
-235
-244
-8
-217
-137
-199
-135
-240
-241
-241
-240
-22
128
-255
-255
-252
-250
-251
-248
-253
-251
-113
-202
-218
-192
-214
-254
-253
-255
-253
-255
-255
-252
-251
0
-255
-170
-205
-98
-243
-249
-247
-250
-65
-107
-247
-254
-228
-240
-255
-254
-245
-245
-251
-237
-154
-135
-193
-255
-252
-255
-251
-255
-255
-251
-252
119
-231
-133
-171
-128
-217
-217
-218
-217
-65
-139
-245
-255
-249
-248
-254
-252
-249
-252
-252
-243
-228
-242
-235
-255
-254
-255
-255
-253
-254
-251
-254
96
-250
-172
-177
-30
-229
-229
-229
-229
-64
-164
-251
-255
-255
-248
-255
-248
-248
-243
-224
-230
-236
-243
-199
-246
-243
-255
-204
-250
-246
-243
-186
98
-254
-248
-213
69
-206
-208
-208
-207
-21
-140
-231
-255
-245
-183
-250
-216
-235
-245
-219
-93
-74
-118
-59
-255
-222
-244
-239
-244
-207
-222
-251
112
-247
-38
-172
-198
-231
-206
-234
-248
-59
-146
-239
-254
-234
-240
-253
-253
-240
-245
-242
-225
-183
-195
-210
-253
-250
-255
-251
-254
-254
-251
-241
36
-248
-210
-205
-90
-199
-203
-203
-201
-70
-135
-239
-255
-254
-204
-254
-231
-228
-143
-226
-214
-243
-254
-219
-240
-253
-255
-255
-252
-254
-252
-252
-255
-242
-150
-157
161
-250
-249
-250
-250
-59
-106
-242
-252
-211
-241
-254
-248
-248
-243
-187
-89
-199
-196
-219
-254
-244
-255
-255
-254
-254
-235
-247
178
-222
-186
-30
-54
-243
-243
-243
-243
-55
-64
-245
-255
-255
-236
-255
-246
-248
-250
-247
-245
-253
-251
-250
-255
-254
-255
-255
-255
-254
-248
-249
102
-176
-123
-152
155
-239
-240
-241
-239
-58
-137
-255
-254
-153
40
-252
-252
-152
-207
-240
-250
-251
-245
-239
-255
-239
-255
-254
-254
-255
22
-252
65
-241
-255
47
151
-213
-200
-217
-198
-69
-255
-255
-255
-251
-197
-255
-247
-217
-212
-235
-203
-223
-251
-212
-255
-249
-255
-254
-255
-255
-231
-253
-232
-249
-207
-219
-103
-245
-245
-245
-245
-26
-182
-237
-250
-247
-245
-229
-253
-253
-253
-253
-247
-232
-228
-221
-254
-252
-255
-254
-254
-254
-251
-251
69
-253
-96
-175
219
-244
-240
-238
-241
-55
-128
-227
-243
-183
-212
-236
-232
-233
-221
-195
-158
-145
-123
-206
-254
-250
-255
-253
-254
-255
-243
-250
-137
-247
-251
-206
-53
-246
-247
-247
-247
-46
-100
-254
-255
-255
-252
-188
-243
-237
-247
-253
-248
-247
-245
-213
-254
-232
-254
-254
-246
-254
-245
-251
-102
-238
-138
-143
-76
-233
-234
-234
-233
33
-98
-251
-255
-253
-221
-255
-246
-220
-214
-217
-237
-252
-250
-230
-248
13
255
120
-231
-252
121
-220
79
-252
-248
-213
-32
-228
-228
-228
-227
-59
-90
-216
-252
-232
63
-249
-230
-31
-123
-126
-218
-225
-197
-184
-255
-248
-255
-254
-254
-254
-247
-251
-83
-235
-195
-208
-25
-241
-242
-242
-241
-51
0
-255
-255
-254
-204
-255
-245
-192
-156
-248
-221
-207
-219
-248
-255
-252
-255
-253
-255
-255
-253
-252
-135
-229
-133
-183
99
-249
-249
-250
-249
-74
-96
-252
-254
-241
-253
-255
-253
-253
-253
-248
-185
-174
-238
-242
-254
-247
-254
-252
-254
-253
-238
-243
109
-254
-196
-168
26
-236
-237
-238
-236
-59
-128
-251
-255
-226
-241
-255
-252
-248
-250
-245
-109
-190
-176
-228
-254
-246
-255
-254
-254
-255
-240
-244
255
-230
-13
-142
-28
-248
-248
-248
-247
-68
0
-210
-255
-252
-231
-255
-244
-226
-218
-214
-240
-250
-247
-230
-255
-242
-237
-234
-254
-255
-247
-253
0
-251
-244
-222
-130
-246
-247
-247
-246
-78
-85
-253
-255
-255
-254
-221
-250
-224
-240
-254
-251
-250
-247
-198
-254
-247
-255
-254
-254
-255
-249
-250
-102
-250
-224
-163
150
-242
-243
-244
-242
-55
-143
-234
-255
-255
-253
-252
-193
-255
-254
-248
-99
1
-145
-114
-255
-249
-255
-254
-255
-254
-236
-252
155
-253
-246
-204
-72
-249
-250
-250
-249
-39
-153
-247
-254
-236
-194
-253
-253
-235
-242
-240
-231
-194
-190
-228
-255
-249
-255
-253
-255
-255
-243
-252
48
-250
-250
-238
-133
-234
-234
-236
-234
-61
-255
-255
-255
-251
-224
-255
-255
-248
-249
-251
-246
-245
-244
-251
-255
-253
-255
-254
-255
-255
-249
-254
57
-251
-109
-132
-116
-255
-255
-255
-255
-85
-36
-192
-255
-254
-240
-253
-237
-252
-232
-230
-226
-238
-245
-204
-255
-252
-255
-255
-255
-255
-255
-254
23
-254
-175
-118
-133
-236
-237
-237
-237
-83
-255
-254
-253
-225
-239
-254
-254
-250
-251
-226
-218
-191
-205
-224
-254
-157
-254
-253
-251
-254
-247
-248
97
-253
-241
-216
94
-251
-251
-251
-251
-22
-85
-249
-254
-235
-151
-254
-244
-234
-236
-250
-244
-249
-247
-248
-254
-253
-255
-249
-255
-254
-252
-248
102
-248
-221
-203
123
-231
-227
-236
-227
-58
-182
-239
-252
-244
-234
-252
-254
-252
-253
-253
-246
-243
-230
-239
-255
-248
-255
-254
-254
-255
-244
-252
-126
-247
-216
-213
-52
-114
-132
-150
-149
-203
-116
-176
-252
-194
-227
-253
-254
-252
-248
-245
-197
-146
-107
-130
-254
-245
-255
-252
-254
-248
-240
-249
-91
-254
-233
-212
54
-254
-254
-254
-254
9
-30
-233
-248
-241
-242
-209
-252
-252
-254
-252
-232
-210
-208
-147
-254
-250
-255
-254
-254
-255
-246
-250
-126
-232
-199
-171
-121
-237
-239
-239
-238
-62
-42
-254
-255
-251
-217
-255
-250
-234
-229
-241
-243
-239
-243
-241
-255
-250
-255
-255
-254
-255
-242
-252
111
-253
-199
-170
56
-252
-252
-252
-252
-53
-46
-249
-253
-194
-217
-251
-253
-230
-237
-244
-91
-40
-203
-179
-255
-251
-255
-254
-254
-255
-248
-252
156
-255
-252
-215
-133
-250
-250
-250
-250
-177
-150
-246
-253
-237
-114
-252
-242
-242
-247
-246
-236
-235
-198
-231
-255
-235
-199
-214
-253
-254
-227
-254
125
-254
-242
-219
-126
-253
-253
-253
-253
-8
-146
-131
-246
-241
-17
-245
-229
-167
-106
-183
-232
-235
-228
-221
-255
-247
-255
-254
-254
-254
-247
-251
93
-221
-247
13
237
-247
-253
-254
-252
-52
-255
-254
-255
-180
-215
-254
-253
-234
-243
-234
45
-115
-27
-183
-254
-239
-255
-254
-253
-255
-226
-241
86
-251
-183
-198
155
-253
-253
-253
-253
-72
-64
-252
-255
-255
-254
-254
-234
-254
-253
-248
-215
-174
-204
-173
-187
-173
-255
164
-251
-238
-233
197
98
-251
-247
-220
116
-187
-165
-192
-165
-60
-191
-209
-249
-246
167
-246
-134
-55
59
-137
-215
-241
-222
-96
-255
-246
-255
-254
-251
-253
-242
-251
-196
-253
-217
-209
123
-238
-238
-237
-238
-63
-75
-45
-249
-247
-239
-247
-165
-243
-249
-232
-215
-180
-219
-240
-254
-221
-254
-254
-252
-254
-195
-248
-102
-249
-157
-74
-132
-254
-254
-254
-254
41
-255
-203
-255
-254
-234
-253
-252
-251
-244
-251
-250
-253
-255
-251
-255
-253
-255
-254
-255
-254
-249
-250
194
-254
-245
-200
46
-248
-249
-249
-249
-132
-80
-254
-248
-254
-255
-253
-252
-251
-253
-250
-217
-192
-236
-253
-254
-243
-201
-103
-254
-254
-214
-245
-255
-254
-241
-180
-132
-253
-253
-253
-253
27
-91
-252
-255
-238
-249
-255
-254
-251
-252
-253
-204
-196
-243
-227
-255
-249
-255
-255
-254
-255
-246
-253
39
-241
-187
-229
-94
-167
-174
-169
-171
-4
-170
-7
-250
-249
-248
-248
-232
-254
-251
-249
-233
-235
-185
-248
-255
-232
-254
-252
-254
-254
-225
-250
115
-226
-178
-198
-147
-215
-216
-216
-215
-24
-157
-253
-254
-251
-242
-238
-251
-245
-244
-232
-159
-184
-166
-198
-251
-249
-255
-253
-254
-254
-249
-245
79
-218
-39
-160
-70
-250
-250
-250
-250
-57
-36
-241
-254
-250
-248
-250
-253
-250
-251
-254
-253
-254
-249
-249
-255
-254
-255
-255
-255
-254
-249
-253
0
-252
-172
-203
-186
-246
-246
-246
-246
-130
-148
-245
-246
-217
-243
-254
-255
-253
-252
-249
-176
-210
-213
-219
-254
-245
-255
-252
-254
-239
-246
-246
30
-250
-200
-206
-64
-249
-249
-250
-250
-25
-128
-253
-254
-246
-227
-236
-238
-245
-227
-195
-147
-107
-42
-68
-254
-252
-255
-254
-254
-255
-250
-251
81
-227
-206
-105
52
-232
-233
-234
-232
-59
-93
-231
-253
-245
-219
-251
-247
-248
-242
-244
-254
-255
-255
-246
-255
-252
-255
-254
-254
-253
-241
-248
-144
-255
-226
-216
37
-254
-254
-254
-254
-177
-85
-157
-249
-220
17
-242
-207
-162
-213
-82
-193
-148
-65
-113
-255
-246
-254
-253
-255
-255
-245
-252
-98
-252
-193
-185
-132
-247
-248
-248
-248
191
-255
-254
-254
-251
-235
-249
-231
-221
-209
-219
-114
-229
-237
-179
-254
-254
-255
-253
-255
-255
-254
-253
8
-160
88
-91
250
-244
-246
-247
-246
-62
-255
-125
-210
-143
121
-164
-134
-114
-221
-240
-184
-164
-235
-177
-254
-236
-253
-252
-250
-253
-203
-245
0
-244
-204
-138
-70
-247
-248
-248
-248
-67
-128
-255
-254
-218
-245
-255
-255
-251
-251
-249
-190
-165
-162
-213
-254
-251
-255
-255
-255
-254
-247
-249
76
-248
-207
-220
-46
-242
-243
-243
-242
-66
-113
-230
-239
-192
-210
-251
-254
-250
-251
-251
-211
-154
-118
-179
-254
-243
-255
-252
-254
-236
-242
-245
-181
-252
-250
-244
148
-213
-215
-217
-219
-60
-116
-255
-255
-238
-221
-255
-254
-246
-246
-250
-239
-234
-219
-248
-254
-250
-255
-249
-254
-255
-224
-252
154
-253
-250
-195
220
-236
-240
-243
-239
-66
-112
-232
-254
-221
-58
-249
-243
-203
-216
-225
-205
-149
-155
-115
-251
-240
-254
-253
-254
-255
-224
-252
-105
-228
-158
-217
44
-235
-236
-237
-235
-56
-119
-255
-204
-251
-254
-254
-140
-157
-161
-246
-230
-188
-178
-237
-254
-244
-225
-213
-254
-254
-208
-252
-158
-209
-234
-34
-78
-224
-225
-225
-225
-51
255
-254
-255
-253
-228
-254
-246
-222
-234
-228
-237
-223
-232
-232
-251
-124
-166
-28
-245
-252
-167
-237
49
-244
-205
-187
-140
-243
-243
-243
-243
-87
-116
-254
-255
-244
-253
-255
-255
-254
-254
-255
-246
-235
-246
-255
-255
-250
-255
-254
-254
-255
-235
-253
22
-254
-227
-229
26
-250
-251
-251
-251
-62
-97
-243
-254
-252
-252
-236
-254
-250
-252
-254
-253
-246
-227
11
-252
-247
-254
-251
-254
-254
-246
-248
72
-226
-172
-199
245
-240
-238
-240
-238
-57
-164
-252
-251
-162
-183
-233
-226
-240
-239
-217
-148
-170
-21
-203
-254
-242
-255
-254
-254
-255
-228
-245
119
-242
-183
-221
-157
-230
-231
-231
-231
0
-164
-222
-253
-251
-251
-221
-250
-253
-254
-253
-236
-229
-231
-206
-255
-248
-255
-254
-254
-255
-214
-252
0
-254
-193
-212
153
-250
-251
-250
-250
-67
-170
-250
-255
-254
-247
-236
-123
-251
-253
-232
-73
-67
-153
-169
-253
-245
-255
-251
-254
-253
-234
-240
95
-253
-232
-202
115
-222
-228
-225
-227
-60
-119
-241
-253
-175
-239
-254
-255
-245
-252
-250
-152
115
-120
54
-254
-242
-255
-251
-254
-245
-238
-246
-77
-245
-198
-148
-23
-249
-249
-249
-249
-81
-78
-255
-213
-245
-251
-254
-199
-211
-185
-213
-192
-228
-199
-243
-254
-244
-233
-218
-251
-252
-232
-252
-165
-253
-150
-220
-97
-248
-248
-248
-251
-57
64
-249
-254
-243
-199
-253
-252
-230
-236
-227
-241
-241
-197
-225
-250
-244
-255
-250
-254
-254
-248
-216
-88
-235
-179
-206
-142
-221
-223
-223
-222
-35
-93
-245
-248
-240
-253
-226
-250
-253
-254
-252
-232
-210
-213
-245
-255
-252
-255
-254
-255
-255
-245
-252
128
-248
-196
-207
215
-245
-245
-245
-245
-59
153
-228
-250
-224
-199
-248
-238
-233
-241
-228
-111
-179
-160
-158
-253
-230
-254
-253
-252
-254
-225
-241
91
-255
-239
-181
-26
-241
-242
-242
-241
-68
-121
-255
-255
-252
-203
-254
-253
-239
-236
-248
-226
-234
-221
-249
-255
-251
-255
-254
-255
-255
-239
-254
-198
-253
-237
-214
142
-246
-247
-247
-246
-72
-128
-243
-254
-181
-210
-253
-241
-246
-244
-253
-238
-212
-223
-232
-254
-253
-255
-250
-255
-254
-251
-239
-70
-253
-161
-209
-52
-255
-255
-255
-255
-59
-89
-251
-255
-255
-254
-253
-139
-254
-253
-229
-119
-135
-192
-158
-254
-250
-255
-254
-254
-255
-247
-252
-231
-251
-236
-177
26
-245
-246
-246
-246
-62
-149
-247
-253
-243
-232
-253
-254
-249
-252
-252
-254
-248
-244
-249
-255
-250
-255
-255
-255
-255
-250
-253
-104
-231
255
32
223
-252
-252
-253
-252
-60
-128
-247
-253
-248
-238
-246
-251
-243
-252
-251
-251
-250
-245
-250
-255
-253
-254
-254
-255
-255
-247
-253
-13
-250
-177
-218
31
-166
-226
-200
-201
-57
-42
-241
-253
-232
-185
-254
-250
-226
-233
-235
-192
-188
-177
-187
-254
-245
-255
-252
-254
-254
-247
-242
-43
-255
-213
-198
-102
-250
-250
-250
-250
-30
-21
-241
-252
-229
-247
-254
-255
-253
-253
-247
-134
-167
-196
-134
-255
-243
-255
-252
-254
-229
-247
-249
101
-250
-95
-157
161
-250
-251
-250
-250
-63
-149
-238
-254
-252
-247
-252
-253
-239
-247
-252
-247
-248
-245
-251
-255
-247
-243
-234
-254
-254
-235
-236
94
-191
-181
54
243
-215
-244
-220
-239
-57
0
-249
-255
-254
-239
-254
-243
-243
-204
-106
-237
-247
-248
-198
-255
-224
-250
-248
-253
-255
-233
-249
0
