-124
-130
106
-81
-93
41
-116
118
69
-124
0
115
105
137
-126
-115
-137
86
90
-51
-215
-11
-102
115
255
-161
0
-77
-132
-188
-58
0
-113
97
-77
105
0
130
184
-137
236
-255
139
-4
178
98
74
-51
191
-89
-8
-55
-114
0
91
-106
74
-119
0
115
83
58
81
15
148
-72
-130
123
159
-204
44
-133
-153
107
-222
106
180
0
70
0
87
0
151
-8
0
119
96
98
112
36
-255
178
102
65
-232
69
-137
-102
79
-83
-135
109
255
0
-102
155
48
57
23
97
102
-126
-91
-126
111
156
125
93
86
98
-196
-102
194
-255
39
115
79
0
30
81
-144
-98
8
0
76
-181
154
-105
-158
49
22
72
119
0
95
-77
-165
-88
128
91
-198
-70
-231
-104
-13
-43
101
94
0
