-248
-174
-223
-166
-166
-168
-164
-59
-175
-220
-254
-240
-196
-223
-191
6
-16
-97
-252
-238
-251
62
-193
0
-203
-229
-111
-200
-186
-206
-183
-255
-255
-211
-253
-244
-215
-153
-214
-245
-247
-186
-175
-253
-254
-222
-251
0
-255
-245
-209
-254
-254
-254
-254
-128
-203
-243
-255
-255
-250
-252
-252
-178
-182
-218
-255
-253
-254
-218
-246
0
-249
-183
-207
-239
-240
-240
-240
-119
-247
-247
-207
-253
-243
-253
-254
-246
-243
-174
-254
-198
-252
-202
-251
0
-243
-49
-90
-254
-255
-254
-255
-73
-251
-239
-249
-250
-237
-251
-252
-251
-249
-247
-255
-255
-255
-246
-254
0
-255
-224
-212
-254
-254
-254
-254
-155
-254
-252
-254
-248
-253
-250
2
-253
-255
-217
-255
-255
-255
-252
-253
-119
-248
-193
-223
-237
-242
-244
-241
-85
255
95
255
255
74
255
255
137
-172
30
-255
-254
-254
-244
-246
0
-239
-171
-70
-246
-246
-246
-246
-167
-224
-247
-248
-227
-248
-248
-249
-178
-198
-238
-254
-253
-254
-228
-241
60
-239
-101
-193
-223
-225
-225
-224
-121
-244
-235
-236
-248
-250
-251
-250
-242
-230
-245
-255
-255
-255
-251
-255
0
-242
-177
-76
-239
-237
-240
-237
-255
-238
-242
-254
-255
-244
-250
-253
-216
-191
-243
-255
-221
-240
-245
-251
86
-254
-188
-204
-230
-232
-230
-231
-39
-254
-248
-186
-250
-243
-243
-241
-130
-31
-190
-255
-255
-255
-248
-246
44
-248
-193
-204
-233
-234
-234
-234
-134
-255
-253
-174
-222
-254
-254
-246
-128
-165
-185
-255
-254
-253
-231
-243
-3
-189
-131
-207
-237
-238
-238
-237
-118
-215
57
-253
-253
-143
-230
-252
-252
-250
-251
-254
-247
-250
-187
-226
0
-243
-178
-213
-219
-222
-222
-221
-255
-203
-203
-234
-252
-250
-244
-249
-105
-206
-166
-255
-254
-255
-244
-250
25
-243
-163
-208
-240
-242
-243
-245
-64
-235
-224
-255
-249
-241
-239
-234
-169
-212
-196
-255
-254
-254
-193
-234
-43
-208
-122
-194
-208
-210
-210
-209
-178
-252
-251
-236
-185
-254
-251
-221
-204
-238
-171
-255
-255
-255
-245
-250
0
-235
-140
-146
-243
-243
-243
-243
-109
-248
-253
-248
-196
-180
-204
-209
-170
-96
-248
-252
11
-55
-208
-233
-163
-253
-229
-170
-250
-250
-250
-250
-146
-244
-252
-255
-248
-252
-241
-218
-160
-209
-226
-251
-246
-254
-82
-234
32
-220
-89
-121
-246
-247
-247
-246
-128
-250
-253
-255
-251
-251
-253
-244
-235
-240
-251
-255
-255
-253
-244
-247
34
-252
-222
-205
-247
-249
-251
-252
-45
-181
-216
-255
-254
-223
-229
-186
-91
-60
-189
-252
-247
-252
-68
-219
0
-254
-242
-198
-253
-253
-253
-253
-73
-241
-253
-255
-254
-253
-253
-247
-215
-234
-230
-255
-254
-255
-246
-253
-35
-252
-243
-206
-213
-243
-219
-238
-153
-228
-251
-255
-248
-249
-244
-211
-180
-211
-231
-255
-254
-254
-238
-250
25
-207
-39
-216
-244
-245
-245
-244
-255
-220
-185
-197
-234
-250
-249
-245
-241
-233
-230
-255
-255
-255
-238
-255
0
-252
-211
-171
-252
-252
-252
-252
-150
-255
-254
-254
-226
-254
-253
-244
-237
-230
-217
-255
-255
-254
-250
-246
-8
-246
-210
-226
-203
-204
-208
-202
-85
-240
-239
-244
-240
-254
-255
-255
-61
-146
-252
-254
-254
-255
-207
-251
6
-251
-194
-205
-249
-250
-250
-249
-109
-246
-250
-255
-254
-253
-252
-253
-235
-241
-254
-255
-253
-255
-227
-250
-81
-243
-132
-207
-244
-244
-244
-244
-206
-249
-241
-254
-251
-247
-246
-241
-230
-221
-231
-255
-253
-254
-229
-251
56
-246
-171
-216
-233
-226
-237
-241
-128
-250
-231
-251
-247
-234
-221
-218
-227
-220
-182
-255
-253
-254
-249
-212
-37
-250
-140
-172
-238
-244
-242
-242
-55
-239
-219
-255
-251
-228
-237
-235
-224
-233
-227
-255
-254
-254
-250
-231
-48
-252
-173
-211
-249
-247
-249
-247
-70
-254
-254
-132
-252
-254
-254
-255
-246
-242
-239
-254
-251
-254
-101
-246
-68
-255
-251
-198
-244
-245
-245
-244
0
-183
-64
-254
-248
-210
-234
-233
-149
-125
-177
-255
-254
-255
-242
-254
0
-252
-202
-178
-245
-243
-242
-243
-78
-255
-252
-251
-220
-251
-248
-121
-156
-199
255
-255
-255
-255
-249
-250
-6
-197
-115
-161
-233
-233
-233
-233
0
-243
-248
-249
-254
-253
-252
-251
-242
-238
-253
-255
-254
-252
-241
-243
51
-231
-129
-217
-245
-244
-245
-246
-64
-254
-252
-205
-253
-247
-252
-254
-247
-236
-170
-254
-253
-254
-168
-249
-61
-237
-162
-187
-229
-231
-231
-230
77
-199
-187
-242
-248
-228
-233
-238
-195
-192
-224
-255
-254
-254
-247
-251
-51
-225
-221
-173
-247
-253
-254
-252
-128
-252
-244
-253
-14
-254
-251
-123
-172
-208
-15
-254
-254
-254
-231
-244
0
-255
-238
-209
-252
-252
-252
-252
-93
-211
-241
-255
-254
-238
-251
-252
-184
-200
-215
-255
-254
-254
-242
-251
-27
-219
34
-137
-251
-251
-251
-251
-128
-239
-42
-243
-243
-157
-207
-240
-250
-246
-248
-254
-250
-253
-219
-253
0
-243
-219
-200
-239
-243
-244
-242
-102
-254
-252
-212
-198
-255
-255
-251
38
-43
-206
-255
-254
-255
-227
-248
0
-248
-141
-169
-252
-252
-252
-252
-51
-244
-249
-253
-135
-135
-121
-217
-178
-137
-238
-210
-248
-251
-207
-250
-156
-255
-251
-209
-252
-252
-252
-252
-98
-194
-130
-248
-249
-245
-243
-242
-230
-215
-214
-255
-255
-255
-251
-255
0
-204
-50
-126
-237
-238
-237
-237
-255
-254
-250
-249
-239
-253
-252
-107
-223
-212
-186
-255
-255
-254
-254
-247
-8
-190
-92
-215
-230
-232
-231
-231
-96
-252
-248
-234
-186
-254
-248
-230
-87
-93
-161
-255
-255
-253
-246
-242
-4
-234
-164
-190
-214
-216
-217
-215
-150
-254
-243
-253
-236
-250
-252
-248
-246
-245
-247
-255
-255
-253
-245
-245
0
-253
-121
-180
-250
-249
-249
-250
0
-252
-217
-253
-225
-215
-219
-198
-164
-216
-188
-207
-252
-254
-214
-246
0
-171
-107
-216
-245
-244
-245
-246
-55
-240
-251
-254
-253
-252
-251
-241
-211
-212
-249
-254
-254
-254
-235
-247
-8
-214
-220
-112
-230
-232
-234
-231
-128
-255
-250
-255
-228
-245
-229
-104
-183
-247
-122
-255
-255
-255
-251
-252
-8
-235
-172
-201
-225
-227
-229
-225
0
-208
-236
-254
-254
-248
-250
-253
-185
-148
-229
-255
-253
-255
-245
-254
43
-223
-250
-157
-224
-231
-234
-229
-255
-238
-182
-255
-255
-241
-245
-252
-246
-224
-249
-255
-254
-255
-229
-252
30
-244
-205
-108
-245
-245
-245
-245
-255
-242
-251
-255
-255
-253
-254
-254
-216
-221
-233
-254
-119
-198
-233
-247
54
-253
-244
-209
-245
-246
-246
-245
-166
-233
-220
-255
-252
-230
-233
-233
-227
-211
-242
-255
-254
-254
-237
-250
-84
-251
-243
-173
-242
-242
-242
-241
-151
-247
-200
-254
-235
-241
-251
-239
-249
-248
-233
-255
-255
-254
-253
-250
-51
-243
-176
-192
-244
-244
-244
-244
0
-253
-248
-254
-250
-252
-246
-237
-248
-237
-241
-255
-242
-229
-232
149
-10
-249
-233
-226
-247
-250
-251
-249
-170
-253
-249
-223
-177
-254
-252
-241
-202
-79
-237
-254
-253
-254
-219
-240
-102
-246
-176
-206
-227
-229
-229
-228
-91
-254
-253
-136
-254
-251
-251
-255
-254
-255
-232
-254
-253
-255
-181
-250
0
-248
-76
-145
-248
-249
-249
-249
-139
-251
-243
-245
-236
-253
-248
-226
-219
-225
-216
-55
-245
-253
-114
-240
-10
-251
-235
-227
-203
-206
-206
-205
-149
-238
62
-245
-245
-138
-44
-201
-233
-234
-188
-255
-254
-255
-247
-251
1
-225
-179
-216
-240
-241
-241
-240
-102
-240
-227
-248
-251
-245
-252
-251
-215
-221
-245
-255
-254
-255
-249
-251
-11
-247
-196
-211
-227
-230
-229
-228
-119
-255
-253
-255
-220
-254
-253
-230
-187
-237
-208
-255
-249
-247
-232
-156
-6
-228
-162
-92
-243
-244
-245
-243
0
-220
-210
-119
-224
-243
-237
-239
-228
-215
-234
-253
-254
-254
-244
-250
0
-254
-249
-243
-187
-198
-194
-191
-78
-221
-219
-255
-254
-247
-233
-252
-173
-163
-222
-255
-255
-255
-248
-252
44
-253
-166
-179
-251
-252
-252
-252
-46
-251
-249
-255
-253
-251
-252
-249
-248
-249
-255
-255
-254
-255
-235
-251
-77
-183
-202
-170
-235
-235
-235
-235
-198
-172
-157
-247
-247
-210
-240
-251
-243
-185
-239
-255
-253
-255
-229
-254
0
-252
-226
-148
-239
-239
-238
-238
-93
-187
-221
-251
-253
-250
-250
-238
-160
-96
-204
-255
-253
-255
-231
-248
114
-233
-231
-102
-224
-217
-227
-215
-159
-227
-241
-254
-252
-245
-253
-253
-199
-215
-232
-254
-254
-255
-228
-249
0
-252
-216
-190
-249
-249
-249
-249
-73
-244
-246
-254
-252
-249
-249
-247
-243
-222
-240
-255
-252
-253
-244
-250
65
-255
-244
-210
-245
-246
-246
-245
-149
-249
-184
-252
-254
-240
-241
-247
-243
-203
-220
-255
-254
-255
-239
-254
-68
-227
-164
-196
-217
-222
-226
-223
-106
-254
-249
-87
-250
-244
-252
-227
-181
-54
-144
-254
-254
-254
-242
-240
48
-236
-214
-212
-164
-144
-174
-144
-77
-180
-201
-244
-254
-248
-247
-248
-50
-112
-142
-254
-253
-255
-228
-246
81
-225
-58
-115
-182
-183
-185
-181
-85
-248
-235
-255
-251
-243
-241
-224
-209
-213
-200
-255
-253
-254
-244
-249
46
-231
-78
-202
-241
-241
-241
-241
-144
-242
-232
-242
-250
-251
-251
-247
-250
-252
-242
-255
-255
-252
-251
-252
0
-243
-200
-225
-216
-218
-218
-217
-197
-255
-244
-254
-247
-245
-238
-204
-216
-227
-158
-255
-254
-254
-233
-251
-48
-186
-166
-7
-231
-232
-235
-231
-21
-254
-211
-255
-246
-189
-211
-227
-254
-252
-242
-228
-253
-255
-242
-251
-11
-255
-243
-154
-253
-253
-254
-253
-112
-131
143
-252
-213
25
-103
-225
-183
-123
-121
-255
-253
-254
-242
-249
-43
-254
-244
-203
-250
-251
-251
-251
-153
-192
198
-249
-189
-87
-90
-193
-154
-162
-166
-255
-254
-254
-244
-251
-30
-254
-194
-209
-252
-253
-252
-253
-149
-226
-126
-134
-253
-248
-255
-255
-246
-244
-200
-254
-252
-255
-118
-251
94
-188
-11
-202
-235
-236
-235
-235
-121
-251
-251
-252
-253
-238
-243
-255
-253
-253
-248
-255
-255
-255
-249
-253
94
-253
-234
-177
-254
-254
-254
-254
-255
-214
-245
-254
-252
-248
-251
-223
-138
-119
-205
-255
-255
-255
-236
-254
73
-227
-161
-197
-243
-243
-244
-243
-98
-238
-240
-252
-156
-124
-175
-234
-193
-192
-244
-157
-251
-254
-194
-251
-70
-251
-249
-223
-226
-229
-229
-228
-119
-255
-255
-225
-254
-244
-219
-229
-252
-254
-234
-254
-252
-255
-238
-253
0
-250
-204
-198
-236
-238
-238
-238
-151
-200
-192
-254
-253
-228
-219
-229
-114
-119
-154
-251
-237
-252
81
-212
67
-226
36
-167
-244
-247
-250
-250
-21
-220
-96
-253
-228
-218
-216
-240
-251
-249
-213
-255
-254
-255
-235
-253
82
-142
5
-173
-246
-247
-247
-247
-153
-246
-231
-243
-237
-249
-252
-252
-252
-251
-249
-254
-252
-253
-177
-248
91
-253
-35
-78
-243
-244
-244
-244
-255
-245
-210
-236
-249
-246
-247
-246
-251
-242
-245
-205
-252
-254
-194
-204
58
-250
-233
-224
-248
-248
-248
-248
-116
-209
-199
-253
-248
-243
-248
-244
-222
-236
-247
-255
-255
-254
-251
-246
51
-250
-232
-215
-225
-227
-227
-226
-77
-243
-237
-221
-252
-253
-254
-254
-244
-238
-193
-255
-254
-254
-247
-248
39
-255
-227
-216
-255
-255
-255
-255
-82
-245
-245
-253
-246
-249
-249
-243
-244
-244
-252
-255
-255
-255
-253
-249
-3
-246
-213
-235
-181
-183
-182
-181
-162
-248
-182
-248
-211
-215
-197
175
-49
-118
-155
-254
-254
-254
-241
-250
60
-202
-87
-200
-225
-227
-227
-226
0
-251
-246
-246
-229
-251
-249
-111
-84
-214
-144
-255
-255
-254
-253
-240
0
-241
-99
-182
-244
-245
-245
-245
-106
-244
-252
-254
-202
-174
-213
-208
-212
-171
-247
-249
238
95
-203
-223
-118
-250
-210
-165
-249
-249
-249
-249
-36
-204
-244
-253
-254
-252
-253
-248
-107
-156
-151
-255
-254
-218
-242
-249
42
-242
-239
-215
-249
-254
-255
-253
-191
-255
-196
-255
-248
-172
-109
-184
-229
-248
-114
-255
-255
-254
-251
-249
-1
-227
54
-207
-226
-229
-228
-228
-255
-187
-72
-184
57
-166
-219
-240
-220
-235
-227
-255
-253
-254
-125
-251
108
-250
-100
-158
-247
-248
-247
-248
-135
-248
-249
-252
-165
-129
-144
-214
-205
-140
-244
-241
-212
-226
-218
-249
-122
-248
-110
-168
-249
-250
-250
-249
-70
-254
-207
-252
-237
-231
-184
-227
-229
-219
-205
-250
-252
-254
-241
-246
22
-243
-228
-183
-236
-237
-238
-237
-96
-244
-218
-252
-253
-240
-243
-241
-235
-213
-233
-255
-255
-255
-242
-254
46
-234
-159
-125
-233
-234
-234
-233
0
-253
-225
-255
-253
-244
-248
-255
-246
-248
-255
-255
-255
-253
-251
-247
82
-239
-186
-209
-222
-224
-223
-223
-184
-246
-245
-195
-242
-241
-244
-230
34
175
-148
-255
-252
-254
-244
-243
60
-242
-164
-63
-243
-244
-244
-243
-128
-208
-186
-244
-225
-250
-246
-243
-170
-216
-233
-255
-254
-254
-232
-247
100
-240
-224
-233
-242
-243
-243
-243
-222
-245
-247
-254
-253
-253
-253
-251
-221
-216
-239
-255
-254
-255
-251
-250
58
-98
-196
-105
-231
-233
-233
-232
-255
-227
-41
-250
-251
-133
-239
-235
-254
-235
-230
-255
-251
-254
-234
-253
98
-254
-224
-171
-240
-241
-241
-240
-106
-252
-247
-254
-254
-253
-254
-253
-254
-251
-243
-255
-255
-255
-250
-254
-123
-253
-243
-217
-219
-220
-222
-218
-132
-228
-241
-255
-254
-245
-252
-253
-216
-204
-223
-255
-253
-254
-216
-245
63
-254
-186
-200
-215
-221
-218
-213
-116
-252
-216
-254
-249
-243
-246
-250
-247
-253
-254
-255
-255
-254
-246
-248
80
-187
29
-218
-189
-203
-195
-200
-73
-245
118
-254
-236
-108
-66
-207
-252
-251
-244
-254
-244
-252
53
-246
77
-254
-223
-161
-253
-251
-253
-251
-20
-247
-233
-255
-255
-246
-251
-254
-250
-242
-251
-255
-254
-255
-245
-252
-126
-243
-218
-186
-233
-235
-237
-233
-161
-255
-254
-247
-210
-255
-255
-249
83
111
-202
-255
-254
-255
-233
-251
95
-253
-246
-225
-247
-248
-248
-248
-204
-254
-254
-162
-251
-242
-253
-255
-250
-249
-219
-255
-255
-255
-249
-245
51
-240
-226
-162
-232
-248
-235
-245
-112
-251
-196
-255
-251
-206
-209
-218
-238
-243
-230
-254
-244
-253
-212
-249
41
-242
-204
-198
-247
-251
-252
-250
-64
-246
-193
-75
-253
-253
-255
-254
-245
-240
-245
-254
-253
-254
-173
-246
58
-252
-219
-190
-251
-251
-251
-251
-21
-195
-229
-222
-253
-252
-251
-253
-133
-116
-167
-255
-255
-249
-246
-250
77
-253
-244
-216
-239
-241
-242
-240
-128
-193
-176
-250
-253
-219
-246
-247
-123
-110
-60
-255
-254
-255
-231
-251
79
-249
-220
-205
-232
-233
-233
-232
-128
-254
-230
-255
-252
-251
-201
-193
-254
-254
-235
-255
-250
-254
-252
-253
-6
-253
-231
-191
-246
-247
-247
-247
-96
-252
-238
-255
-255
-243
-249
-251
-248
-252
-238
-255
-255
-255
-248
-252
-124
-207
-141
-206
-237
-240
-241
-239
102
-252
-224
-254
-237
-252
-199
-181
-233
-243
-54
-187
-247
-253
-205
-240
18
-252
-230
-193
-241
-246
-246
-245
-51
-248
-238
-252
-254
-247
-250
-251
-248
-237
-246
-255
-254
-255
-244
-252
-123
-254
-214
-218
-235
-237
-237
-236
-136
-254
-198
-254
-253
-222
-240
-251
-255
-254
-238
-255
-255
-254
-255
-253
48
-254
-228
-184
-253
-253
-253
-253
-85
-250
-236
-254
-254
-252
-254
-253
-253
-251
-252
-255
-254
-255
-241
-254
-130
-251
-229
-212
-244
-245
-245
-245
-132
-255
-251
-255
-253
-253
-249
234
-254
-254
-245
-255
-254
-255
-252
-252
-100
-251
-232
-189
-227
-229
-229
-228
-191
-224
-183
-255
-247
-232
-240
-252
-247
-230
-246
-255
-255
-255
-253
-248
0
-255
-225
-190
-254
-254
-254
-254
-57
-253
-241
-255
-255
-250
-250
-252
-254
-250
-247
-255
-255
-255
-250
-254
-131
-230
-221
-197
-249
-249
-249
-249
-186
-254
-191
-255
-252
-165
-145
-246
-250
-243
-239
-255
-255
-255
-253
-253
0
-244
-160
-191
-251
-251
-251
-251
-93
-252
-235
-197
-236
-241
-240
-208
-41
-60
-208
-255
-254
-255
-248
-250
77
-254
-160
-197
-240
-241
-241
-240
-128
-247
-254
-254
-196
-174
-219
-235
-195
-176
-243
-195
-250
-253
-220
-254
-113
-254
-175
-210
-238
-239
-238
-238
-174
-251
-253
-163
-253
-253
-254
-254
-248
-249
-239
-254
-253
-255
-153
-251
56
-230
-157
-218
-239
-235
-241
-237
-98
-247
-236
-254
-252
-239
-249
-235
-203
-207
-214
-255
-254
-254
-253
-239
29
-252
-147
-141
-251
-251
-250
-251
-85
-253
-252
-254
-172
-138
-202
-209
-239
-193
-242
-252
-254
-254
-236
-254
-134
-237
-183
-205
-198
-183
-207
-183
-98
-253
-211
-253
-242
-235
-239
-235
-236
-230
-191
-255
-255
-253
-249
-249
55
-255
-242
-222
-218
-220
-221
-219
-187
-199
-222
-254
-253
-233
-240
-238
-103
-120
-162
-255
-254
-255
-231
-253
58
-251
-227
-190
-187
-187
-188
-185
-85
-251
-209
-255
-250
-228
-213
-193
-240
-244
-205
-254
-235
-251
-227
-244
50
-249
-242
-148
-249
-254
-255
-253
-77
-239
-75
-254
-245
-220
-243
-250
-247
-238
-222
-255
-254
-253
-248
-242
0
-241
-243
-62
-236
-237
-237
-237
-255
-255
-240
-255
-249
-245
-240
-224
-247
-248
-215
-255
-255
-255
-237
-255
81
-237
-166
-214
-247
-248
-248
-247
-159
-253
-254
-255
-160
-126
-167
-222
-233
-192
-241
-60
-242
-250
-100
-248
-79
-252
-198
-202
-225
-227
-227
-226
-191
-245
-254
-255
-255
-254
-254
-255
-245
-237
-255
-255
-254
-255
-238
-253
34
-251
-243
-199
-232
-233
-233
-233
-153
-197
-13
-250
-227
-122
-192
-225
-212
-174
-148
-255
-254
-254
-247
-251
51
-218
-172
-159
-242
-242
-242
-242
-57
-252
-204
-255
-250
-148
-225
-248
-252
-251
-242
-250
-250
-254
-177
-250
16
-212
-29
-186
-244
-244
-244
-244
-51
-248
-247
-253
-204
-222
-213
-202
-182
-221
-250
-174
-252
-254
-208
-249
-72
-242
-211
-220
-218
-219
-220
-219
-128
-250
-209
-208
-231
-232
-220
-173
-28
-73
-79
-255
-254
-254
-246
-242
84
-216
-71
-148
-241
-242
-242
-242
-42
-252
-247
-240
-188
-253
-252
-210
-155
-200
-189
-255
-255
-254
-248
-252
102
-248
-148
-202
-254
-254
-255
-254
-21
-124
-139
-251
-221
-241
-244
-219
-188
-168
-211
-243
-253
-254
-64
-250
73
-253
-225
-188
-249
-249
-249
-249
0
-255
-249
-254
-239
-253
-234
-163
-192
-222
-228
-255
-250
-254
-253
-253
0
-254
-213
-171
-253
-254
-254
-255
-78
-249
-227
-236
-246
-251
-249
-253
-251
-253
-248
-255
-254
-255
-246
-251
-121
-254
-250
-206
-228
-227
-229
-230
-96
-117
-24
-245
-210
-157
-165
-209
-70
189
-140
-255
-254
-254
-243
-250
58
-252
-244
-190
-245
-246
-245
-245
-96
-253
-241
-212
-219
-245
-246
-248
-215
-222
-246
-255
-254
-255
-248
-246
-51
-253
-193
-176
-249
-237
-248
-239
-51
-231
-214
-252
-208
-253
-251
-231
-129
-69
-27
-254
-254
-254
-230
-246
94
-248
-189
-204
-246
-247
-247
-247
-255
-252
-252
-249
-236
-255
-254
-250
-172
-193
-210
-255
-255
-255
-244
-253
67
-230
-209
-152
-237
-239
-240
-238
-21
-155
-208
-240
-231
-218
-207
-216
-110
-48
-185
-255
-255
-255
-248
-251
91
