-243
-12
-229
-242
-208
-251
-102
0
-246
175
-239
-223
-246
-246
-242
0
-250
17
-231
-226
-248
-253
-251
0
-249
-31
-225
-249
-213
-254
-253
27
-241
-41
-208
255
30
-253
-229
-102
-247
-25
-209
-253
-212
-221
-244
0
-247
31
-66
-226
-238
-243
225
-41
-247
-19
-230
-242
-227
-205
-202
0
-227
3
-183
-238
-245
-254
-255
0
-212
3
-246
-199
-172
-252
-212
-69
-239
-8
-242
-252
-251
-238
-236
0
-227
-146
-168
-193
-148
-248
6
-37
-247
28
-238
-188
-189
-200
-167
0
-247
87
-244
-161
-231
-251
-249
4
-217
10
-186
-241
-233
-251
-253
0
-234
-18
-213
-250
-230
-251
-251
0
-242
-29
-244
-255
-243
-249
-254
117
-248
-2
-227
-255
-253
-250
-254
119
-255
-170
-228
-188
-243
-254
-254
-46
-251
-5
-225
-255
-251
-246
-253
102
-247
-197
-208
-222
-239
-253
-250
-72
-246
-66
-231
-247
-215
-248
-246
0
-253
1
-231
-248
-246
-254
-254
0
-249
-17
-131
-236
-195
-254
-251
4
-250
-48
-235
-253
-230
-249
-245
-51
-239
-8
-165
-242
-249
-254
-253
0
-251
-29
-223
-244
-248
-248
-247
0
-247
50
-241
-214
-231
-243
-231
0
-253
28
-227
-239
-252
-251
-232
-36
-234
243
-221
-252
-250
-252
-250
0
-245
-15
-238
-255
-246
-242
-254
100
-228
-51
-241
-251
-236
-253
-254
111
-231
-16
-236
-246
-246
-254
-253
0
-230
-71
-229
-246
-216
-247
-230
-39
-250
-48
-236
-253
-253
-245
-252
1
-223
-52
-223
-253
-223
-91
195
-54
-239
-152
-193
-104
-166
-254
-221
-65
-252
91
-225
-251
-216
-253
-254
0
-248
56
-235
-175
-93
-223
-207
0
-254
-28
-230
-255
-247
-251
-254
107
-236
-80
-238
-254
-122
-255
-255
-10
-255
255
-238
-252
-254
-254
-253
0
-249
29
-203
-226
-43
-106
-14
-65
-247
2
-237
-241
-242
-250
-205
6
-251
182
-241
-224
-242
-254
-253
-4
-222
16
-241
-232
-162
-255
-254
25
-253
-156
-220
-87
-143
-253
-224
-60
-243
-30
-185
-254
-242
255
-126
18
-245
169
-199
-210
-250
-248
-233
61
-254
-3
-243
-254
-244
-253
-254
116
-237
-190
-156
-209
-226
-254
-251
-48
-250
184
-232
-197
-245
-250
-231
-3
-250
237
-222
-246
-253
-253
-252
0
-255
-23
-219
-249
-248
-246
-252
112
-229
-64
-214
-254
-235
-254
-251
-15
-240
-23
-247
-253
-190
-253
-251
4
-221
-88
-218
-251
-158
-254
-251
-64
-236
-46
-229
-254
-242
-245
-200
0
-222
-157
-247
-204
-233
-229
-231
67
-230
37
-216
-239
-245
-243
255
-25
-249
80
-226
-237
-179
-250
-252
129
-194
-15
-227
-140
-212
-248
-242
37
-248
-55
-224
-248
-147
-255
-255
80
-250
-74
-235
-241
-205
-246
-207
42
-238
-48
-235
-249
-233
-252
-254
105
-247
-76
-222
-252
-238
-244
-236
111
-244
49
-195
-198
-233
-222
69
77
-206
-149
-241
-222
-252
-253
-250
86
-247
36
-236
-245
-240
-254
-253
121
-245
21
-246
-232
-231
-253
-232
70
-246
-55
-217
-250
-182
-253
-205
53
-244
-24
-241
-250
-227
-253
-227
81
-244
62
-239
-160
-223
-243
-223
118
-229
33
-237
-194
-159
-94
4
99
-245
-13
-229
-253
-177
-254
-253
113
-243
220
-231
-247
-251
-253
-252
125
-235
57
-250
-200
-253
-244
-80
51
-251
-59
-226
-255
-226
-253
-246
112
-233
36
-223
-87
-224
-253
-246
111
-234
-50
-243
-254
-235
-239
-251
111
-250
-147
-193
-138
-246
-253
-249
0
-251
44
-207
-250
-167
-254
-254
108
-244
-1
-155
-246
-209
-254
-251
0
-247
-28
-215
-255
-238
-246
-254
123
-235
-75
-239
-253
-54
-208
-114
73
-253
-13
-158
-255
-252
-248
-254
130
-250
235
-254
-255
-250
-254
-254
77
-250
-58
-245
-250
-239
-253
-243
109
-244
-138
-255
-247
-208
-226
-84
65
-244
-45
-245
-254
-235
-233
-249
107
-245
56
-221
26
-218
-252
-192
37
255
7
-235
-237
-199
-253
-214
36
-237
24
-228
-243
-53
-250
-250
86
-247
69
-240
-169
-249
-250
-231
81
-255
50
-216
-156
-118
-161
-106
92
-240
-133
-202
-101
-162
-252
-251
0
-248
-151
-222
-195
-230
-252
-246
30
-244
1
-240
-253
-241
-254
-254
123
-243
-48
-244
-250
-233
-254
-254
102
-251
-60
-204
-252
-244
-254
-244
51
-249
2
-178
-254
-255
-253
-229
119
-204
17
-246
-246
-222
-254
-254
46
-243
-21
-231
-246
-222
-254
-254
102
-235
-21
-216
-247
-249
-253
-250
94
-235
-20
-226
-227
-148
-253
-232
46
-255
-6
-224
-238
-211
-243
-211
103
-243
58
-227
-190
-178
-220
-202
80
-249
-21
-243
-253
-227
-254
-249
117
-249
75
-243
-136
-231
-195
-158
70
-211
-183
-203
-123
-144
-253
-243
64
-232
-15
-236
-183
-140
-253
-204
30
-246
-143
-237
-172
-246
-251
-240
0
-213
34
-193
-208
-91
-250
-248
82
-243
-89
-223
-248
-234
-254
-251
0
-243
45
-245
-220
-250
-234
8
51
-236
-108
-237
-236
-90
-252
-253
0
-212
26
-231
-209
-168
-243
-224
0
