-228
-254
-124
-247
-254
-130
-248
-254
106
-230
-255
-81
-253
-255
-93
-240
-254
41
-227
-253
-116
-248
-255
118
-249
-254
69
-244
-253
-124
-242
-252
0
-248
-110
115
-229
-255
105
-241
-255
137
-250
-255
-126
-252
-254
-115
-248
-166
-137
-250
-254
86
-246
-255
90
-230
-254
-51
-250
-254
-215
-239
-251
-11
-236
-254
-102
-231
-254
115
-216
-255
255
-242
-255
-161
-250
-254
0
-245
-172
-77
-246
-124
-132
-233
-253
-188
-250
-254
-58
-252
-254
0
-239
-253
-113
-243
-255
97
-255
-254
-77
-212
-253
105
-250
-253
0
-237
-255
130
-252
-255
184
-241
-253
-137
-240
-254
236
-225
-255
-255
-254
-254
139
-158
-255
-4
-225
-255
178
-211
-254
98
-244
-254
74
-232
-255
-51
-239
-255
191
-231
-255
-89
-234
-249
-8
-237
-253
-55
-251
-254
-114
-232
-254
0
-211
-254
91
-238
-253
-106
-246
-255
74
-231
-255
-119
-244
-255
0
-232
-237
115
-240
-254
83
-216
-255
58
-209
-254
81
-240
-255
15
-248
-253
148
-248
-255
-72
-243
-255
-130
-239
-255
123
-248
-253
159
-252
-254
-204
-223
-254
44
-248
-255
-133
-239
-255
-153
-224
-252
107
-236
-255
-222
-237
-255
106
-218
-255
180
-240
-253
0
-248
-253
70
-197
-254
0
-243
-255
87
-252
-255
0
-233
-255
151
-212
-254
-8
-241
-255
0
-249
-255
119
-217
-254
96
-229
-246
98
-208
-207
112
-206
-254
36
-203
-254
-255
-249
-254
178
-243
-254
102
-240
-255
65
-200
-255
-232
-245
-254
69
-240
-255
-137
-247
-254
-102
-234
-252
79
-228
-254
-83
-242
-255
-135
-249
-253
109
-237
-255
255
-248
-255
0
-247
-255
-102
-243
-254
155
-250
-255
48
-234
-255
57
-255
-255
23
-237
-254
97
-251
-254
102
-227
-255
-126
-132
-248
-91
-254
-255
-126
-239
-255
111
-252
-255
156
-250
-254
125
-253
-254
93
-253
-255
86
-253
-238
98
-165
-253
-196
-238
-254
-102
-254
-254
194
-249
-254
-255
-253
-255
39
-174
-254
115
-216
-254
79
-250
-254
0
-246
-239
30
-249
-255
81
-233
-253
-144
-254
-255
-98
-248
-255
8
-246
-253
0
-248
-254
76
-243
-236
-181
-215
-255
154
-240
-255
-105
-236
-254
-158
-225
-252
49
-243
-255
22
-251
-254
72
-238
-255
119
-231
-255
0
-251
-253
95
-228
-245
-77
-249
-252
-165
-248
-254
-88
-223
-255
128
-245
-254
91
-242
-255
-198
-247
-254
-70
-255
-255
-231
-246
-255
-104
-252
-255
-13
-226
-254
-43
-250
-229
101
-251
-254
94
-244
-255
0
