222222222211111222222222211111222222222211121222222222211111222222222211111222222222211112222222222221122
222222222211111222222222211111222222222211121222222222211111222222222211111222222222211112222222222221122
222222222211111222222222211111222222222211121222222222211111222222222211111222222222211112222222222221121
222222222211111222222222211111222222222211121222222222211111222222222211111222222222211112222222222221121
222222222211111222222222211111222222222211121222222222211111222222222211111222222222211112222222222221121
222222222211111222222222211111222222222211121222222222211111222222222211111222222222211112222222222221121
222222222211111222222222211111222222222211121222222222211111222222222211111222222222211112222222222221122
222222222211111222222222211111222222222211121222222222211111222222222211111222222222211112222222222221121
222222222211111222222222211111222222222211121222222222211111222222222211111222222222211112222222222221122
222222222211111222222222211111222222222211121222222222211111222222222211111222222222211112222222222221121
222222222211111222222222211111222222222211121222222222211111222222222211111222222222211112222222222221121
222222222211111222222222211111222222222211121222222222211111222222222211111222222222211112222222222221122
222222222211111222222222211111222222222211121222222222211111222222222211111222222222211112222222222221121
222222222211111222222222211111222222222211121222222222211111222222222211111222222222211112222222222221122
222222222211111222222222211111222222222211121222222222211111222222222211111222222222211112222222222221122
222222222211111222222222211111222222222211121222222222211111222222222211111222222222211112222222222221121
222222222211111222222222211111222222222211121222222222211111222222222211111222222222211112222222222221122
222222222211111222222222211111222222222211121222222222211111222222222211111222222222211112222222222221121
222222222211111222222222211111222222222211121222222222211111222222222211111222222222211112222222222221121
222222222211111222222222211111222222222211121222222222211111222222222211111222222222211112222222222221121
222222222211111222222222211111222222222211121222222222211111222222222211111222222222211112222222222221121
222222222211111222222222211111222222222211121222222222211111222222222211111222222222211112222222222221121
222222222211111222222222211111222222222211121222222222211111222222222211111222222222211112222222222221122
222222222211111222222222211111222222222211121222222222211111222222222211111222222222211112222222222221122
222222222211111222222222211111222222222211121222222222211111222222222211111222222222211112222222222221122
222222222211111222222222211111222222222211121222222222211111222222222211111222222222211112222222222221121
222222222211111222222222211111222222222211121222222222211111222222222211111222222222211112222222222221122
222222222211111222222222211111222222222211121222222222211111222222222211111222222222211112222222222221122
222222222211111222222222211111222222222211121222222222211111222222222211111222222222211112222222222221122
222222222211111222222222211111222222222211121222222222211111222222222211111222222222211112222222222221121
222222222211111222222222211111222222222211121222222222211111222222222211111222222222211112222222222221121
222222222211111222222222211111222222222211121222222222211111222222222211111222222222211112222222222221122
222222222211111222222222211111222222222211121222222222211111222222222211111222222222211112222222222221121
222222222211111222222222211111222222222211121222222222211111222222222211111222222222211112222222222221122
222222222211111222222222211111222222222211121222222222211111222222222211111222222222211112222222222221122
222222222211111222222222211111222222222211121222222222211111222222222211111222222222211112222222222221122
222222222211111222222222211111222222222211121222222222211111222222222211111222222222211112222222222221121
222222222211111222222222211111222222222211121222222222211111222222222211111222222222211112222222222221121
222222222211111222222222211111222222222211121222222222211111222222222211111222222222211112222222222221121
222222222211111222222222211111222222222211121222222222211111222222222211111222222222211112222222222221121
222222222211111222222222211111222222222211121222222222211111222222222211111222222222211112222222222221121
222222222211111222222222211111222222222211121222222222211111222222222211111222222222211112222222222221121
222222222211111222222222211111222222222211121222222222211111222222222211111222222222211112222222222221121
222222222211111222222222211111222222222211121222222222211111222222222211111222222222211112222222222221121
222222222211111222222222211111222222222211121222222222211111222222222211111222222222211112222222222221121
222222222211111222222222211111222222222211121222222222211111222222222211111222222222211112222222222221121
111222222211111211222222211111222222222211121222222222211111222222222211111222222222211112222222222221122
222222222211111222222222211111222222222211121222222222211111222222222211111222222222211112222222222221122
222222222211111222222222211111222222222211121222222222211111222222222211111222222222211112222222222221121
222222222211111222222222211111222222222211121222222222211111222222222211111222222222211112222222222221122
222222222211111222222222211111222222222211121222222222211111222222222211111222222222211112222222222221121
222222222211111222222222211111222222222211121222222222211111222222222211111222222222211112222222222221121
222222222211111222222222211111222222222211121222222222211111222222222211111222222222211112222222222221121
222222222211111222222222211111222222222211121222222222211111222222222211111222222222211112222222222221121
222222222211111222222222211111222222222211121222222222211111222222222211111222222222211112222222222221121
222222222211111222222222211111222222222211121222222222211111222222222211111222222222211112222222222221121
222222222211111222222222211111222222222211121222222222211111222222222211111222222222211112222222222221121
222222222211111222222222211111222222222211121222222222211111222222222211111222222222211112222222222221122
222222222211111222222222211111222222222211121222222222211111222222222211111222222222211112222222222221122
222222222211111222222222211111222222222211121222222222211111222222222211111222222222211112222222222221122
222222222211111222222222211111222222222211121222222222211111222222222211111222222222211112222222222221122
222222222211111222222222211111222222222211121222222222211111222222222211111222222222211112222222222221122
222222222211111222222222211111222222222211121222222222211111222222222211111222222222211112222222222221122
222222222211111222222222211111222222222211121222222222211111222222222211111222222222211112222222222221121
222222222211111222222222211111222222222211121222222222211111222222222211111222222222211112222222222221121
222222222211111222222222211111222222222211121222222222211111222222222211111222222222211112222222222221121
222222222211111222222222211111222222222211121222222222211111222222222211111222222222211112222222222221121
222222222211111222222222211111222222222211121222222222211111222222222211111222222222211112222222222221121
222222222211111222222222211111222222222211121222222222211111222222222211111222222222211112222222222221121
222222222211111222222222211111222222222211121222222222211111222222222211111222222222211112222222222221122
222222222211111222222222211111222222222211121222222222211111222222222211111222222222211112222222222221122
222222222211111222222222211111222222222211121222222222211111222222222211111222222222211112222222222221121
222222222211111222222222211111222222222211121222222222211111222222222211111222222222211112222222222221121
222222222211111222222222211111222222222211121222222222211111222222222211111222222222211112222222222221122
222222222211111222222222211111222222222211121222222222211111222222222211111222222222211112222222222221122
222222222211111222222222211111222222222211121222222222211111222222222211111222222222211112222222222221121
222222222211111222222222211111222222222211121222222222211111222222222211111222222222211112222222222221122
222222222211111222222222211111222222222211121222222222211111222222222211111222222222211112222222222221121
222222222211111222222222211111222222222211121222222222211111222222222211111222222222211112222222222221121
222222222211111222222222211111222222222211121222222222211111111222222211111222222222211112222222222221122
222222222211111222222222211111222222222211121222222222211111222222222211111222222222211112222222222221121
222222222211111222222222211111222222222211121222222222211111222222222211111222222222211112222222222221122
222222222211111222222222211111222222222211121222222222211111222222222211111222222222211112222222222221122
222222222211111222222222211111222222222211121211222222211111222222222211111222222222211112222222222221122
222222222211111222222222211111222222222211121222222222211111222222222211111222222222211112222222222221121
222222222211111222222222211111222222222211121222222222211111222222222211111222222222211112222222222221122
222222222211111222222222211111222222222211121222222222211111222222222211111222222222211112222222222221121
222222222211111222222222211111222222222211121222222222211111222222222211111222222222211112222222222221122
222222222211111222222222211111222222222211121122222222211111222222222211111222222222211112222222222221121
222222222211111222222222211111222222222211121211222222211111222222222211111222222222211112222222222221122
222222222211111222222222211111222222222211121222222222211111222222222211111222222222211112222222222221122
222222222211111222222222211111222222222211121211222222211111222222222211111222222222211112222222222221122
222222222211111222222222211111222222222211121222222222211111222222222211111222222222211112222222222221122
222222222211111222222222211111222222222211121222222222211111222222222211111222222222211112222222222221122
222222222211111222222222211111222222222211121222222222211111222222222211111222222222211112222222222221121
222222222211111222222222211111222222222211121222222222211111222222222211111222222222211112222222222221122
222222222211111222222222211111222222222211121222222222211111222222222211111222222222211112222222222221121
222222222211111222222222211111222222222211121222222222211111222222222211111222222222211112222222222221122
222222222211111222222222211111222222222211121222222222211111222222222211111222222222211112222222222221121
222222222211111222222222211111222222222211121222222222211111222222222211111222222222211112222222222221121
222222222211111222222222211111222222222211121222222222211111222222222211111222222222211112222222222221122
222222222211111222222222211111222222222211121222222222211111222222222211111222222222211112222222222221122
222222222211111222222222211111222222222211121222222222211111222222222211111222222222211112222222222221122
222222222211111222222222211111222222222211121222222222211111222222222211111222222222211112222222222221121
222222222211111222222222211111222222222211121222222222211111222222222211111222222222211112222222222221121
222222222211111222222222211111222222222211121222222222211111222222222211111222222222211112222222222221121
222222222211111222222222211111222222222211121222222222211111222222222211111222222222211112222222222221121
222222222211111222222222211111222222222211121222222222211111222222222211111222222222211112222222222221121
222222222211111222222222211111222222222211121222222222211111222222222211111222222222211112222222222221121
222222222211111222222222211111222222222211121222222222211111222222222211111222222222211112222222222221121
222222222211111222222222211111222222222211121222222222211111222222222211111222222222211112222222222221122
222222222211111222222222211111222222222211121222222222211111222222222211111222222222211112222222222221121
222222222211111222222222211111222222222211121222222222211111222222222211111222222222211112222222222221121
222222222211111222222222211111222222222211121222222222211111222222222211111222222222211112222222222221121
222222222211111222222222211111222222222211121222222222211111222222222211111222222222211112222222222221122
222222222211111222222222211111222222222211121222222222211111222222222211111222222222211112222222222221122
222222222211111222222222211111222222222211121222222222211111222222222211111222222222211112222222222221122
222222222211111222222222211111222222222211121222222222211111222222222211111222222222211112222222222221121
222222222211111222222222211111222222222211121222222222211111222222222211111222222222211112222222222221122
222222222211111222222222211111222222222211121222222222211111222222222211111222222222211112222222222221121
222222222211111222222222211111222222222211121111222222211111222222222211111222222222211112222222222221121
222222222211111222222222211111222222222211121222222222211111222222222211111222222222211112222222222221121
222222222211111222222222211111222222222211121222222222211111222222222211111222222222211112222222222221121
222222222211111222222222211111222222222211121222222222211111222222222211111222222222211112222222222221121
222222222211111222222222211111222222222211121222222222211111222222222211111222222222211112222222222221121
222222222211111222222222211111222222222211121222222222211111222222222211111222222222211112222222222221122
222222222211111222222222211111222222222211121222222222211111222222222211111222222222211112222222222221122
222222222211111222222222211111222222222211121221212222211111222222222211111222222222211112222222222221122
222222222211111222222222211111222222222211121222222222211111222222222211111222222222211112222222222221121
222222222211111222222222211111222222222211121222222222211111222222222211111222222222211112222222222221122
222222222211111222222222211111222222222211121222222222211111222222222211111222222222211112222222222221122
222222222211111222222222211111222222222211121222222222211111222222222211111222222222211112222222222221122
222222222211111222222222211111222222222211121222222222211111222222222211111222222222211112222222222221121
222222222211111222222222211111222222222211121222222222211111222222222211111222222222211112222222222221121
222222222211111222222222211111222222222211121222222222211111222222222211111222222222211112222222222221121
222222222211111222222222211111222222222211121222212222211111222222222211111222222222211112222222222221122
222222222211111222222222211111222222222211121222222222211111222222222211111222222222211112222222222221122
222222222211111222222222211111222222222211121222222222211111222222222211111222222222211112222222222221121
222222222211111222222222211111222222222211121222222222211111222222222211111222222222211112222222222221122
222222222211111222222222211111222222222211121222222222211111222222222211111222222222211112222222222221122
222222222211111222222222211111222222222211121222222222211111222222222211111222222222211112222222222221121
222222222211111222222222211111222222222211121222222222211111222222222211111222222222211112222222222221121
222222222211111222222222211111222222222211121222222222211111222222222211111222222222211112222222222221122
222222222211111222222222211111222222222211121222222222211111222222222211111222222222211112222222222221121
222222222211111222222222211111222222222211121222222222211111222222222211111222222222211112222222222221121
222222222211111222222222211111222222222211121222222222211111222222222211111222222222211112222222222221121
222222222211111222222222211111222222222211121222222222211111222222222211111222222222211112222222222221121
222222222211111222222222211111222222222211121222222222211111222222222211111222222222211112222222222221121
222222222211111222222222211111222222222211121222222222211111222222222211111222222222211112222222222221122
222222222211111222222222211111222222222211121222222222211111222222222211111222222222211112222222222221121
222222222211111222222222211111222222222211121222222222211111222222222211111222222222211112222222222221122
222122222211111222222222211111222222222211121222222222211111222222222211111222222221111122222222221221122
222122222211111222122222211111222222221211121222122222211111222122222211111222221221121122222122221221112
222222222211111222222222211111222222222211121222222222211111222222222211111222222222211112222222222221121
222222221211121222212222211111222122222211111222222221211111222112222211111222121222121112222222221221121
222222222211111222222222211111222222222211121222222222211111222222222211111222222222211112222222222221121
222222222211111222222222211111222222222211121222222222211111222222222211111222222222211112222222222221122
222222222211111222222222211111222222222211121222222222211111222222222211111222222222211112222222222221121
222222222211111222222222211111222222222211121222222222211111222222222211111222222222211112222222222221121
222222222211111222222222211111222222222211121222222222211111222222222211111222222222211112222222222221122
222222222211111222222222211111222222222211121222222222211111222222222211111222222222211112222222222221121
222222222211111222222222211111222222222211121222222222211111222222222211111222222222211112222222222221121
222222222211111222222222211111222222222211121222222222211111222222222211111222222222211112222222222221122
222222222211111222222222211111222222222211121222222222211111222222222211111222222222211112222222222221121
222222222211111222222222211111222222222211121222222222211111222222222211111222222222211112222222222221122
222222222211111222222222211111222222222211121222222222211111222222222211111222222222211112222222222221122
222222222211111222222222211111222222222211121222222222211111222222222211111222222222211112222222222221121
222222222211111222222222211111222222222211121222222222211111222222222211111222222222211112222222222221121
222222222211111222222222211111222222222211121222222222211111222222222211111222222222211112222222222221121
222222222211111222222222211111222222222211121222222222211111222222222211111222222222211112222222222221122
222222222211111222222222211111222222222211121222222222211111222222222211111222222222211112222222222221121
222222222211111222222222211111222222222211121222222222211111222222222211111222222222211112222222222221122
222222222211111222222222211111222222222211121222222222211111222222222211111222222222211112222222222221122
222222222211111222222222211111222222222211121222222222211111222222222211111222222222211112222222222221121
222222222211111222222222211111222222222211121222222222211111222222222211111222222222211112222222222221122
222222222211111222222222211111222222222211121222222222211111222222222211111222222222211112222222222221122
222222222211111222222222211111222222222211121222222222211111222222222211111222222222211112222222222221121
222222222211111222222222211111222222222211121222222222211111222222222211111222222222211112222222222221122
222222222211111222222222211111222222222211121222222222211111222222222211111222222222211112222222222221121
222222222211111222222222211111222222222211121222222222211111222222222211111222222222211112222222222221121
222222222211111222222222211111222222222211121222222222211111222222222211111222222222211112222222222221121
222222222211111222222222211111222222222211121222222222211111222222222211111222222222211112222222222221121
222222222211111222222222211111222222222211121222222222211111222222222211111222222222211112222222222221121
222222222211111222222222211111222222222211121222222222211111222222222211111222222222211112222222222221121
222222222211111222222222211111222222222211121222222222211111222222222211111222222222211112222222222221122
222222222211111222222222211111222222222211121222222222211111222222222211111222222222211112222222222221122
222222222211111222222222211111222222222211121222222222211111222222222211111222222222211112222222222221121
222222222211111222222222211111222222222211121222222222211111222222222211111222222222211112222222222221122
222222222211111222222222211111222222222211121222222222211111222222222211111222222222211112222222222221122
222222222211111222222222211111222222222211121222222222211111222222222211111222222222211112222222222221121
222222222211111222222222211111222222222211121222222222211111222222222211111222222222211112222222222221121
222222222211111222222222211111222222222211121222222222211111222222222211111222222222211112222222222221121
222222222211111222222222211111222222222211121222222222211111222222222211111222222222211112222222222221121
222222222211111222222222211111222222222211121222222222211111222222222211111222222222211112222222222221121
222222222211111222222222211111222222222211121222222222211111222222222211111222222222211112222222222221122
222222222211111222222222211111222222222211121222222222211111222222222211111222222222211112222222222221122
222222222211111222222222211111222222222211121222222222211111222222222211111222222222211112222222222221122
222222222211111222222222211111222222222211121222222222211111222222222211111222222222211112222222222221122
222222222211111222222222211111222222222211121222222222211111222222222211111222222222211112222222222221122
222222222211111222222222211111222222222211121222222222211111222222222211111222222222211112222222222221121
222222222211111222222222211111222222222211121222222222211111222222222211111222222222211112222222222221122
222222222211111222222222211111222222222211121222221111211122222222222211111222222222211112222222222221122
222222222211111112222222211111222222222211121222222222211111222222222211111222222222211112222222222221122
222222222211111222222222211111222222222211121222222222211111222222222211111222222222211112222222222221122
222222222211111222222222211111222222222211121222222222211111222222222211111222222222211112222222222221121
222222222211111222222222211111222222222211121222222222211111222222222211111222222222211112222222222221122
222222222211111222222222211111222222222211121222222222211111222222222211111222222222211112222222222221121
222222222211111222222222211111222222222211121222222222211111222222222211111222222222211112222222222221121
222222222211111222222222211111222222222211121222222222211111222222222211111222222222211112222222222221121
222222222211111222222222211111222222222211121222222222211111222222222211111222222222211112222222222221121
222222222211111222222222211111222222222211121222222222211111222222222211111222222222211112222222222221122
222222222211111222222222211111222222222211121222222222211111222222222211111222222222211112222222222221122
222222222211111222222222211111222222222211121222222222211111222222222211111222222222211112222222222221121
222222222211111222222222211111222222222211121222222222211111222222222211111222222222211112222222222221121
222222222211111222222222211111222222222211121222222222211111222222222211111222222222211112222222222221121
222222222211111222222222211111222222222211121222222222211111222222222211111222222222211112222222222221121
222222222211111222222222211111222222222211121222222222211111222222222211111222222222211112222222222221121
222222222211111222222222211111222222222211121222222222211111222222222211111222222222211112222222222221121
222222222211111222222222211111222222222211121222222222211111222222222211111222222222211112222222222221122
222222222211111222222222211111222222222211121222222222211111222222222211111222222222211112222222222221122
222222222211111222222222211111222222222211121222222222211111222222222211111222222222211112222222222221121
222222222211111222222222211111222222222211121222222222211111222222222211111222222222211112222222222221121
222222222211111222222222211111222222222211121222222222211111222222222211111222222222211112222222222221121
222222222211111222222222211111222222222211121222222222211111222222222211111222222222211112222222222221121
222222222211111222222222211111222222222211121222222222211111222222222211111222222222211112222222222221121
222222222211111222222222211111222222222211121222222222211111222222222211111222222222211112222222222221121
222222222211111222222222211111222222222211121222222222211111222222222211111222222222211112222222222221121
222222222211111222222222211111222222222211121222222222211111222222222211111222222222211112222222222221121
222222222211111222222222211111222222222211121222222222211111222222222211111222222222211112222222222221122
222222222211111222222222211111222222222211121222222222211111222222222211111222222222211112222222222221121
222222222211111222222222211111222222222211121222222222211111222222222211111222222222211112222222222221121
222222222211111222222222211111222222222211121222222222211111222222222211111222222222211112222222222221122
222222222211111222222222211111222222222211121222222222211111222222222211111222222222211112222222222221121
222222222211111222222222211111222222222211121222222222211111222222222211111222222222211112222222222221122
222222222211111222222222211111222222222211121222222222211111222222222211111222222222211112222222222221121
222222222211111222222222211111222222222211121222222222211111222222222211111222222222211112222222222221121
222222222211111222222222211111222222222211121222222222211111222222222211111222222222211112222222222221121
222222222211111222222222211111222222222211121222222222211111222222222211111222222222211112222222222221121
222222222211111222222222211111222222222211121222222222211111222222222211111222222222211112222222222221121
222222222211111222222222211111222222222211121222222222211111222222222211111222222222211112222222222221122
222222222211111222222222211111222222222211121222222222211111222222222211111222222222211112222222222221122
222222222211111222222222211111222222222211121222222222211111222222222211111222222222211112222222222221121
222222222211111222222222211111222222222211121222222222211111222222222211111222222222211112222222222221121
222222222211111222222222211111222222222211121222222222211111222222222211111222222222211112222222222221122
222222222211111222222222211111222222222211121222222222211111222222222211111222222222211112222222222221121
222222222211111222222222211111222222222211121222222222211111222222222211111222222222211112222222222221122
222222222211111222222222211111222222222211121222222222211111222222222211111222222222211112222222222221122
222222222211111222222222211111222222222211121222222222211111222222222211111222222222211112222222222221121
222222222211111222222222211111222222222211121222222222211111222222222211111222222222211112222222222211122
222222222211111222222222211111222222222211121222222222211111222222222211111222222222211112222222222221121
222222222211111222222222211111222222222211121222222222211111222222222211111222222222211112222222222221121
222222222211111222222222211111222222222211121222222222211111222222222211111222222222211112222222222221122
222222222211111222222222211111222222222211121222222222211111222222222211111222222222211112222222222221122
222222222211111222222222211111222222222211121222222222211111222222222211111222222222211112222222222221121
222222222211111222222222211111222222222211121222222222211111222222222211111222222222211112222222222221122
222222222211111222222222211111222222222211121222222222211111222222222211111222222222211112222222222221122
222222222211111222222222211111222222222211121222222222211111222222222211111222222222211112222222222221122
222222222211111222222222211111222222222211121222222222211111222222222211111222222222211112222222222221121
222222222211111222222222211111222222222211121222222222211111222222222211111222222222211112222222222221121
222222222211111222222222211111222222222211121222222222211111222222222111111222222222211112222222222221122
222222222211111222222222211111222222222211121222222222211111222222222211111222222222211112222222222221121
222222222211111222222222211111222222222211121222222222211111222222222211111222222222211112222222222221122
222222222211111222222222211111222222222211121222222222211111222222222211111222222222211112222222222221122
222222222211111222222222211111222222222211121222222222211111222222222211111222222222211112222222222221122
222222222211111222222222211111222222222211121222222222211111222222222211111222222222211112222222222221122
222222222211111222222222211111222222222211121222222222211111222222222211111222222222211112222222222221121
222222222211111222222222211111222222222211121222222222211111222222222211111222222222211112222222222221122
222222222211111222222222211111222222222211121222222222211111222222222211111222222222211112222222222221122
222222222211111222222222211111222222222211121222222222211111222222222211111222222222211112222222222221122
222222222211111222222222211111222222222211121222222222211111222222222211111222222222211112222222222221121
222222222211111222222222211111222222222211121222222222211111222222222211111222222222211112222222222221121
222222222211111222222222211111222222222211121222222222211111222222222211111222222222211112222222222221121
222222222211111222222222211111222222222211121222222222211111222222222211111222222222211112222222222221121
222222222211111222222222211111222222222211121222222222211111222222222211111222222222211111222222222221121
222222222211111222222222211111222222222211121222222222211111222222222211111222222222211111222222222221121
222222222211111222222222211111222222222211121222222222211111222222222211111222222222211112222222222221121
222222222211111222222222211111222222222211121222222222211111222222222211111222222222211112222222222221122
222222222211111222222222211111222222222211121222222222211111222222222211111222222222211112222222222221122
222222222211111222222222211111222222222211121222222222211111222222222211111222222222211112222222222221121
222222222211111222222222211111222222222211121222222222211111222222222211111222222222211112222222222221121
222222222211111222222222211111222222222211121222222222211111222222222211111221222222211111222222222221121
222222222211111222222222211111222222222211121222222222211111222222222211111212222222211111222222222221121
222222222211111222222222211111222222222211121222222222211111222222222211111222222222211112222222222221121
222222222211111222222222211111222222222211121222222222211111222222222211111222222222211112222222222221122
222222222211111222222222211111222222222211121111222222211111222222222211111222222222211112222222222221121
222222222211111222222222211111222222222211121222222222211111222222222211111222222222211112222222222221122
222222222211111222222222211111222222222211121222222222211111222222222211111222222222211112222222222221122
222222222211111222222222211111222222222211121222222222211111222222222211111222222222211112222222222221122
222222222211111222222222211111222222222211121222222222211111222222222211111222222222211112222222222221122
222222222211111222222222211111222222222211121222222222211111222222222211111222222222211112222222222221122
222222222211111222222222211111222222222211121222222222211111222222222211111222222222211112222222222221122
222222222211111222222222211111222222222211121222222222211111222222222211111222222222211112222222222221122
222222222211111222222222211111222222222211121222222222211111222222222211111222222222211112222222222221122
211222222211111222222222211111222222222211121111222222211111111221111121212222222222211112211222222221121
222222222211111222222222211111222222222211121222222222211111222222222211111222222222211112222222222221122
222222222211111222222222211111222222222211121222222222211111222222222211111222222222211112222222222221122
222222222211111111222222211111222222222211121222222222211111222222222211111222222222211112222222222221121
222222222211111222222222211111222222222211121222222222211111222222222211111222222222211112222222222221121
222222222211111222222222211111222222222211121222222222211111222222222211111222222222211112222222222221121
222222222211111222222222211111222222222211121222222222211111222222222211111222222222211112222222222221122
222222222211111222222222211111222222222211121222222222211111222222222211111222222222211112222222222221122
222222222211111222222222211111222222222211121222222222211111222222222211111222222222211112222222222221121
222222222211111222222222211111222222222211121222222222211111222222222211111222222222211112222222222221122
222222222211111222222222211111222222222211121222222222211111222222222211111222222222211112222222222221122
222222222211111222222222211111222222222211121222222222211111222222222211111222222222211112222222222221121
222222222211111222222222211111222222222211121222222222211111222222222211111222222222211112222222222221121
111222222211111222222222211111222222222211121222222222211111222222222211111222222222211112222222222221121
222222222211111222222222211111222222222211121222222222211111222222222211111222222222211112222222222221121
222222222211111222222222211111222222222211121222222222211111222222222211111222222222211112222222222221122
222222222211111222222222211111222222222211121222222222211111222222222211111222222222211112222222222221121
222222222211111222222222211111222222222211121222222222211111222222222211111222222222211112222222222221122
222222222211111222222222211111222222222211121222222222211111222222222211111222222222211112222222222221121
222222222211111222222222211111222222222211121222222222211111222222222211111222222222211112222222222221122
222222222211111222222222211111222222222211121222222222211111222222222211111222222222211112222222222221122
222222222211111222222222211111222222222211121222222222211111222222222211111222222222211112222222222221121
222222222211111222222222211111222222222211121222222222211111222222222211111222222222211112222222222221122
222222222211111222222222211111222222222211121222222222211111222222222211111222222222211112222222222221121
222222222211111222222222211111222222222211121222222222211111222222222211111222222222211112222222222221121
222222222211111222222222211111222222222211121222222222211111222222222211111222222222211112222222222221122
222222222211111222222222211111222222222211121222222222211111222222222211111222222222211112222222222221121
222222222211111222222222211111222222222211121222222222211111222222222211111222222222211112222222222221122
222222222211111222222222211111222222222211121222222222211111222222222211111222222222211112222222222221121
222222222211111222222222211111222222222211121222222222211111222222222211111222222222211112222222222221121
222222222211111222222222211111222222222211121222222222211111222222222211111222222222211112222222222221122
222222222211111222222222211111222222222211121222222222211111222222222211111222222222211112222222222221122
222222222211111222222222211111222222222211121222222222211111222222222211111222222222211112222222222221122
222222222211111222222222211111222222222211121222222222211111222222222211111222222222211112222222222221122
222222222211111222222222211111222222222211121222222222211111222222222211111222222222211112222222222221122
222222222211111222222222211111222222222211121222222222211111222222222211111222222222211112222222222221122
222222222211111222222222211111222222222211121222222222211111222222222211111222222222211112222222222221121
222222222211111222222222211111222222222211121222222222211111222222222211111222222222211112222222222221122
222222222211111222222222211111222222222211121222222222211111222222222211111222222222211112222222222221121
222222222211111222222222211111222222222211121222222222211111222222222211111222222222211112222222222221122
222222222211111222222222211111222222222211121222222222211111222222222211111222222222211112222222222221122
222222222211111222222222211111222222222211121222222222211111222222222211111222222222211112222222222221122
222222222211111222222222211111222222222211121222222222211111222222222211111222222222211112222222222221122
222222222211111222222222211111222222222211121222222222211111222222222211111222222222211112222222222221122
222222222211111222222222211111222222222211121222222222211111222222222211111222222222211112222222222221122
222222222211111222222222211111222222222211121222222222211111222222222211111222222222211112222222222221122
222222222211111222222222211111222222222211121222222222211111222222222211111222222222211112222222222221121
222222222211111222222222211111222222222211121222222222211111222222222211111222222222211112222222222221122
222222222211111222222222211111222222222211121222222222211111222222222211111222222222211112222222222221122
222222222211111222222222211111222222222211121222222222211111222222222211111222222222211112222222222221121
222222222211111222222222211111222222222211121222222222211111222222222211111222222222211112222222222221121
222222222211111222222222211111222222222211121222222222211111222222222211111222222222211112222222222221121
222222222211111222222222211111222222222211121222222222211111222222222211111222222222211112222222222221122
222222222211111222222222211111222222222211121222222222211111222222222211111222222222211112222222222221121
222222222211111222222222211111222222222211121222222222211111222222222211111222222222211112222222222221121
222222222211111222222222211111222222222211121222222222211111222222222211111222222222211112222222222221122
222222222211111222222222211111222222222211121222222222211111222222222211111222222222211112222222222221122
222222222211111222222222211111222222222211121222222222211111222222222211111222222222211112222222222221121
222222222211111222222222211111222222222211121222222222211111222222222211111222222222211112222222222221121
222222222211111222222222211111222222222211121222222222211111222222222211111222222222211112222222222221121
222222222211111222222222211111222222222211121222222222211111222222222211111222222222211112222222222221121
222222222211111222222222211111222222222211121222222222211111222222222211111222222222211112222222222221121
222222222211111222222222211111222222222211121222222222211111222222222211111222222222211112222222222221121
222221111122222222222222211111222222222211121222222222211111222222222211111222222222211112222222222221122
222222222211111222222222211111222222222211121222222222211111222222222211111222222222211112222222222221122
222222222211111222222222211111222222222211121222222222211111222222222211111222222222211112222222222221122
222222222211111222222222211111222222222211121222222222211111222222222211111222222222211112222222222221122
222222222211111222222222211111222222222211121222222222211111222222222211111222222222211112222222222221122
222222222211111222222222211111222222222211121222222222211111222222222211111222222222211112222222222221121
222222222211111222222222211111222222222211121222222222211111222222222211111222222222211112222222222221121
222222222211111222222222211111222222222211121222222222211111222222222211111222222222211112222222222221121
222222222211111222222222211111222222222211121222222222211111222222222211111222222222211112222222222221121
222222222211111222222222211111222222222211121222222222211111222222222211111222222222211112222222222221121
222222222211111222222222211111222222222211121222222222211111222222222211111222222222211112222222222221122
222222222211111222222222211111222222222211121222222222211111222222222211111222222222211112222222222221121
222222222211111222222222211111222222222211121222222222211111222222222211111222222222211112222222222221122
222222222211111222221111221211222222222211121222222222211111222222222211111222222222211112222222222221122
222222222211111222221222211111222222222211121222222222211111222222222211111222222222211112222222222221121
222222222211111222222222211111222222222211121222222222211111222222222211111222222222211112222222222221122
222222222211111222222222211111222222222211121222222222211111222222222211111222222222211112222222222221122
222222222211111222222222211111222222222211121222222222211111222222222211111222222222211112222222222221121
222222222211111222221111222221222222222211121222222222211111222222222211111222222222211112222222222221122
222222222211111222222222211111222222222211121222222222211111222222222211111222222222211112222222222221121
222222222211111222221111122222222222222211121222222222211111222222222211111222222222211112222222222221121
222222222211111222222222211111222222222211121222222222211111222222222211111222222222211112222222222221121
222222222211111222221221111111222222222211121222222222211111222222222211111222222222211112222222222221121
222222222211111222221111121222222222222211121222222222211111222222222211111222222222211112222222222221122
