22221111122221222222222222112221
22221111121221222222222221112112
22221111122222222222222221122122
22221111122021222222222222122212
22211111122221222222222222112212
22221111122221222222222221122121
22221111122221222222222221222112
22221111122221222222222222122222
22221111121021222222222221112121
22221111122221222222222222112211
22221111122222222222222222122212
22221111122221222222222222122221
12211111122021222222222221122111
12221111122221222222222221122112
12211111122021222222222221122112
12221111121221222222222221112112
22221111122211222222222221122112
12221222221221222222222221112122
12221111122021222222222221122112
12211111121021222222222221112122
12221111122221222222222221112121
12221111121221222222222221112121
12221111122021222222222222122221
22221111122221222222222222112221
22221111122221222222222221122112
22221111122222222222222222122122
22221111122221222222222222112212
22221111122221222222222222112212
22221111122211222222222221122122
22221111122211222222222222111212
22221111121221222222222222212122
22221111122021222222222222122122
22221111121221222222222222112221
22221111122122222222222221122112
22221111122211222222222222122221
22221111122021222222222222122111
22221111122121222222222222222212
22221111121021222222222221112112
22221111121021222222222221112112
22221111121221222222222221112212
22221111122221222222222221112122
22221111121221222222222221112121
22211111121021222222222222122121
22221111121221222222222222112221
22221111121222222222222222112212
22211111121121222222222221112121
22111111121221222222222221112121
22221111121221222222222221112122
22221111122222222222222221212112
22221111121221222222222221112122
22221111122121222222222221122112
22221111122221222222222221122122
22221111122221222222222222112212
22221111122221222222222221112122
22221222221221222222222221112122
22221111121221222222222221112122
22221111122212222222222221122112
22221111122221222222222222122221
12121111121121222222222221122121
12221111122121222222222221122112
12111111121121222222222221122111
12121111122121222222222221122112
12221111121221222222222221112112
12121111122121222222222221122122
12121111122121222222222221122122
12121111121121222222222221122122
12111111122121222222222221122121
12111111121122212222222221222112
22221111122221222222222221122111
22221111122211222222222221122111
22221111122111222222222221122112
22221111122222222222222221112122
22221111122221222222222221122112
22221111122011222222222221122112
22221111122222222222222221122112
22221111122021222222222221122112
22221111121221222222222222112222
22221111122221222222222221112121
22221111122221222222222221112121
22221111122222222222222221122112
22221111122221222222222221112121
22221111122121222222222221122121
12221111122211222222222221122112
22221111122121222222222221122111
22221111122221222222222221112112
22221111122221222222222221122112
22221111122221222222222222112222
12221121121221222222222222112222
22221111112221222222222221112122
22221111122211222222222221122121
22221111122221222222222221122111
22221111121221222222222222112221
22221111121021222222222221112111
22211111121121222222222221112112
22221111122222222222222222122222
22221111122221222222222221122112
22221111121221222222222221112112
22221111122222222222222221122111
22221111122221222222222221112112
22221111121221222222222221112122
22221111122221222222222221112121
22221111122121222222222221122121
22221111122212222222222221122112
22221111122221222222222221122121
22221111122221222222222222112211
22221111122221222222222222122112
22221111121021222222222221112112
22221111122221222222222222112212
22221111122221222222222222122212
22221111122221222222222221122122
22221111122221222222222222111222
22221111121221222222222221112122
22221111122221222222222221122122
22221111122221222222222221122122
22221111121221222222222222111222
22221111121221222222222221112121
22221111122221222222222221122112
22221111122212222222222221122122
22221111122221222222222221122112
22221111122221222222222221222112
22221111121221222222222222112222
22221111122221222222222222112112
22221111121221222222222221112122
22221111121221222222222221112122
22221111121221222222222221112121
22211111122222222222222221112112
22211111121221222222222221112121
22221111122221222222222221112121
22221111122221222222222221212112
22221111122221222222222221122112
22221111122221222222222221121112
22221111121021222222222221112112
22221111122221222222222222122212
22211111122221222222222221112121
22222221112222111222222221212112
22211111122221222222222221112121
22221111122221222222222221112121
22221111122221222222222222112221
22221111122221222222222222122121
22221111122221222222222222112212
22221111122222222222222222122122
22221111122221222222222221111112
22221111121221222222222221112112
22211111121221222222222221122122
22221111121221222222222221112112
22221111122221222222222222122122
22221111122221222222222222112122
22221111121221222222222221112121
22221111122212222222222222122112
22221111122221222222222222122221
22221111122211222222222222112111
22221111122221222222222221122112
22221111122221222222222222122212
22221111122221222222222222122212
22221111122221222222222222112212
22221111121221222222222222112121
22221111122121222222222221122122
22221111122221222222222221122121
22221222221221222222222222112221
22221111122221222222222222112221
22221111122221222222222221112121
22221111121221222222222221112111
22221111122211222222222222122112
22211111122222222222222221122122
22221111122221222222222221112112
22221111122221222222222222122112
22221111122221222222222221122122
22221111122221222222222222112212
22221111122221222222222221112122
22221111121221222222222221112121
22221111111221222222222221112121
22221111122222222222222222122112
22221111122211222222222222122221
22221111122221222222222222112211
22221111122221222222222221212122
22221111122221222222222221122112
22221111122221222222222221212112
22221111122221222222222222122212
22211111122121222222222221122122
22221111122121122222222221122122
22121111121021222222222221112122
22221111122021222222222221122121
22221111122222222222222221122122
22221111122221222222222222222221
22221111121121222222222221112111
22221111122021222222222221122112
22221111122212222222222222122222
22222221122211212222222222221222
22221111121221222222222222212212
22221111122221222222222222122212
22221111122221222222222221122112
22221111121221222222222221212122
22211111122021222222222221122122
22221111122221222222222221122121
22221111122222222222222222121212
22221111122221222222222221122121
22221111122221222222222221122111
22221111122121222222222221122111
22211111121221222222222222212212
22221111122221222222222221122112
22121111121121222222222221122112
22221111121221222222222221112122
22221121122221222222222221122122
22221111121221222222222221121122
22221111121221222222222221122121
22221111121221222222222221112121
22111111122121222222222221122121
22211111121221222222222221111111
22221111122221222222222221112112
22211111121222222222222221112222
22221111122021222222222222122212
22221111122221222222222221122112
22221111122221222222222221112112
22221111121221222222222221122112
22211111121121222222222222122222
22221111122221222222222221122121
22221111122221222222222222122121
22221111121222222222222221112112
22221111121021222222222221112121
22221111122221222222222222112211
22221111122221222222222222122212
22221111121221222222222221112112
22221111122221222222222222112212
22221111122221222222222222122112
22221111121221222222222221112122
22221111122221222222222222112212
22221111121221222222222221112121
22221111122221222222222222112221
22221111121221222222222222112221
22221111121221222222222222112221
22211111121221222222222222112121
22221111121221222222222222112212
22221111122222222222222222122122
22221111121221222222222221112112
22221111122221222222222222122112
22211111121221222222222222112222
22221111122221222222222222122212
22221111122221222222222222122222
22221111122221222222222221212111
22221111122221222222222222112222
22221111122222222222222222112212
22221111121221222222222222112221
12221111122221222222222221112121
12221111122111222222222221122122
12221111122121222222222221122112
12221111122221222222222221122112
12221111122221222222222221122112
12221111122211222222222221122121
12221111122221222222222221122112
12221111112221222222222221212121
12211111121221222222222222112221
12221111122221222222222221122121
22221111122221222222222221122122
22222222221222211111111112221212
22221111121221222222222222212212
22221111122222222222222221122222
22221111122221222222222222122212
22221111121221222222222221122112
22211111122221222222222222112222
22211111122221222222222222122112
22221111121221222222222222112222
22221111121221222222222222112221
22221111122221222222222222122111
22221111122222222222222221122112
22221111121221222222222221112121
22221111121221222222222222112221
22221111122221222222222222112222
22221111122221222222222221111112
12221111122121222222222221122112
22221111112221222222222222112212
22221111112221222222222221212122
22221111122221222222222221112122
22221111112211222222222222112221
22221111122221222222222222112221
22221111122222222222222221212112
22221111121221222222222222112221
22221111122221222222222222112121
22221111122111222222222221122112
22221111122222222222222221122122
22221111122221222222222221122112
22211111121221222222222221112122
22221111122221222222222221122122
22221111122221222222222222112212
22221111121221222222222221112112
22221111122211222222222221112121
22221111122221222222222221112121
22221111122222222222222221122112
22221111112221212222222221212121
22221111122221222222222222122211
22221111122221222222222222112212
22221111112221222222222222112211
22221111122211222222222221122112
22221111122211222222222221122112
22221111122221222222222221112122
22221111122221222222222221122122
22221111122221222222222222111222
22221111122221222222222221122121
22221111122221222222222221122121
22221111122021222222222222122121
22221111121221222222222221112121
22211111121221222222222222112212
22221111122222222222222222122222
22221111122221222222222221122112
22221111121221222222222222112121
22221111121221222222222222112222
22221111121021222222222222112112
22221111121221222222222222112222
22221111121221222222222222112222
22221111122221222222222222122212
22221111121222222222222222211212
22221111121221222222222222112221
22221111122221222222222221122111
22221111122211222222222221122112
22221111122211222222222222112211
22221111122221222222222221112112
22221111122221222222222221122112
22221111122221222222222222112222
22221111122221222222222221112122
22221111112211222222222222112222
22221111122221222222222221122121
22221111122221222222222222122121
22221111122221222222222222112221
22221111112221222222222222112111
22221111122221222222222221122112
22221111122222222222222222122122
22221111122211222222222221122112
22221111122211222222222222122212
22221111122222222222222222212212
22221111121221222222222222112212
22221111122221222222222221112122
22221111121221222222222221112122
22221111122221222222222221122122
22221111122212222222222221122112
22221111112221222222222221122121
22221111121021222222222221112121
22221111122221222222222222112212
22221111121221222222222221112112
22221111121221222222222222112212
22221111122221222222222222211212
22221111122221222222222222122222
22221111122221222222222222112222
22221111121221222222222222112222
22221111122221222222222222112221
22221111121222222222222222111212
22221111121221222222222222212221
22221111121021222222222222112222
22221111121122222222222222112221
22221111121222222222222222122222
22221111122221222222222222112211
22221111122221222222222222112212
22221111122221222222222222112212
22221111121121222222222222112112
22221111121021222222222222112222
22221111121221122222222221112121
22221111122221222222222222112221
22221111122222222222222222112212
22221111122021222222222222122221
22221111122221222222222222222211
22221111122221222222222221122112
22221111122221222222222222122112
22211111121021222222222222222112
22221111122221222222222222122212
22221111121121222222222221122122
22211111121221222222222221122122
22221111121221222222222222112222
22221111122221222222222222112121
22221111121221222222222221122121
22221111121221222222222221112111
22221111121221222222222222221222
22221111122221222222222221122122
22221111122212222222222222212222
22221111122121222222222221122122
22221111122221222222222221122112
22221111122221222222222221112121
22211111121221222222222221212112
22221111122221222222222222112212
22221111121221222222222221112121
22221111122221222222222221222121
22221111122222222222222221122112
22221111122221222222222222112221
