-30
-29
-28
-31
-5
-23
-23
-26
-31
0
-24
-23
-31
-31
0
-31
-31
-25
-31
0
-29
-29
-30
-31
0
-31
-31
-31
-31
0
-30
-30
-27
-31
7
-30
-30
-17
-31
0
-27
-27
-30
-31
0
-29
-29
-29
-29
10
-28
-28
-31
-31
5
-28
-28
-31
-31
0
-29
-30
-29
-31
-8
-28
-28
-31
-31
-3
-29
-29
-26
-30
0
-27
-27
-25
-31
3
-29
-29
-29
-31
-5
-25
-26
-31
-31
0
-30
-30
-30
-31
4
-30
-30
-30
-31
4
-30
-30
-22
-31
0
-25
-27
-31
-31
4
-31
-31
-29
-31
-4
-26
-30
-28
-31
3
-30
-30
-27
-31
0
-31
-31
-31
-31
-1
-24
-24
-31
-31
-5
-25
-25
-29
-31
1
-30
-30
-30
-31
7
-28
-27
-30
-31
-5
-29
-30
-29
-31
-6
-30
-30
-31
-31
-8
-30
-30
-22
-31
0
-30
-30
-31
-31
-1
-28
-28
-29
-31
6
-30
-30
-31
-31
-7
-30
-31
-31
-31
0
-30
-30
-14
-31
0
-31
-31
-26
-31
-3
-30
-31
-29
-31
0
-29
-30
-31
-31
0
-26
-27
-29
-31
-6
-31
-31
-24
-31
0
-29
-29
-31
-31
-1
-28
-28
-31
-31
-1
-26
-26
-31
-31
0
-30
-30
-31
-31
-7
-30
-30
-31
-31
0
-28
-30
-20
-31
0
-30
-30
-29
-31
-1
-28
-28
-31
-31
-1
-30
-30
-15
-31
0
-27
-28
-25
-31
5
-27
-28
-29
-31
4
-30
-30
-29
-24
7
-29
-29
-30
-31
-6
-30
-30
-31
-28
-1
-28
-28
-31
-31
0
-30
-30
-31
-31
-1
-25
-25
-29
-31
0
-29
-29
-29
-31
-1
-28
-28
-31
-30
-1
-30
-30
-27
-31
0
-23
-24
-27
-31
5
-29
-29
-21
-31
0
-29
-29
-23
-31
14
-27
-26
-28
-31
0
-30
-30
-30
-31
8
-29
-30
-31
-27
-1
-30
-30
-30
-31
-8
-27
-27
-31
-31
0
-26
-27
-31
-31
6
-29
-29
-20
-31
-4
-26
-25
-18
-31
4
-20
-18
-22
-31
10
-22
-22
-30
-31
6
-29
-29
-29
-31
0
-26
-27
-31
-31
-6
-28
-28
-31
-31
-1
-30
-30
-23
-31
-4
-31
-31
-26
-31
9
-30
-30
-30
-31
9
-30
-30
-29
-31
-9
-28
-28
-31
-31
0
-29
-29
-24
-31
8
-30
-30
-30
-31
7
-30
-30
-31
-31
8
-30
-30
-25
-31
6
-27
-28
-30
-31
5
-31
-31
-30
-31
0
-29
-29
-29
-31
7
-30
-30
-28
-25
7
-22
-22
-30
-31
7
-27
-28
-31
-31
0
-30
-30
-30
12
-14
-30
-30
-25
-27
5
-30
-30
-30
-31
8
-25
-25
-14
-31
12
-30
-31
-31
-31
0
-30
-30
-30
-27
-15
-30
-30
-31
-31
3
-29
-29
-30
-31
6
-27
-27
-30
-31
7
-29
-29
-30
-31
9
-29
-30
-30
-31
7
-29
-29
-31
-31
-15
-27
-27
-28
-31
8
-26
-27
-31
-31
10
-23
-25
-30
-31
9
-31
-30
-30
-31
-15
-30
-30
-28
-31
9
-30
-30
-24
-31
10
-30
-30
-31
-31
6
-28
-30
-31
-31
5
-30
-31
-30
-31
7
-30
-31
-24
-30
9
-29
-29
-23
-31
10
-28
-28
-31
-31
-1
-30
-30
-31
-31
-15
-29
-29
-31
-31
2
-29
-30
-30
-31
-15
-29
-29
-30
-31
8
-29
-29
-31
-31
6
-31
-31
-30
-31
-16
-30
-30
-31
-31
-12
-31
-31
-30
31
-15
-30
-30
-29
-30
7
-28
-28
-27
-31
0
-30
-30
-31
-31
6
-31
-31
-31
-31
-16
-30
-30
-31
-31
0
-30
-30
-30
-31
9
-29
-29
-30
-31
-14
-29
-29
-30
-31
7
-29
-29
-30
-31
3
-30
-30
-31
-31
-16
-24
-22
-31
-31
7
-30
-30
-29
-31
7
-27
-27
-24
-31
7
-30
-30
-31
-31
8
-23
-23
-31
-31
6
-30
-31
-29
-31
0
-30
-30
-30
-31
6
-30
-30
-31
-30
-10
-27
-28
-30
-31
4
-28
-28
-24
-31
6
-29
-29
-31
-31
2
-30
-30
-30
-31
-9
-26
-27
-30
-31
10
-31
-31
-31
-31
7
-31
-31
-15
-31
9
-30
-30
-31
-31
0
-31
-31
-30
-31
-15
-28
-28
-14
-31
7
-30
-30
-31
-31
-6
-30
-30
-25
-31
8
-29
-29
-21
-31
8
-30
-30
-31
-31
8
-29
-29
-19
-31
11
-27
-27
-31
-31
10
