-16383
-16383
-16383
-16383
-16383
-16383
-16383
-16383
-16383
-16383
-16383
-16383
-16383
-16383
-16383
-16383
-16383
-16383
-16383
-16383
-16383
-16383
-16383
-16383
-16383
-16383
-16383
-10606
-16383
-16383
-16383
-16383
-16383
-16383
-16383
-16383
-8900
-16383
-16383
-16383
-16383
-16383
-16383
-16383
-16383
-16383
-16383
-16383
-16383
-16383
-16383
-16383
-16383
-16383
-16383
-16383
-16383
-16383
-16383
16383
16383
16383
16383
16383
16383
16383
16383
16383
16383
16383
16383
16383
16383
16383
16383
16383
16383
16383
16383
16383
16383
16383
16383
16383
16383
16383
16383
16383
16383
16383
3123
16383
16383
16383
16383
16383
16383
16383
16383
16383
16383
16383
16383
16383
16383
16383
16383
16383
16383
16383
16383
16383
16383
16383
16383
16383
16383
16383
