-133
-255
-169
-30
-255
-32
-255
-255
-255
-255
-57
-255
-255
-27
-181
-117
-255
-255
-255
-255
-255
-255
-255
-171
-255
-204
-255
-255
-255
-180
-34
-255
-153
-255
-255
-255
-255
-255
-255
-19
-255
-222
-255
-255
-255
-255
-255
-255
-255
-255
-28
-255
-255
-255
-255
-255
-32
-255
-255
-169
255
255
255
217
154
255
95
255
255
255
75
87
255
238
255
205
146
255
255
255
113
255
255
255
255
24
255
255
172
255
255
30
255
236
255
255
255
255
255
255
122
69
181
231
255
255
158
190
98
5
255
182
255
255
255
255
255
207
255
255
