-194
51
-209
113
-253
-253
-253
-253
-62
-59
-59
-138
-203
-202
-179
-213
81
151
-237
65
-240
-178
-197
-236
-228
-134
-228
-199
-255
-255
-244
-216
-218
-55
-200
-224
-221
-240
-247
-254
-243
-252
-252
-254
-249
-111
94
-86
-92
-100
-203
212
-251
-243
-242
-247
8
-71
-71
-182
-11
-12
-20
-229
44
-80
-234
18
-248
-251
-239
-240
-253
-254
-242
-222
-232
-232
-172
-140
-216
-193
-208
-161
-159
-199
-253
-251
-250
-102
138
-251
-247
-110
-41
0
-104
8
-199
-135
-245
-246
-246
-245
-116
-71
-71
-217
177
175
20
-239
-168
-212
-243
-196
196
-248
-253
-255
-254
-253
-223
-235
-235
-209
-166
-222
-247
-247
-246
-245
-227
-247
-251
-246
-240
-242
-244
-252
-242
-111
-217
0
-238
78
-216
-73
-250
-250
-250
-250
-21
-93
-93
-193
18
17
-2
-231
-56
-104
-237
-113
-220
-253
-242
-238
-253
-254
-226
-225
-252
-250
-236
-239
-249
-240
-248
-242
-240
-246
-253
-253
-253
-251
-231
-252
-253
-111
153
0
36
-52
-167
-164
-250
-249
-247
-250
121
-67
-67
-230
-30
-31
-76
-225
-143
-64
-231
-172
-224
-254
-150
-199
-247
-253
-249
-249
-216
-240
-249
-162
-213
-227
-213
-224
-171
-254
-254
-254
-253
-253
-252
-255
-249
-105
82
27
-251
14
-195
154
-246
-247
-246
-246
-92
-74
-74
-133
-26
-25
-130
-209
6
-70
-223
-30
-249
-230
-200
-231
-250
-253
-253
-248
-214
-238
-219
-152
-186
-105
-212
-222
-79
-248
-250
-221
-232
-244
-253
-253
-242
-104
101
0
-171
-138
-70
157
-246
-247
-246
-246
-25
-56
-56
-166
34
31
80
-66
-255
-111
-125
-255
-252
-238
-232
-214
-245
-248
-226
-158
-248
-249
-198
-244
-251
-240
-238
-218
-222
-232
-250
-243
-238
225
255
-253
-241
-108
60
-41
-238
93
-218
-168
-243
-244
-243
-243
-44
10
10
-143
-199
-200
-58
-172
-56
152
-150
-89
-123
-248
-251
-245
-244
-235
-253
-243
-254
-255
-234
-235
-218
-115
-101
-131
-143
-217
-253
-254
-254
-254
-251
-254
-248
-110
166
-88
-225
99
-219
-146
-240
-241
-240
-240
-54
-99
-99
-197
-43
-43
-128
-229
-118
-54
-239
-125
-224
-157
-118
-198
-249
-249
-233
-229
-185
-214
-200
-212
-218
-168
-193
-177
-137
-208
-251
-254
-252
-246
-249
-253
-230
-106
57
-65
-51
-167
-120
224
-247
-247
-246
-246
-65
-55
-55
-255
-19
-19
-131
-230
-6
-76
-238
-53
-249
-234
-117
-178
-184
-227
-242
-242
-174
-249
-226
-126
-135
-150
-227
-223
-124
-219
-230
-205
-190
-202
-238
-246
-176
-69
0
0
-101
22
-193
15
-225
-227
-225
-224
-29
-68
-68
-174
3
3
-151
-183
-93
-96
-202
-113
-235
-254
-237
-228
-238
-236
-238
-234
-251
-250
-230
-229
-251
-251
-245
-205
-152
-251
-255
-254
-254
-255
-254
-255
-254
-108
0
0
-131
-69
-207
94
-238
-239
-238
-237
-27
-58
-58
-229
-9
-8
-214
-242
-31
-87
-248
-42
-250
-250
-223
-242
-251
-253
-252
-251
-230
-252
-250
-83
-140
-176
-251
-246
-201
-237
-246
-238
-238
-236
-246
-253
-219
-107
0
0
-186
31
-209
12
-222
-227
-224
-223
-10
-64
-64
-132
-145
-146
-4
-168
-81
71
-227
-77
-231
-253
-236
-143
-161
-195
-193
-44
-244
-230
175
-76
-80
-142
-148
-111
6
-183
-202
-248
-248
6
-100
-253
-237
-111
60
-37
-222
12
-205
49
-244
-247
-249
-252
-79
-61
-61
-209
29
28
-11
-238
-31
-114
-244
-53
-235
-254
-222
-249
-255
-255
-188
-176
-229
-186
-60
-159
-222
-201
-189
-103
-160
-190
-216
-200
-180
-167
-227
-247
-149
-111
0
0
-243
11
-206
237
-213
-247
-243
-238
-123
-55
-55
-169
87
87
-69
-244
44
-159
-248
18
-246
-252
-254
-254
-255
-255
-161
-172
-244
-211
-211
-245
-251
-252
-231
-168
-106
-242
-252
-251
-248
-249
-249
-254
-249
-110
25
4
-194
78
-207
-145
-213
-217
-212
-211
-174
65
65
-195
15
10
182
-186
-180
-89
-190
-255
-217
-177
-248
-221
-248
-250
-241
-226
-250
-250
-238
-236
-243
-241
-233
-233
-237
-254
-254
-251
-249
-253
-251
-255
-251
-107
101
0
-196
-161
-105
-69
-232
-234
-233
-232
-48
-57
-57
-255
-18
-18
-153
-213
-106
-78
-229
-113
-226
-254
-212
-232
-251
-250
-250
-251
-239
-235
-235
-202
-202
-204
-230
-230
-215
-252
-253
-251
-252
-251
-253
-255
-244
-103
98
0
-224
12
-171
-135
-240
-242
-241
-240
-95
-16
-16
-153
-28
-29
-77
-244
-143
-66
-248
-148
-223
-252
-249
-253
-254
-254
-255
-255
-254
-253
-251
-233
-243
-246
-243
-242
-238
-248
-254
-249
-251
-254
-249
-255
-253
-109
-123
117
-227
-146
-103
-68
-247
-248
-248
-247
-132
-61
-61
-180
-3
-2
-174
-227
-106
-92
-237
-113
-224
-254
-253
-254
-255
-255
-255
-254
-253
-254
-244
-232
-239
-245
-253
-248
-224
-249
-254
-250
-252
-254
-253
-255
-253
-109
-138
119
-176
-35
-182
-139
-254
-255
-255
-254
-162
48
48
-165
-171
-170
-177
-228
-56
100
-243
-65
-121
-172
-236
-220
-185
-191
-188
-183
-254
-253
-215
-174
-174
-207
-243
-208
-161
-247
-251
-254
-251
-254
-250
-254
-252
-110
115
-46
-223
-53
-161
243
-253
-251
-251
-251
-181
-25
-25
-149
-5
-5
-170
-225
31
-89
-237
18
-248
-253
-254
-255
-255
-255
-255
-254
-251
-254
-242
-226
-224
-239
-251
-243
-204
-248
-254
-246
-248
-253
-250
-254
-251
-109
-126
102
-149
-124
-144
245
-240
-246
-245
-244
-52
-57
-57
-224
-67
-66
-164
-231
-44
-31
-241
-53
-226
-254
-180
-229
-253
-253
-247
-246
-207
-186
-246
-245
-245
-218
-215
-223
-232
-150
-221
-248
-251
-246
-249
-254
-198
-114
-128
0
-242
1
-205
-83
-253
-253
-253
-253
-183
-169
-169
-193
2
1
-1
-231
-81
-91
-238
-136
-223
-253
-244
-238
-253
-254
-248
-238
-252
-253
-241
-250
-246
-247
-246
-239
-245
-248
-254
-254
-254
-254
-235
-252
-253
-112
102
0
22
-113
-194
-68
-249
-249
-249
-249
-116
-61
-61
-255
-14
-17
75
-131
-255
-70
-120
-255
-225
-201
-99
-176
-224
-224
-236
-207
-203
-215
-86
-138
-245
-194
-195
-36
-133
-252
-252
-254
-255
-251
-249
-252
-190
-68
0
4
39
-55
-119
-137
-238
-239
-238
-237
-89
-58
-58
-61
-8
-8
-55
-165
-255
-84
-168
-255
-219
-246
-241
-217
-227
-246
-242
-239
-250
-252
-243
-235
-251
-253
-249
-233
-207
-252
-254
-254
-253
-253
-255
-254
-253
-113
-101
0
34
-85
-137
-130
-251
-251
-251
-251
-131
-56
-56
119
-29
-29
-167
-223
-131
-68
-234
-136
-223
-254
-187
-226
-243
-243
-244
-241
-207
-240
-246
-216
-214
-124
-248
-253
-230
-250
-251
-248
-251
-247
-253
-254
-234
-96
0
0
-243
60
-215
-105
-246
-247
-247
-247
-22
-122
-122
-170
50
50
-87
-241
118
-133
-248
101
-241
-246
-254
-253
-254
-254
-214
-188
-252
-244
-223
-243
-251
-254
-231
-217
-178
-225
-247
-243
-236
-231
-245
-254
-231
-108
86
0
-193
-57
-182
244
-247
-253
-252
-251
-95
-55
-55
-144
28
28
-32
-227
-44
-114
-241
-89
-248
-192
-198
-188
-221
-227
-239
-217
-253
-248
-211
-245
-251
-252
-252
-248
-233
-225
-250
-251
-250
-232
-242
-253
-247
-109
-243
-36
-250
-9
-176
217
-237
-234
-234
-232
-31
-43
-43
-72
243
243
-161
-221
-68
-249
-233
-89
-218
-253
-255
-254
-254
-253
-252
-241
-249
-250
-215
-250
-254
-254
-250
-249
-224
-203
-252
-252
-250
-250
-250
-145
-224
-109
-179
0
-230
-12
-193
209
-247
-245
-246
-245
-61
-62
-62
-145
-15
-15
-132
-238
31
-80
-246
18
-248
-249
-248
-247
-253
-252
-255
-253
-250
-251
-237
-233
-240
-238
-246
-237
-229
-250
-254
-242
-243
-254
-252
-254
-251
-109
-123
100
-214
72
-217
-141
-225
-228
-225
-224
40
-66
-66
-211
-49
-51
3
-241
-56
-42
-242
-89
-107
-248
-233
-176
-250
-231
-251
-238
-245
-247
-237
-244
-241
-183
-236
-172
-225
-247
-255
-253
-253
-254
-253
-255
-253
-110
-248
111
-128
-118
-73
25
-240
-242
-240
-240
34
-60
-60
-122
37
35
16
-81
-193
-118
-87
-255
-228
-255
-251
-250
-252
-252
-237
-155
-250
-248
-207
-246
-251
-251
-250
-245
-243
-244
-250
-249
-246
-57
-84
-253
-249
-109
151
-64
-232
8
-189
9
-228
-231
-229
-228
-127
-44
-44
-85
-16
-16
-84
-236
56
-78
-241
30
-239
-251
-236
-243
-254
-255
-246
-246
-240
-252
-230
-245
-249
-231
-246
-235
-246
-247
-254
-254
-253
-253
-230
-252
-254
-112
0
0
-208
92
-215
-129
-227
-230
-228
-227
63
-2
-2
-135
-72
-71
-141
-229
-131
-25
-239
-148
-107
-179
-194
-224
-241
-245
-246
-244
-238
-230
-226
-249
-248
-214
-216
-212
-227
-211
-232
-247
-247
-230
-243
-253
-246
-121
-159
-39
-218
-89
-176
247
-238
-250
-249
-247
-132
-63
-63
-141
-49
-48
-226
-236
6
-50
-245
-6
-224
-244
-213
-252
-254
-255
-253
-253
-3
-201
-250
-243
-245
-163
-253
-254
-253
-250
-252
-245
-247
-252
-239
-254
-253
-110
-144
1
-173
-92
-175
11
-217
-223
-218
-217
-160
-54
-54
-166
-52
-52
-135
-223
-68
-45
-235
-101
-23
-252
-241
-244
-253
-254
-253
-254
-159
-247
-245
-249
-237
-168
-223
-233
-221
-5
255
-91
-31
195
-176
60
11
-217
-101
-54
-213
-20
-195
218
-241
-239
-239
-238
-89
-58
-58
-161
-151
-152
-32
-193
6
78
-238
42
-236
-252
-227
-110
-163
-170
-104
-23
-245
-224
55
129
-103
-109
-166
-55
-35
-190
-230
-254
-253
-221
-220
-253
-237
-112
-74
-65
-210
42
-216
-146
-251
-252
-252
-251
-106
-25
-25
-168
93
91
20
-225
-155
-160
-231
-196
-207
-215
-240
-246
-252
-251
-251
-240
-244
-233
-231
-231
-235
-205
-216
-226
-205
-216
-254
-253
-252
-254
-179
-252
-252
-110
-105
0
-219
-192
-10
245
-234
-248
-247
-244
-69
-56
-56
-112
57
56
-47
-235
68
-137
-240
53
-247
-255
-250
-251
-254
-255
-175
-55
-245
-161
-117
-129
-196
-168
-93
-129
-90
-218
-233
-223
-212
-207
-235
-250
-195
-110
0
0
-225
-2
-190
-57
-254
-254
-254
-254
-135
-59
-59
-113
-28
-28
-122
-230
143
-68
-236
125
-244
-252
-252
-254
-255
-255
-255
-255
-250
-252
-250
-238
-248
-236
-247
-250
-239
-248
-254
-251
-252
-254
-253
-255
-253
-109
-131
107
-220
-164
-112
152
-231
-236
-232
-231
-124
-58
-58
-88
-81
-80
-167
-238
6
-15
-245
-42
-226
-255
-201
-238
-254
-255
-254
-253
-229
-104
-247
-249
-252
-210
-122
-94
-12
-238
-250
-255
-255
-255
-253
-253
-250
-110
-8
-10
-240
-52
-84
-113
-255
-255
-255
-255
-225
-14
-14
-45
255
255
-170
-238
-168
-255
-247
-172
255
-254
-255
-254
-254
-251
-252
-249
-254
-253
-236
-254
-254
-254
-254
-254
-227
-210
-252
-254
-254
-253
-254
-235
-233
-110
73
0
-218
-89
-159
202
-247
-249
-244
-246
-102
-62
-62
43
29
29
-88
-203
-106
-116
-218
-136
-249
-255
-240
-245
-254
-255
-226
-163
-244
-231
67
-108
-215
-225
-43
46
-143
-84
-147
-106
-92
-14
-214
-241
33
-108
0
-65
-244
11
-209
147
-245
-247
-246
-245
-91
-37
-37
-132
3
2
-25
-237
19
-92
-248
6
-247
-254
-240
-252
-255
-255
-241
-211
-233
-233
-211
-225
-247
-239
-242
-211
-137
-243
-251
-250
-247
-205
-249
-254
-248
-111
-84
6
-242
74
-222
-4
-220
-222
-220
-219
14
-60
-60
66
17
16
-31
-241
-81
-105
-245
-101
-232
-244
-226
-247
-253
-254
-232
-221
-240
-238
-120
-200
-219
-188
-162
-12
-141
-252
-252
-255
-253
-254
-252
-247
-253
-110
58
25
-231
75
-217
-150
-254
-254
-254
-254
-38
18
18
-110
-69
-68
-150
-158
-255
-28
-198
-255
-115
-245
-176
-243
-250
-254
-240
-246
-212
-220
-245
-244
-253
-244
-251
-251
-253
-232
-253
-253
-254
-253
-250
-255
-253
-110
-119
-67
-149
-79
-170
246
-244
-253
-252
-251
-74
-58
-58
-204
-156
-156
-112
-220
168
81
-243
160
-238
-254
-227
-98
-101
-124
-87
21
-245
-242
255
3
-17
25
-143
10
-104
-196
-158
-253
-252
-224
-241
-252
-229
-113
-74
-60
-172
-97
-159
-54
-242
-243
-242
-242
-33
-56
-56
-184
-30
-30
-165
-185
19
-67
-211
-53
-244
-248
-250
-248
-254
-255
-254
-254
-225
-248
-251
-225
-238
-164
-242
-239
-239
-154
-191
255
255
-126
-245
-251
-123
-49
16
18
-29
-55
-186
-68
-244
-245
-244
-244
-46
-68
-68
-148
171
169
59
-199
-68
-208
-203
-160
-197
-254
-252
-254
-253
-253
-210
-235
-213
-202
-221
-233
-240
-240
-250
-237
-203
-237
-243
-248
-241
-233
-248
-114
-219
-90
-72
61
-221
43
-189
-129
-254
-254
-254
-254
-112
-255
-255
-107
-3
-3
-108
-243
-93
-90
-249
-89
-220
-253
-252
-254
-255
-254
-254
-253
-251
-254
-242
-243
-251
-245
-244
-238
-235
-254
-254
-253
-253
-254
-253
-255
-254
-109
-137
116
-220
-6
-197
-81
-236
-237
-236
-236
-49
-37
-37
-153
-191
-190
-162
-156
-68
131
-225
-53
-99
-202
-230
-217
-222
-152
-209
-137
-251
-250
-236
-202
-193
-156
-226
-238
-229
-249
-252
-254
-250
-251
-248
-254
-246
-106
153
-48
-242
-28
-195
160
-249
-250
-250
-249
-191
-78
-78
-147
239
237
-2
-222
-193
-245
-229
-196
-208
-252
-253
-251
-253
-250
-246
-228
-250
-246
-247
-251
-253
-253
-253
-251
-222
-210
-253
-253
-253
-252
-251
-218
-221
-97
-131
0
-213
-69
-171
214
-255
-255
-254
-255
-92
56
56
-152
-24
-23
-117
-219
-168
-72
-232
-219
-222
-249
-248
-247
-242
-236
-249
-250
-249
-253
-253
-212
-233
-229
-248
-222
-228
-248
-254
-246
-245
-252
-250
-254
-249
-109
-121
112
-243
-214
11
-140
-225
-229
-224
-225
-105
-55
-55
-255
-64
-64
-148
-214
-118
-33
-226
-125
-115
-255
-227
-248
-253
-254
-254
-255
-224
-207
-246
-252
-248
-236
-235
-224
-245
-253
-254
-254
-253
-251
-253
-243
-253
-108
0
-15
-95
23
-228
-255
-241
-240
-230
-238
194
-112
-112
-109
-22
-23
-31
-247
-56
-71
-250
-89
-223
-234
-246
-244
-254
-255
-253
-247
-246
-233
-208
-232
-240
-225
-190
-167
-175
-247
-254
-253
-253
-251
-245
-252
-251
-110
128
4
-200
69
-225
135
-217
-221
-218
-217
120
-65
-65
-198
-88
-88
-138
-218
31
-7
-229
6
-227
-250
-185
-229
-252
-254
-251
-250
-238
-204
-227
-241
-249
-216
-158
-174
-224
-237
-254
-254
-252
-251
-240
-252
-250
-119
-48
-64
-166
-189
-7
152
-231
-236
-232
-231
-146
-55
-55
-193
-47
-46
-160
-229
81
-51
-238
30
-222
-254
-214
-250
-254
-255
-254
-255
-211
-227
-252
-240
-230
-177
-242
-222
-238
-225
-197
-245
-248
-200
-249
-199
-248
-116
-11
0
-232
58
-216
-36
-247
-247
-247
-246
-17
-8
-8
-121
-22
-22
-143
-219
-44
-74
-230
-77
-231
-254
-252
-254
-254
-254
-255
-254
-251
-254
-252
-241
-244
-229
-252
-248
-233
-253
-255
-248
-247
-254
-254
-255
-253
-109
-135
130
-233
78
-216
-38
-255
-255
-255
-255
-176
-106
-106
-112
-203
-202
-171
-223
-31
150
-235
-65
-236
-220
-250
-240
-247
-208
-251
-245
-253
-255
-234
-234
-198
-51
-200
-36
-226
-225
-254
-254
-254
-254
-251
-254
-248
-110
-255
97
-35
-100
-78
-25
-243
-244
-244
-244
-148
-53
-53
-255
-16
-18
21
-113
-218
-72
-112
-255
-230
-254
-238
-192
-219
-236
-245
-240
-247
-246
-242
-242
-244
-250
-245
-224
-208
-230
-211
-245
-239
-217
-249
-190
-223
-255
58
155
-210
-55
-160
251
-229
-230
-228
-227
-6
-68
-68
-124
37
37
-137
-216
-131
-123
-230
-172
-214
-255
-254
-253
-254
-254
-239
-180
-247
-252
-155
-240
-251
-252
-245
-223
-236
-129
-248
-243
-237
255
245
-252
-238
-110
-51
-25
-188
-7
-204
49
-230
-233
-232
-231
-62
-64
-64
-164
-180
-181
-43
-219
6
122
-244
30
-235
-254
-220
-211
-205
-186
-181
-188
-243
-241
-31
-170
-174
-80
-190
-172
-115
-198
-219
-252
-253
-212
-232
-253
-238
-112
44
102
-209
29
-230
39
-187
-194
-190
-188
188
-47
-47
-148
-14
-15
4
-227
-180
-76
-234
-208
-242
-211
22
255
-75
-44
-140
-106
-236
-239
-210
-190
-226
-230
-212
-189
-147
-140
-233
-248
-250
-242
-234
-253
-246
-111
-215
37
-240
14
-208
11
-247
-248
-248
-247
-175
-57
-57
-149
-55
-55
-103
-224
-56
-41
-232
-101
-5
-244
-188
-227
-248
-250
-248
-247
-207
-212
-219
-222
-212
-119
-147
-129
-145
-251
-255
-255
-253
-255
-252
-252
-253
-110
-124
80
-110
-82
-168
160
-249
-250
-250
-249
-50
-62
-62
-107
-74
-74
-103
-235
-56
-21
-240
-136
-225
-184
-218
-228
-247
-252
-241
-247
-184
-227
-219
-237
-249
-172
-205
-178
-186
-226
-217
-246
-247
-207
-240
-245
-247
-116
22
42
-228
-68
-183
-70
-237
-238
-237
-237
11
-67
-67
-202
-48
-48
-69
-235
-106
-47
-241
-148
-77
-222
-244
-245
-251
-252
-249
-253
-243
-241
-213
-240
-234
-227
-233
-242
-225
-246
-254
-252
-252
-254
-247
-254
-253
-111
46
105
-164
-157
-63
55
-243
-244
-244
-243
0
-58
-58
-198
49
49
-130
-195
-118
-133
-208
-160
-230
-254
-183
-190
-238
-244
-198
-164
-246
-243
-216
-241
-247
-247
-233
-223
-201
-228
-248
-222
-225
69
36
-254
-240
-108
100
77
-242
-3
-233
-69
-246
-247
-247
-247
-83
-62
-62
-255
42
36
212
-236
-143
-112
-230
-231
-216
-254
-250
-250
-254
-255
-245
-244
-253
-242
-236
-244
-251
-234
-240
-235
-237
-247
-249
-254
-253
-253
-239
-253
-252
-110
234
121
-132
-29
-207
152
-244
-245
-244
-244
-88
-57
-57
12
23
21
39
-246
68
-107
-249
30
-249
-241
-249
-254
-255
-254
-232
-226
-246
-241
-221
-228
-241
-226
-231
-207
-238
-247
-253
-253
-253
-232
-247
-254
-234
-96
56
70
-171
21
-216
22
-235
-246
-226
-241
83
-72
-72
-4
-54
-55
-50
-217
-56
-40
-242
-65
-5
-249
-210
-232
-251
-251
-250
-244
-221
-218
-220
-231
-245
-207
-182
-135
-179
-246
-254
-253
-252
-205
122
-251
-252
-110
-37
53
-140
-96
-172
-63
-244
-244
-244
-242
67
-76
-76
-203
-23
-24
-35
-241
-31
-70
-248
-42
-232
-247
-231
-243
-254
-255
-250
-239
-237
-235
-233
-232
-240
-174
-227
-157
-185
-246
-255
-253
-252
-227
-207
-253
-253
-109
-48
81
-242
-216
255
231
-222
-237
-252
-250
15
-68
-68
-255
-64
-64
-124
-243
-93
-32
-248
-113
-118
-251
-210
-220
-254
-254
-254
-252
-249
-242
-245
-250
-248
-210
-241
-245
-246
-236
-253
-254
-253
-253
-236
-253
-250
-110
-153
120
-251
57
-198
147
-244
-245
-245
-244
-41
-46
-46
-74
-13
-13
-87
-229
44
-81
-235
30
-250
-221
-200
-235
-252
-254
-253
-242
-234
-233
-125
-173
-149
-123
-177
-50
-180
-254
-254
-254
-253
-253
-254
-254
-254
-110
0
113
-242
90
-209
91
-242
-243
-242
-241
-89
-47
-47
-63
221
220
-89
-231
-180
-238
-239
-243
-203
-251
-251
-251
-252
-253
-247
-237
-240
-250
-226
-249
-252
-253
-251
-248
-235
-221
-253
-253
-252
-252
-252
-215
-234
-107
-82
125
-115
17
-161
-74
-233
-235
-233
-233
-27
-63
-63
-206
57
57
-104
-250
-44
-139
-253
-53
-215
-246
-244
-237
-249
-249
-200
-212
-252
-251
-238
-244
-253
-254
-253
-248
-237
-235
-252
-244
-239
-80
-122
-252
-250
-109
51
51
-149
-17
-178
51
-232
-234
-233
-233
-90
-57
-57
-111
-50
-50
-150
-243
6
-47
-247
-6
-7
-255
-226
-250
-255
-254
-254
-254
-236
-227
-249
-251
-234
-173
-235
-236
-242
-197
-241
-239
-244
-251
-250
-240
-229
-113
102
111
-221
10
-207
218
-243
-250
-249
-248
-143
-36
-36
-151
-147
-147
-125
-193
-6
67
-208
-30
-236
-152
-249
-222
-227
-244
-138
-202
-252
-250
-132
-202
-241
-244
-246
-233
-176
-247
-253
-253
-243
-249
-248
-254
-250
-110
-102
0
-219
-21
-190
-89
-251
-251
-251
-251
-127
-72
-72
-182
44
44
-146
-207
-93
-129
-221
-125
-217
-215
-216
-193
-225
-222
-250
-235
-251
-253
-116
-209
-242
-241
-167
-135
-210
-242
-254
-254
-252
-254
-245
-252
-252
-110
77
108
-243
3
-237
238
-241
-244
-243
-242
-49
-63
-63
-150
2
-1
91
-155
-143
-84
-138
-243
-249
-246
-216
-204
-233
-237
-246
-227
-241
-239
-178
-191
-238
-243
-209
-187
-204
-242
-250
-254
-247
-251
-249
-253
-249
-110
-123
0
-231
13
-191
87
-246
-247
-247
-247
-130
-64
-64
-105
-28
-28
-125
-215
-106
-68
-237
-101
-254
-253
-253
-254
-255
-255
-255
-253
-249
-251
-252
-248
-243
-211
-238
-242
-247
-247
-254
-246
-250
-254
-250
-254
-251
-109
-124
123
-228
15
-184
57
-253
-253
-253
-253
-160
-72
-72
-152
-13
-13
-140
-158
-143
-82
-191
-184
-243
-252
-254
-254
-254
-254
-255
-254
-254
-253
-251
-228
-226
-246
-252
-249
-234
-249
-255
-248
-249
-254
-253
-254
-252
-110
-130
130
-242
56
-210
-136
-250
-250
-250
-250
-115
45
45
-135
235
235
-188
-254
-93
-246
-254
-101
211
-254
-255
-255
-254
-254
-255
-250
-254
-255
-236
-254
-255
-255
-250
-254
-246
-227
-254
-254
-254
-254
-254
-233
-240
-109
134
77
-196
186
-225
-129
-243
-244
-243
-243
103
-38
-38
-229
-135
-138
64
-255
6
65
-255
-42
-123
-79
-229
-233
-238
-240
-247
-244
-244
-234
-242
-243
-242
-221
-208
-224
-231
-223
-220
-226
-222
-84
-209
-251
-212
-142
57
65
-176
-37
-197
-55
-244
-244
-244
-244
51
-56
-56
-195
-45
-45
-95
-245
155
-51
-250
113
-231
-254
-240
-249
-255
-255
-254
-253
-237
-235
-237
-231
-239
-227
-235
-234
-245
-150
-241
-233
-225
-249
-253
-255
-220
-111
97
107
-110
11
-160
-70
-244
-245
-243
-243
-152
-87
-87
-255
59
56
64
-221
-243
-134
-226
-255
-214
-231
-185
-184
-235
-215
26
-18
-251
-192
-191
-206
-243
-218
-218
-228
-244
-234
-240
-252
-252
-192
-247
-253
-252
-110
-217
37
-163
9
-220
-133
255
255
255
255
255
-62
-62
-130
9
7
-8
-235
-93
-97
-241
-125
-217
-237
-236
-232
-244
-245
-237
-190
-240
-234
-213
-147
-231
-221
-199
-169
-98
-231
-254
-253
-252
-214
-186
-253
-251
-110
-67
36
-186
-13
-165
243
-238
-237
-233
-233
-109
-64
-64
-161
24
24
-103
-228
-131
-113
-236
-148
-216
-232
-236
-246
-251
-253
-243
-233
-250
-240
-49
-122
-199
-216
-53
-9
-208
-191
-250
-250
-248
-250
-166
-251
-241
-109
-224
86
-107
120
-216
161
-245
-247
-244
-246
-72
-66
-66
-209
70
69
-101
-240
44
-147
-245
18
-247
-254
-253
-253
-254
-254
-169
-154
-251
-241
-212
-247
-252
-252
-249
-247
-236
-231
-253
-250
-250
-231
-185
-252
-244
-108
-8
81
-223
-59
-187
-34
-255
-255
-254
-255
-35
-86
-86
-152
50
50
-85
-216
-81
-133
-226
-101
-219
-255
-247
-252
-255
-255
-156
-51
-236
-244
-131
-207
-244
-203
-118
-145
-232
-150
-187
-161
-144
-106
-224
-245
-75
-109
-68
92
-199
-18
-201
22
-239
-240
-239
-238
-133
-61
-61
-76
-134
-133
-148
-202
-6
48
-235
30
-230
-254
-239
-101
-175
-247
-101
-213
-248
-251
-98
-203
-238
-245
-162
-85
45
-186
-251
-252
-251
-251
-223
-252
-248
-109
-131
0
-205
-185
-108
-25
-245
-246
-245
-245
-116
-58
-58
-255
39
40
-142
-249
-44
-126
-252
-53
-222
-255
-255
-255
-255
-255
-250
-222
-254
-254
-221
-219
-244
-250
-233
-221
-229
-250
-252
-247
-243
-248
-248
-253
-243
-107
54
174
-223
59
-224
12
-247
-248
-247
-247
-77
-103
-103
-107
-152
-151
-124
-222
19
74
-240
6
-233
-131
-249
-249
-253
-252
-195
-226
-253
-251
-195
-199
-232
-244
-230
-222
-174
-226
-253
-252
-244
-246
-247
-254
-247
-108
-179
30
-149
-75
-192
96
-243
-244
-243
-243
-9
-62
-62
-216
1
1
-181
-240
-19
-95
-248
-30
-249
-249
-254
-254
-255
-255
-253
-249
-251
-254
-239
-194
-230
-228
-241
-241
-219
-247
-252
-254
-253
-254
-253
-243
-252
-110
123
123
-243
-153
-173
-25
-242
-243
-242
-241
-103
-59
-59
-208
-48
-48
-84
-244
-31
-48
-249
-42
-53
-248
-184
-225
-254
-254
-250
-252
-251
-239
-248
-244
-250
-245
-233
-243
-244
-245
-254
-254
-253
-254
-231
-252
-253
-112
-51
102
-210
-66
-173
-74
-251
-251
-251
-251
-174
-83
-83
-97
-60
-60
-58
-204
-168
-34
-220
-208
-81
-225
-216
-250
-251
-252
-252
-251
-234
-252
-246
-246
-244
-203
-244
-247
-240
-251
-254
-254
-253
-244
-251
-255
-253
-110
77
51
-212
-96
-149
59
-249
-249
-249
-249
-147
-65
-65
-159
2
2
-167
-178
-143
-95
-205
-148
-240
-254
-253
-255
-255
-255
-254
-252
-254
-253
-247
-224
-245
-253
-255
-254
-230
-243
-250
-253
-252
-229
-247
-254
-252
-110
-217
119
5
-37
-201
48
-227
-230
-228
-228
82
-63
-63
-37
-43
-42
-189
-235
-44
-56
-244
-53
-250
-252
-129
-239
-253
-254
-251
-252
-112
-201
-242
-245
-228
-71
-234
-237
-237
-252
-251
-251
-250
-250
-251
-254
-239
-101
181
129
-249
109
-243
247
-205
-204
-198
-191
113
-86
-86
-211
18
17
-54
-246
-131
-106
-252
-136
-216
-255
-245
-254
-254
-255
-246
-245
-233
-252
-163
-212
-245
-211
-222
-196
-238
-243
-253
-254
-252
-254
-253
-252
-251
-112
44
46
-242
-135
-148
238
-233
-243
-254
-253
-118
-62
-62
-171
-21
-21
-120
-231
-106
-75
-241
-113
-221
-204
-175
-231
-249
-254
-246
-243
-243
-250
-238
-226
-233
-220
-222
-238
-229
-240
-253
-254
-253
-254
-223
-249
-251
-115
0
102
-100
22
-200
153
-233
-235
-232
-233
48
-63
-63
-123
-21
-21
-134
-216
-6
-75
-227
-42
-249
-249
-118
-167
-245
-248
-247
-237
-195
-243
-221
-164
-143
-159
-249
-225
-191
-252
-252
-253
-253
-250
-246
-254
-4
68
101
94
-241
114
-206
148
-241
-244
-242
-241
-61
-54
-54
-158
225
224
-87
-212
-44
-240
-224
-77
-210
-254
-255
-254
-254
-253
-250
-246
-246
-250
-191
-247
-253
-255
-251
-247
-239
-203
-252
-253
-251
-251
-251
-184
-224
-110
-105
174
-243
-51
-199
-80
-233
-235
-233
-233
-129
-114
-114
-90
-20
-20
-121
-226
-131
-76
-235
-136
-226
-234
-196
-209
-249
-250
-227
-229
-192
-225
-174
-92
-158
-175
-148
-204
-122
-230
-251
-253
-252
-232
-245
-253
-241
-110
51
46
-211
112
-220
143
-219
-223
-219
-219
8
-63
-63
-208
-137
-140
59
-243
93
67
-252
77
-232
-252
-197
-139
-205
-208
-220
-173
-220
-173
-73
-104
-172
-50
-79
-23
49
-228
-231
-249
-248
26
-106
-253
-243
-111
84
72
-150
-81
-96
19
-225
-228
-226
-225
-244
14
14
-211
8
8
-91
-230
-44
-99
-240
-53
-234
-198
-227
-236
-236
-237
-225
-196
-243
-246
-190
-204
-210
-232
-223
-222
-218
-249
-248
-248
-242
-28
-187
-253
-223
-95
148
96
-148
6
-202
28
-254
-255
-254
-254
-32
-71
-71
-197
-6
-6
-75
-224
-155
-86
-235
-172
-236
-250
-188
-169
-250
-251
-238
-230
-244
-219
-168
-52
-197
-248
-211
-158
-147
-223
-208
-243
-247
-211
-245
-217
-160
-49
73
103
-231
-80
-160
-84
-241
-243
-241
-241
-58
-180
-180
18
58
58
-106
-227
-81
-139
-236
-125
-215
-255
-251
-254
-255
-255
-190
-48
-246
-230
-55
-218
-244
-221
-178
-99
-220
-218
-231
-220
-221
-202
-240
-250
-187
-110
165
80
11
-111
-173
-52
-249
-249
-249
-249
-84
-57
-57
-29
-21
-21
-106
-243
143
-74
-248
77
-243
-254
-152
-241
-252
-254
-253
-251
-235
-213
-222
-171
-205
-201
-227
-221
-216
-251
-252
-254
-254
-249
-252
-254
255
255
208
117
-212
-73
-149
-76
-248
-249
-248
-248
-151
-174
-174
-180
76
75
14
-243
-106
-149
-246
-125
-212
-255
-247
-253
-255
-255
-136
-185
-224
-221
-168
-205
-213
-193
-231
-211
-165
-174
-211
-195
-172
-158
-210
-243
-138
-108
92
70
-164
17
-196
202
-194
-211
-222
-223
165
149
149
-136
-183
-183
-129
-203
-106
120
-235
-113
-134
-251
-243
-180
-176
-87
-123
49
-252
-227
-54
87
9
43
-144
-211
-185
-160
-219
-253
-252
-243
-204
-249
-231
-112
48
64
-250
-19
-206
152
-230
-232
-227
-230
-120
-58
-58
-97
-14
-15
-34
-236
44
-78
-239
-6
-249
-189
-118
-133
-243
-245
-183
-182
-165
-209
189
-58
-180
-174
-140
174
-11
-222
-246
-253
-251
-204
-241
-253
-236
-110
58
30
-244
-15
-190
-70
-245
-246
-246
-245
-37
-53
-53
-201
-141
-143
22
-237
-6
68
-248
6
-91
-254
-235
-209
-230
-212
-172
-173
-246
-248
-222
-238
-239
-212
-246
-246
-216
-234
-243
-251
-250
-240
-238
-254
-246
-110
-51
0
-223
-44
-195
70
-207
-213
-209
-208
-57
-59
-59
-223
34
34
-72
-193
-118
-120
-209
-148
-240
-254
-248
-247
-253
-255
-208
-134
-246
-252
18
-129
-212
-241
-91
-4
-171
-248
-252
-250
-244
-248
-251
-253
-246
-109
35
82
-194
-77
-150
224
-210
-243
-239
-234
12
-67
-67
-70
-90
-89
-155
-223
93
-5
-231
30
-229
-174
-209
-193
-244
-252
-248
-252
-249
-236
-250
-248
-252
-249
-234
-202
-247
-210
-253
-254
-254
-251
-243
-255
-243
-118
-117
0
-165
-130
-177
-26
-241
-243
-242
-241
-13
-60
-60
-54
45
45
-65
-245
-56
-128
-249
-65
-221
-255
-254
-254
-254
-254
-220
-188
-251
-248
-241
-246
-251
-248
-250
-249
-234
-243
-248
-234
-227
8
-59
-253
-246
-109
93
51
-236
-38
-192
50
-234
-236
-234
-234
-105
-51
-51
-157
-108
-108
-85
-237
31
19
-247
18
-228
-247
-230
-177
-243
-251
-236
-248
-251
-243
-133
-209
-230
-211
-90
-82
-8
-234
-254
-252
-246
-253
-253
-254
-248
-109
-124
0
-140
-88
-146
248
-215
-212
-202
-200
-119
-64
-64
-118
26
26
-92
-231
-118
-114
-238
-136
-215
-239
-239
-242
-251
-252
-209
37
-243
-239
38
-162
-228
-219
-168
-207
-222
-172
-246
-243
-247
-224
-225
-254
-249
-111
-175
0
