-234
-244
-212
-45
-203
47
-224
-240
-234
-228
-230
-228
-228
-228
-172
-37
-223
-52
-151
-52
-4
63
-171
-209
-86
-85
-146
-192
-93
-77
-10
-101
-217
-113
-226
-231
-249
-251
-243
-162
-230
-249
-252
-254
-247
-253
-250
-251
-253
-252
-250
-233
-206
-195
-233
-251
-248
-242
-244
-250
-249
-221
-171
-137
-204
-228
-246
-253
-254
-254
-254
246
235
-252
-248
-238
-248
-248
-247
-253
-249
-251
-253
-254
-254
-252
112
82
-253
-253
-247
-253
-243
-110
-124
91
-231
-254
-242
100
-220
111
1
-172
-247
-248
-247
-247
-249
-247
29
5
-205
-83
45
-83
76
88
-45
-147
-182
-181
-154
-232
-118
-77
117
-144
-242
-125
-154
-251
-177
-236
-252
-253
-239
-206
-194
-255
-255
-254
-237
-235
-242
-247
-254
-255
-254
-251
-241
-168
-162
2
-141
-160
-186
-209
-191
-222
-148
-178
-185
-251
-255
-255
-254
248
235
-254
-252
-254
-254
-254
-251
-254
-251
-245
-246
-253
-254
-250
111
81
-253
-253
-241
-244
-234
-111
-130
185
-254
-253
-244
83
-223
-75
-193
-248
-250
-248
-249
-248
-248
-248
-150
8
-218
-63
-127
-63
26
-36
-171
-117
27
24
87
-215
-106
-115
-107
-65
-223
-184
-219
-246
-237
-248
-243
-252
-245
-246
-251
-253
-253
-254
-225
-225
-198
-217
-253
-247
-242
-211
-202
-143
-172
-173
-236
-237
-236
-229
-216
-158
-55
-159
-253
-255
-255
-255
-252
248
234
-254
-254
-253
-253
-251
-238
-255
-226
-254
-254
-255
-248
-232
108
72
-254
-254
-254
-238
-253
-110
106
-87
-136
-238
-119
3
-194
-202
-95
-92
-216
-227
-237
-230
-224
-226
198
-149
145
-99
194
-99
73
85
-185
-221
-4
-5
-56
-206
-168
-153
-87
-168
-235
-172
-219
-250
-254
-254
-221
-251
-251
-255
-255
-255
-254
-254
-252
-249
-248
-231
-244
-249
-242
-236
-248
-244
-219
-224
-216
-229
-234
-244
-240
-240
-218
-210
-245
-255
-255
-255
-255
248
236
-254
-254
-255
-255
-255
-251
-255
-254
-253
-252
-255
-249
-242
108
75
-255
-255
-253
-252
-253
-109
-81
-27
-219
-249
-200
-80
-121
-66
-254
-254
-254
-253
-254
-253
-253
-253
-167
-17
-226
-52
-145
-52
135
-255
-215
-255
44
43
-68
-226
-106
-140
-127
-101
-235
-125
-216
-255
-255
-255
-253
-254
-255
-255
-255
-248
-255
-254
-236
-219
-221
-226
-253
-251
-253
-247
-237
-244
-244
-249
-254
-255
-254
-253
-255
-255
-252
-245
-249
-251
-255
-255
-254
248
235
-251
-249
-240
-251
-251
-249
-254
-251
-253
-243
-254
-254
-252
112
81
-253
-253
-253
-233
-250
-110
-93
0
-159
-252
-185
3
-206
171
-109
-167
-235
-248
-246
-240
-247
-248
45
-97
-24
-80
53
-80
-48
-28
-121
-115
-31
-31
-78
-234
81
-25
-64
-122
-238
30
-247
-248
-249
-254
-177
-220
-246
-253
-255
-255
-252
-253
-253
-251
-243
-216
-228
-215
-235
-230
-231
-199
-167
-209
-209
-192
-180
-181
-235
-209
-145
-84
-228
-253
-255
-255
-254
248
236
-249
-250
-252
-253
-253
-220
-254
-247
-248
-247
-253
-252
-248
111
82
-254
-254
-250
-249
-248
-110
41
-84
-184
-249
-209
-8
-196
213
-219
-241
-232
-223
-231
-227
-224
-227
64
-50
-153
-70
80
-70
29
62
-194
-202
-56
-56
-125
-238
19
102
-40
-122
-243
6
-224
-253
-255
-255
-202
-207
-238
-254
-255
-255
-247
-252
-252
-252
-251
-247
-218
-214
-226
-220
-210
-239
-230
-239
-236
-218
-179
-209
-235
-224
-198
-230
-242
-253
-254
-255
-254
247
236
-253
-251
-250
-251
-250
-238
-255
-252
-252
-247
-254
-254
-252
112
85
-249
-248
-248
-221
-237
-115
-116
51
-177
-228
-23
-42
-149
53
-221
-251
-250
-249
-249
-248
-249
-248
-134
-2
-62
-82
-121
-82
-143
34
9
-180
-28
-29
-36
27
-255
-166
-63
120
-31
-255
-245
-254
-248
-252
-248
-254
-252
-254
-254
-252
-252
-254
-254
-251
-246
-245
-249
-251
-251
-250
-252
-253
-253
-242
-243
-247
-250
-249
-253
-246
-245
-238
-248
-255
-254
-254
-255
247
236
-254
-254
-254
-255
-254
-253
-255
-253
-254
-255
-255
-255
-255
112
82
-255
-255
-252
-250
-254
-108
118
165
-238
-251
-233
78
-224
-122
-216
-249
-251
-249
-250
-249
-249
-249
-28
27
208
-36
-32
-36
78
-11
-162
-138
89
89
-96
-237
-93
-153
-161
-183
-247
-89
-208
-250
-211
-235
-250
-252
-246
-251
-253
-243
-247
-248
-231
-194
-204
-236
-250
-248
-243
-249
-231
-246
-244
-248
-249
-249
-245
-252
-251
-250
-249
-254
-243
-229
-255
-255
-255
249
237
-254
-253
-254
-254
-254
-233
-255
-249
-254
-254
-255
-252
-245
110
77
-255
-255
-252
-252
-250
-110
69
0
-169
-206
-158
-168
-71
222
-248
-251
-247
-245
-244
-244
-245
-243
-124
19
-255
-54
-101
-54
-102
-96
-178
-195
-91
-91
-144
-193
-93
-25
-4
-138
-223
-101
-229
-225
-250
-254
-251
-219
-229
-252
-254
-255
-220
-250
-250
-253
-254
-255
-253
-247
-230
-220
-229
-250
-248
-242
-251
-254
-251
-242
-228
-218
-220
-245
-194
-253
-255
-255
-255
248
236
-253
-254
-251
-253
-252
-239
-254
-244
-253
-251
-254
-254
-251
112
82
-253
-253
-242
-243
-229
-115
-124
-108
-233
-248
-224
-186
-85
154
-241
-248
-244
-241
-244
-242
-243
-241
-54
36
-203
-58
-35
-58
-159
-131
-75
-58
74
74
-135
-227
19
-38
-151
-120
-234
-6
-244
-255
-255
-255
-247
-251
-254
-255
-255
-254
-253
-251
-37
24
38
-120
-245
-246
-210
-34
19
64
-212
-239
-241
-233
-224
-168
-194
-186
-88
-223
-124
-172
128
189
120
-130
-125
-141
-118
-72
-151
-148
-221
-249
-245
-131
-38
-246
-241
-241
113
82
-217
-217
-32
54
18
-110
0
0
-212
-254
-178
-40
-199
151
-226
-248
-250
-248
-248
-248
-247
-248
-24
-153
-164
-57
-6
-57
-52
18
-91
-155
-29
-31
48
-240
81
38
-61
-182
-250
77
-247
-231
-244
-247
-248
-246
-249
-254
-254
-253
-247
-252
-249
-242
-236
-243
-243
-244
-241
-221
-215
-240
-240
-241
-245
-248
-225
-241
-235
-220
-207
-213
-247
-250
-255
-255
-254
248
236
-244
-235
-51
-130
-120
-217
-251
-236
-243
-229
-254
-250
-246
111
82
-250
-249
-234
-214
-233
-107
115
-151
29
-208
-200
151
-227
155
-235
-245
-235
-230
-232
-229
-229
-230
-218
68
33
-46
-212
-46
-53
164
-220
-241
-68
-67
-169
-237
44
38
-30
-120
-244
18
-224
-255
-255
-255
-227
-209
-245
-254
-255
-255
-231
-251
-251
-249
-252
-250
-141
-130
-142
-152
-168
-244
-249
-240
-244
-240
-109
-104
-164
-153
-140
-181
-238
-250
-255
-255
-254
248
236
-255
-254
-253
-254
-254
-246
-254
-252
-251
-253
-255
-253
-248
111
81
-255
-254
-249
-251
-246
-110
105
1
-123
-233
-201
-104
-157
156
-247
-249
-244
-241
-242
-241
-241
-241
48
85
-249
-59
70
-59
-52
-32
-192
-207
46
45
-88
-195
-118
-64
-129
-57
-212
-148
-252
-251
-254
-255
-237
-246
-254
-254
-255
-242
-253
-253
-214
-143
-29
-182
-251
-252
-242
-204
-58
-32
-212
-204
-238
-241
-226
-229
-179
-170
-112
-232
-209
-252
-253
-254
-254
246
236
-246
-250
-243
-251
-251
-252
-254
-253
-232
-241
-254
-254
-253
112
82
-253
-253
-212
-233
-201
-110
137
-185
-209
-253
-232
45
-197
149
-215
-249
-251
-250
-251
-250
-251
-250
-109
-79
-149
-18
-94
-18
-136
-32
111
-46
-22
-22
-141
-230
56
-38
-74
-130
-238
30
-249
-250
-251
-254
-231
-250
-255
-255
-255
-255
-255
-255
-254
-254
-253
-249
-246
-251
-252
-252
-252
-244
-240
-237
-233
-237
-220
-245
-251
-247
-243
-232
-247
-254
-255
-255
-255
248
236
-251
-251
-253
-254
-254
-250
-255
-252
-252
-249
-255
-254
-254
112
82
-254
-254
-251
-246
-250
-109
-126
111
-175
-254
-218
-92
-181
222
-237
-253
-253
-252
-253
-252
-252
-252
-183
-51
-238
-51
-160
-51
-168
-96
-27
-95
14
13
-43
-215
-6
-51
-103
-192
-242
-18
-248
-253
-255
-254
-232
-250
-253
-255
-254
-254
-254
-254
-246
-238
-234
-214
-245
-243
-251
-246
-234
-201
-212
-228
-228
-229
-228
-238
-246
-239
-219
-230
-249
-254
-255
-255
-255
248
236
-254
-253
-245
-252
-252
-250
-255
-248
-254
-254
-255
-254
-252
112
82
-253
-253
-251
-248
-252
-108
-115
-163
-228
-253
-223
-5
-198
74
-152
-241
-250
-248
-249
-248
-249
-248
-172
-102
-169
-95
-152
-95
19
125
-105
-184
57
57
-150
-240
-19
-64
-139
-156
-247
-30
-236
-243
6
-184
-244
-239
-233
-243
-243
-249
-251
-253
-242
-236
-231
-229
-251
-250
-247
-219
-109
-75
-158
-219
-235
-240
-226
-215
-179
-152
-61
-219
-197
-252
-255
-255
-254
248
255
-252
-250
-252
-253
-251
-139
-254
-251
-250
-239
-255
-251
-245
194
255
-254
-254
-246
-231
-244
-109
-137
144
160
-223
-39
-95
-103
247
-249
-251
-251
-245
-250
-250
-246
-249
-39
-26
-172
-38
-22
-38
-170
-79
-30
-74
-11
-11
-162
-237
131
-13
-84
-152
-244
113
-247
-249
-243
-248
80
-222
-238
-247
-246
-238
-242
-251
-243
-222
-201
27
-206
-228
-232
-241
-243
-207
-109
-159
-139
-165
-124
-226
-243
-243
-223
-187
-253
-253
-255
-255
-254
248
235
-253
-250
-252
-251
-247
-247
-254
-251
-253
-247
-254
-254
-252
111
81
-253
-252
-235
-206
-253
-96
86
-101
-233
-246
-197
-93
-178
19
-201
-248
-248
-246
-247
-246
-246
-246
-159
-3
-234
-58
-136
-58
-79
-42
-94
-145
-59
-58
-202
-184
-106
-89
-40
-82
-209
-136
-25
-248
-252
-254
-215
-159
-247
-254
-255
-255
-252
-254
-255
-254
-254
-254
-226
-194
-236
-248
-248
-254
-254
-253
-252
-245
-218
-165
-235
-241
-244
-241
-246
-250
-252
-251
-251
245
232
-250
-247
-233
-245
-245
-247
-254
-250
-248
-248
-254
-254
-253
112
82
-243
-240
-243
-246
-243
-108
90
-62
-170
-249
-242
151
-225
152
-227
-241
-236
-232
-234
-230
-231
-232
180
78
15
-60
184
-60
30
41
-177
-166
-231
-231
-116
-229
205
153
205
-195
-247
208
-243
-252
-252
-254
-254
-252
-248
-237
-205
-254
-249
-250
-196
-55
-130
-154
-208
-227
-251
-250
-248
-252
-251
-245
-236
-241
-235
-237
-201
-185
-116
-154
-175
-99
-255
-255
-254
252
239
-243
-244
-244
-251
-252
-245
-250
-250
-230
-234
-252
-253
-252
112
83
-251
-251
-230
-244
-220
-111
-51
102
-213
-233
-201
-139
-181
232
-160
-231
-232
-231
-240
-250
-251
-248
-64
-24
-242
-64
-41
-64
79
-255
-189
-255
26
26
-94
-237
-106
-128
-114
-149
-244
-125
-215
-251
-254
-255
-242
-254
-253
-255
-254
-239
-254
-254
-241
-216
-238
-171
-251
-249
-253
-249
-239
-222
-228
-246
-249
-250
-252
-254
-254
-254
-253
-243
-241
-249
-255
-255
-254
248
235
-253
-251
-242
-250
-249
-249
-254
-252
-252
-246
-254
-252
-248
112
81
-248
-247
-249
-199
-245
-110
-215
105
-212
-238
-134
-55
-173
47
-207
-248
-244
-239
-240
-239
-240
-240
-52
-19
-172
-44
-34
-44
-18
-81
-66
30
-77
-77
-103
-237
31
26
-18
-139
-245
-6
-9
-181
-171
-220
-226
-223
-222
-247
-248
-254
-226
-248
-244
-248
-248
-251
-226
-211
-209
-209
-211
-227
-243
-240
-251
-246
-189
-207
-219
-192
-187
-130
-195
46
-253
-252
-251
255
246
-222
-209
-86
-158
-155
-196
-234
-212
-148
-76
-114
147
-3
-171
-81
-243
-242
-133
-105
-179
-66
-11
214
-183
-247
-251
-89
-206
220
-244
-248
-241
-238
-236
-236
-239
-234
43
58
-252
-57
65
-57
-58
62
-191
-202
-223
-223
-154
-219
143
102
187
-188
-242
125
-245
-253
-254
-254
-253
-252
-240
-239
-198
-255
-250
-247
-205
-141
26
-10
-233
-246
-252
-253
-250
-247
-244
-242
-242
-233
-194
-187
-187
-124
-130
-187
-147
-217
-254
-254
-254
247
236
-246
-247
-249
-252
-252
-243
-241
-246
-232
-238
-253
-254
-251
112
83
-252
-252
-229
-245
-223
-109
-102
51
-94
255
142
255
-232
-70
-237
-244
-237
-231
-233
-231
-232
-230
38
141
110
-32
37
-32
-9
219
-189
-235
-30
-30
-116
-230
-81
-77
-66
-105
-238
-101
-228
-209
-251
-248
-243
-243
-248
-250
-253
-253
-245
-250
-233
-236
-209
-223
-246
-248
-249
-249
-243
-243
-241
-240
-245
-247
-248
-247
-246
-243
-224
-186
-247
-248
-252
-252
-254
245
235
-251
-249
-222
-241
-242
-251
-254
-252
-231
-225
-255
-254
-253
113
81
-254
-254
-236
-240
-252
-98
115
118
-195
-230
-213
82
-208
-129
-213
-238
-225
-215
-219
-216
-217
-215
212
-27
164
-28
205
-28
98
111
-197
-218
-19
-20
-8
-245
-106
-77
-72
-143
-249
-113
-222
-242
-219
-239
-207
-225
-229
-248
-249
-250
-246
-253
-248
-239
-236
-218
-234
-243
-244
-235
-200
-200
-191
-216
-236
-236
-217
-237
-236
-202
-181
-183
-184
-249
-254
-254
-255
247
235
-237
-236
-249
-254
-254
-253
-253
-254
-245
-250
-254
-255
-255
112
82
-254
-254
-239
-244
-234
-110
255
-109
-199
-239
-217
-25
-200
160
-248
-250
-245
-243
-244
-242
-243
-243
-84
4
-253
-59
-61
-59
30
-8
-215
-170
-53
-52
-230
-242
56
89
-46
-159
-248
42
-223
-240
-225
-238
-178
-191
-254
-254
-254
-255
-252
-254
-254
-253
-253
-250
-69
-67
-206
-229
-250
-251
-252
-246
-247
-244
-214
-190
-249
-251
-252
-253
-250
-252
-255
-255
-255
248
236
-251
-251
-252
-253
-253
-247
-254
-253
-253
-253
-255
-254
-252
112
83
-254
-254
-253
-251
-252
-110
-161
130
-225
-242
-204
-139
-142
240
-187
-235
-237
-238
-244
-250
-251
-250
-126
-28
-241
-65
-103
-65
-67
-39
-170
-175
-109
-108
-136
-236
-68
-140
17
-150
-244
-89
-126
-250
-235
-249
-244
-217
-163
-244
-251
-254
-203
-233
-235
-249
-251
-254
-252
-241
-207
-177
0
-187
-211
-177
-246
-245
-234
-218
-143
61
12
216
188
-145
-235
-244
-248
231
233
-177
-114
-208
-242
-235
-156
-186
-203
255
-114
-194
-228
-229
96
74
-241
-239
-204
-178
-194
-108
0
122
-221
-254
-195
33
-207
161
41
-229
-247
-243
-246
-245
-244
-245
-52
-52
-29
-82
-41
-82
127
-6
-133
-132
27
26
-69
-195
-68
-38
-114
-61
-205
-125
-248
-221
9
-168
-225
-235
-226
-249
-250
-247
-252
-254
-246
-241
-226
-230
-250
-248
-247
-236
-141
-74
-145
-129
-211
-218
-210
-222
-182
-137
-79
-82
-207
-253
-255
-255
-254
248
251
-252
-249
-253
-252
-250
-169
-254
-246
-250
-235
-255
-253
-251
190
231
-254
-253
-247
-228
-244
-110
-77
-35
-103
-212
-103
18
-201
160
-243
-251
-248
-247
-248
-246
-246
-247
-45
119
-26
-40
-37
-40
-17
-33
-174
-193
196
195
-73
-209
-93
-128
-225
-107
-222
-113
-218
-253
-254
-254
-251
-254
-254
-254
-248
-253
-121
-225
-233
-219
-204
-134
-183
-203
-235
-229
-181
-176
-133
-203
-233
-248
-248
-253
-253
-243
-222
-214
-240
-235
-254
-254
-253
248
236
-245
-240
-232
-240
-238
-236
-251
-243
-242
-230
-199
-228
-228
95
76
-250
-249
-190
-170
-228
-78
-132
238
-244
-255
-248
27
-199
234
-194
-250
-237
-250
-234
-233
-248
-236
-127
-77
-225
-62
-105
-62
-86
9
-18
-101
-25
-26
-23
-225
6
-13
-67
-94
-231
-42
-248
-194
-231
-234
-22
-158
-216
-244
-248
-245
-248
-254
-245
-236
-206
-173
-211
-230
-232
-224
-203
-122
-48
-58
-213
-175
-114
-189
-204
-182
-99
-18
-254
-254
-255
-255
-255
248
236
-253
-251
-253
-253
-253
-253
-255
-254
-254
-247
-253
-251
-252
109
81
-254
-253
-227
-217
-251
-91
-188
-99
-226
-253
-227
37
-202
-89
-157
-246
-251
-250
-250
-250
-250
-250
-35
-37
17
-10
-27
-10
28
149
-2
-135
219
218
-85
-229
-143
-140
-237
-104
-239
-160
-190
-235
-234
-244
-253
-254
-253
-254
-252
-254
-247
-250
-247
-249
-246
-231
-250
-252
-249
-242
-227
-223
-241
-248
-253
-254
-255
-255
-255
-253
-248
-245
-199
-244
-255
-255
-254
248
235
-253
-253
-248
-254
-254
-251
-254
-252
-246
-250
-250
-244
-234
105
72
-251
-249
-231
-244
-226
-109
-58
-108
-239
-254
-238
32
-208
245
-237
-253
-253
-253
-253
-252
-253
-252
-7
52
-69
-60
4
-60
-86
-57
-128
-142
66
66
-97
-236
106
-89
-145
-170
-244
101
-246
-219
65
-35
-118
-171
-218
-252
-230
-220
-218
-243
-189
-202
-98
-158
-249
-249
-246
-229
-207
-182
-232
-242
-250
-247
-234
-241
-244
-230
-233
-248
-243
-254
-255
-255
-254
248
236
-253
-252
-255
-254
-254
-217
-255
-238
-253
-253
-255
-249
-238
108
73
-254
-254
-252
-250
-248
-111
0
-107
-191
-229
-135
-172
-76
154
-240
-248
-243
-239
-242
-239
-241
-238
-30
-2
-194
-62
-10
-62
-124
-106
-69
-83
-95
-94
-121
-220
-44
-77
1
-110
-231
-77
-227
-237
-247
-251
-249
-220
-225
-249
-254
-254
-211
-250
-244
-249
-252
-254
-252
-247
-244
-229
-232
-247
-245
-246
-248
-252
-245
-243
-241
-236
-218
-246
-208
-254
-255
-255
-254
248
236
-253
-253
-252
-253
-253
-234
-254
-242
-254
-251
-255
-254
-250
111
81
-253
-253
-242
-244
-228
-116
-113
-110
-170
-246
-240
-162
-85
26
-244
-248
-246
-242
-244
-243
-242
-242
56
100
-227
-62
76
-62
-152
-255
-70
-255
-49
-49
-97
-233
-31
-25
-46
-110
-238
-53
-21
-253
-254
-255
-205
-238
-240
-254
-254
-255
-250
-255
-252
-254
-254
-252
-229
-234
-242
-226
-253
-238
-246
-240
-213
-237
-216
-229
-229
-244
-217
-231
-252
-254
-255
-255
-255
247
235
-238
-240
-253
-254
-253
-251
-255
-254
-252
-250
-255
-254
-252
111
81
-252
-250
-253
-232
-244
-114
97
72
-235
-250
-204
-44
-195
246
-188
-250
-254
-254
-254
-255
-255
-255
-150
-3
-254
-50
-127
-50
-88
48
-67
-180
-46
-46
-148
-141
-155
-191
-51
-16
-178
-219
-117
-226
-231
-246
-132
-203
-247
-251
-251
-255
-254
-253
-253
-253
-254
-249
-191
-213
-246
-250
-250
-234
-246
-229
-241
-190
-153
-196
-242
-234
-239
-247
-248
-251
-254
-254
-253
247
234
-251
-246
-210
-230
-228
-238
-253
-252
-251
-252
-254
-254
-250
112
82
-253
-253
-249
-252
-243
-112
-77
170
-244
-255
-246
13
-155
245
-143
-249
-237
-223
-220
-212
-213
-211
-127
-35
-194
-87
-106
-87
-46
48
-1
-45
-58
-58
-195
-228
-81
-140
-40
-129
-238
-89
-117
-208
-251
-252
68
229
-170
-253
-254
-254
-232
-253
-252
-249
-253
-252
-195
-96
-183
-215
-243
-247
-247
-247
-238
-222
-43
29
-169
-175
-182
-209
-253
-253
-255
-255
-255
248
236
-253
-252
-251
-252
-251
-252
-255
-254
-253
-246
-244
-241
-239
102
72
-254
-253
-251
-238
-251
-109
105
255
-106
-241
-201
-94
-148
246
-247
-249
-252
-236
-252
-250
-238
-247
-107
33
-238
-59
-84
-59
-96
-13
-137
-165
81
80
-17
-195
-118
-38
-153
-50
-207
-172
-248
-250
-228
-231
-243
-242
-212
-215
-205
-239
-239
-244
-108
-59
-220
-229
-242
-238
-226
-229
-162
-226
-248
-249
-252
-253
-250
-252
-248
-241
-214
-213
-219
-249
-254
-255
-254
247
237
-215
-220
148
31
49
126
-254
-239
-246
-245
-254
-254
-250
112
85
-252
-252
-238
-229
-236
-108
0
0
-202
-249
-149
-125
-120
-58
-240
-247
-241
-238
-239
-237
-237
-237
20
-23
-227
-55
40
-55
-84
-42
-189
-192
50
46
152
-124
-155
0
-119
81
-65
-255
-245
-248
-250
-254
-236
-245
-245
-244
-247
-250
-246
-249
-228
-150
-205
-241
-253
-249
-224
-220
-94
-188
-236
-246
-253
-249
-229
-234
-214
-213
-200
-240
-198
-221
-254
-254
-254
247
236
-239
-240
-252
-254
-254
-251
-254
-252
-243
-245
-254
-255
-254
112
82
-254
-254
-234
-243
-227
-110
130
-77
-244
-255
-250
86
-210
-119
-222
-253
-253
-252
-252
-252
-252
-252
-181
-66
-69
-27
-170
-27
-98
71
11
-128
-55
-56
-44
-234
-68
-128
-38
-127
-240
-89
-104
-68
-97
-28
-107
-164
-176
-216
-238
-247
-234
-249
-240
-240
-243
-240
-224
-227
-232
-210
-234
-227
-218
-197
-212
-241
-213
-215
-213
-163
-88
-202
-247
-249
-254
-254
-253
247
234
-254
-253
-242
-252
-252
-253
-250
-252
-247
-245
-236
-245
-246
104
76
-245
-247
-242
-246
-246
-105
184
-255
-144
-210
124
-81
-166
-121
-226
-248
-244
-241
-242
-241
-241
-241
-102
-51
-75
-74
-90
-74
-137
-11
165
-61
185
183
-4
-202
-155
-191
-217
-62
-212
-184
230
-236
-243
-245
-249
-247
-252
-252
-249
-254
-213
-233
-206
-248
-243
-211
-210
-202
-209
-232
-210
-150
-218
-234
-246
-241
-244
-254
-248
-244
-238
-206
-251
-249
-253
-253
-254
246
236
-252
-251
-249
-253
-253
-249
-254
-253
-248
-251
-235
-242
-242
102
73
-253
-253
-240
-226
-247
-103
-137
-115
-216
-234
-171
93
-204
-70
-234
-246
-244
-240
-241
-240
-240
-240
-78
-19
-116
-33
-65
-33
26
-36
-151
-122
-73
-74
-41
-249
6
13
-19
-144
-252
-30
-80
-253
-254
-254
-234
-239
-250
-252
-255
-255
-251
-253
-253
-254
-253
-253
-241
-235
-234
-243
-238
-191
-242
-238
-244
-239
-234
-240
-250
-247
-246
-244
-207
-232
-255
-255
-255
248
236
-253
-253
-251
-254
-254
-253
-254
-254
-246
-251
-254
-242
-254
117
84
-244
-241
-234
-247
-226
-111
236
-114
-42
-230
-237
-51
-200
53
-241
-246
-233
-225
-227
-225
-227
-226
-97
-3
-236
-34
-75
-34
-18
-81
-178
-126
-111
-110
-202
-241
31
38
19
-153
-247
18
-228
-255
-255
-255
-255
-235
-196
-252
-255
-255
-180
-230
-249
-252
-255
-254
-252
-248
-227
-61
59
-189
-225
-250
-254
-254
-252
-248
-153
-40
243
31
-242
-249
-255
-255
-254
248
237
-254
-254
-253
-254
-254
-248
-255
-247
-253
-253
-255
-252
-248
111
82
-255
-255
-251
-252
-249
-110
-255
255
-231
-254
-194
4
-203
9
-173
-242
-254
-255
-255
-254
-255
-255
-152
-80
-141
-33
-135
-33
-64
-42
-105
-142
-123
-123
-93
-220
-31
-89
37
-184
-241
-42
-229
-220
-213
-223
-200
-210
-129
-219
-240
-253
-224
-234
-238
-241
-250
-252
-253
-251
-251
-238
-113
-142
-175
-213
-227
-228
-223
-241
-223
-189
-104
-16
-233
-238
-248
-250
-250
241
233
-244
-247
-34
-131
-128
-186
-242
-231
-133
-244
-229
-242
-232
104
73
-246
-246
-237
-236
-230
-110
139
77
-201
-229
-203
105
-224
57
-138
-212
-180
-156
-165
-158
-158
-155
229
-124
54
-73
231
-73
-59
16
-158
-191
-88
-87
-170
-241
-19
102
-8
-131
-247
-30
-226
-220
-230
-244
-250
-156
-206
-252
-252
-255
-231
-236
-251
-253
-253
-253
-241
-130
-139
-44
-117
-236
-251
-253
-254
-252
-250
-223
-222
-211
-239
-232
-250
-252
-255
-255
-255
248
236
-250
-251
-250
-252
-252
-243
-254
-253
-252
-252
-255
-254
-253
112
84
-254
-254
-253
-251
-252
-110
-4
255
-205
-213
-115
-12
-175
-125
-224
-242
-232
-224
-227
-225
-225
-224
56
-22
3
-66
62
-66
-98
-11
-4
-91
-128
-131
36
-253
68
0
53
-157
-254
30
-113
-245
-251
-252
-217
-206
-184
-239
-215
-255
-243
-252
-207
-218
-194
-183
-197
-212
-224
-210
-192
-190
-170
-179
-169
-204
-55
-125
-218
-145
-133
-199
-207
-229
-255
-255
-251
248
232
-253
-254
-220
-243
-243
-234
-254
-233
-246
-248
-254
-252
-247
110
79
-254
-254
-245
-248
-238
-111
178
-138
-188
-200
-97
35
-194
143
-197
-239
-223
-215
-220
-211
-214
-216
-115
-112
30
-61
-108
-61
-53
-8
-168
-193
-34
-35
-62
-244
56
102
-60
-148
-249
42
-250
-250
-254
-254
-215
-230
-241
-252
-254
-253
-250
-252
-253
-250
-232
-219
-229
-239
-242
-210
-222
-205
-222
-205
-232
-230
-192
-237
-245
-216
-206
-222
-160
-191
-254
-254
-254
248
236
-215
-209
-238
-253
-252
-250
-252
-250
-233
-246
-253
-254
-253
113
85
-215
-212
-190
-232
-169
-113
98
114
-225
-252
-224
63
-212
220
-141
-243
-248
-230
-246
-244
-233
-241
-186
-86
3
-36
-175
-36
52
9
-134
-121
-188
-188
-81
-219
93
-38
131
-165
-238
77
-242
-204
-138
-178
-238
-238
-231
-239
-210
-255
-254
-254
-239
-229
-231
-224
-251
-252
-251
-248
-243
-208
-184
-140
-190
-180
-73
-100
-190
-209
-151
-29
-170
-252
-255
-255
-254
248
235
-253
-252
-166
-216
-216
-242
-254
-251
-241
-243
-253
-254
-251
111
81
-253
-253
-237
-240
-229
-111
74
-142
-180
-238
-228
155
-222
-136
-243
-246
-238
-232
-234
-232
-232
-232
-181
-9
240
-4
-186
-4
52
127
-199
-218
-205
-205
-102
-208
-31
-191
157
-211
-240
-30
-133
-243
-228
-243
-246
-242
-237
-235
-213
-254
-249
-246
-205
-150
-189
-161
-251
-251
-251
-249
-249
-241
-248
-232
-249
-245
-239
-219
-230
-209
-219
-231
-186
-252
-254
-254
-254
247
236
-250
-251
-243
-247
-247
-248
-252
-249
-241
-244
-254
-254
-253
111
81
-254
-254
-242
-249
-235
-112
-51
-153
-163
-168
-91
31
-202
-67
-245
-248
-243
-239
-240
-239
-240
-239
-168
19
162
-51
-169
-51
-150
146
-93
-232
-128
-131
35
-248
6
13
53
-147
-251
-18
-89
-250
-252
-252
-227
-198
-158
-226
-234
-255
-239
-247
-209
-215
-206
-206
-237
-199
-212
-159
-190
-83
-144
-191
-207
-165
-173
-114
-170
-157
-25
-136
-231
-218
-255
-255
-255
249
236
-254
-253
-237
-243
-242
-243
-255
-251
-250
-252
-255
-254
-250
111
80
-254
-254
-248
-251
-244
-110
191
-201
-229
-248
-188
16
-210
-48
-168
-226
-236
-230
-232
-231
-231
-230
30
-44
-57
-91
41
-91
-29
113
-15
-134
-91
-92
-48
-243
-31
26
1
-132
-248
-53
-61
-207
-170
-171
-228
-181
-179
-233
-238
-253
-234
-249
-223
-239
-249
-250
-243
-232
-225
-222
-199
-204
-227
-174
-228
-230
-211
-185
-187
-141
-166
-166
-244
-252
-255
-255
-254
248
236
-251
-251
-252
-254
-254
-234
-255
-250
-238
-250
-254
-254
-249
111
81
-254
-254
-249
-244
-247
-109
-89
79
-192
-254
-192
-3
-199
216
-62
-242
-248
-241
-239
-234
-235
-234
-62
11
-139
-85
-44
-85
-5
91
-35
-145
-98
-97
-179
-184
-168
-140
3
-52
-211
-184
-123
-248
-245
-250
-253
-216
-223
-253
-254
-255
-233
-251
-249
-250
-254
-255
-254
-249
-181
-146
-231
-248
-244
-242
-251
-255
-252
-246
-162
-119
-106
-232
-186
-221
-254
-255
-251
248
235
-228
-250
-212
-254
-252
-232
-246
-240
-237
-247
-252
-161
-245
174
95
-243
-176
-180
-231
-196
-90
-8
111
-173
-234
-158
-112
-186
232
-185
-203
-227
-236
-235
-237
-231
-234
10
26
-231
-58
31
-58
-5
135
-120
-186
8
7
-58
-235
-143
-128
-98
-151
-245
-148
-217
-250
-152
-230
-199
-233
-238
-250
-251
-253
-252
-253
-234
-220
-195
-194
-245
-236
-223
-226
-219
-174
-170
-184
-189
-204
-207
-216
-210
-160
-184
-177
-188
-253
-255
-255
-246
248
231
-252
-251
-143
-177
-162
-119
-254
-201
-249
-245
-254
-235
-210
103
62
-254
-253
-249
-244
-248
-108
-55
39
-5
-236
-219
-79
-177
248
-253
-250
-253
-240
-252
-251
-242
-249
-62
70
-217
-58
-41
-58
-33
96
-201
-225
-71
-71
-156
-233
-6
128
-26
-123
-240
-65
-227
-255
-255
-255
-225
-192
-232
-254
-254
-255
-218
-251
-250
-251
-254
-251
-163
-64
-178
-87
-187
-225
-243
-245
-240
-234
-148
-21
-189
54
-87
-209
-238
-252
-255
-255
-254
248
236
-255
-254
-255
-255
-254
-250
-255
-254
-251
-252
-255
-251
-246
111
82
-254
-254
-249
-249
-247
-110
-114
0
-246
-250
-240
135
-218
-80
-212
-245
-238
-231
-234
-232
-232
-231
87
-2
-87
1
96
1
152
223
-204
-231
17
16
19
-234
-93
-89
-103
-119
-237
-125
-220
-182
-193
-195
-238
-242
-245
-243
-250
-241
-249
-251
-230
-214
-192
-226
-244
-243
-246
-247
-225
-217
-239
-246
-251
-251
-253
-252
-250
-235
-227
-192
-212
-246
-254
-254
-254
247
235
-245
-244
-204
-233
-230
-243
-245
-250
-237
-227
-250
-251
-250
110
82
-178
-181
-239
-238
-240
-106
0
172
-244
-254
-249
43
-199
129
-137
-211
-219
-213
-211
-211
-221
-209
-61
-33
-231
11
-49
11
-19
39
-94
-162
-20
-21
-56
-245
-93
-128
-73
-137
-249
-101
-219
-213
-211
-231
-59
-141
-128
-234
-236
-241
-232
-249
-235
-225
-197
-130
-212
-207
-236
-202
-196
-104
-125
-165
-186
-190
-80
-233
-203
-82
174
-111
-255
-254
-255
-255
-255
248
236
-254
-253
-253
-254
-253
-254
-255
-254
-254
-252
-255
-255
-255
112
82
-254
-254
-255
-243
-253
-110
91
191
-215
-241
-128
-141
-144
24
-236
-248
-242
-238
-239
-238
-238
-237
-86
-45
-248
-59
-63
-59
-138
-72
-26
-63
-59
-58
-105
-243
-6
-13
-38
-139
-248
-18
-22
-245
-233
-245
-228
-231
-241
-254
-254
-254
-242
-249
-252
-253
-253
-252
-244
-245
-245
-243
-224
-248
-250
-248
-241
-241
-222
-246
-243
-246
-246
-245
-184
-252
-255
-255
-254
248
236
-254
-254
-251
-253
-253
-239
-254
-239
-254
-253
-254
-253
-249
111
81
-255
-255
-245
-244
-234
-114
-106
-118
-231
-253
-226
39
-216
112
-93
-213
-246
-246
-248
-246
-247
-247
-7
-51
-45
-96
6
-96
-76
-32
21
-47
-173
-173
-93
-170
-6
13
106
-176
-230
-18
-236
-232
-177
-211
-248
-244
-226
-204
-218
-253
-253
-253
-235
-233
-238
-238
-253
-253
-251
-246
-230
-178
-131
-111
-161
-207
-118
-180
-229
-176
-103
-116
-192
-251
-255
-255
-254
248
235
-254
-253
-254
-254
-254
-252
-254
-252
-246
-249
-254
-255
-253
111
81
-253
-253
-241
-245
-236
-110
74
-135
-225
-254
-229
7
-197
128
-130
-232
-236
-227
-230
-231
-230
-227
-20
-60
-242
-70
2
-70
-65
-8
-25
-90
-2
-2
-127
-239
56
-13
-92
-150
-246
30
-249
-252
-250
-252
-236
-252
-255
-255
-255
-255
-255
-255
-255
-253
-245
-240
-252
-252
-254
-254
-251
-222
-235
-227
-237
-245
-237
-250
-251
-246
-237
-228
-246
-254
-255
-255
-255
248
235
-245
-247
-253
-254
-254
-250
-255
-251
-251
-249
-255
-254
-252
111
80
-254
-254
-250
-243
-249
-109
-119
114
-212
-251
-201
9
-199
193
-126
-237
-247
-245
-244
-244
-245
-244
-107
-86
-232
-65
-85
-65
7
17
-59
-160
-186
-185
-184
-219
68
51
122
-173
-239
53
-240
-188
-103
-223
-244
-238
-230
-214
-143
-253
-249
-251
-200
-115
-165
-198
-253
-254
-253
-252
-243
-226
-217
-133
-163
-161
-120
-211
-247
-248
-233
-199
-236
-251
-255
-255
-255
248
236
-254
-243
-254
-246
-247
-247
-255
-250
-251
-242
-255
-254
-253
112
83
-244
-243
-248
-147
-244
-110
0
0
-214
-240
-185
16
-197
91
-227
-243
-238
-232
-234
-232
-232
-232
-86
-109
-153
-56
-69
-56
-111
-65
-58
-89
19
16
97
-242
-44
51
-101
-111
-239
-101
-243
30
-215
-232
-229
-227
-248
-244
-250
-246
-250
-252
-232
-195
-217
-236
-246
-213
-237
-210
-207
-231
-235
-242
-249
-247
-234
-227
-240
-210
-223
-230
-251
-251
-255
-255
-255
248
236
-251
-248
-251
-253
-252
-246
-252
-240
-194
-230
-255
-253
-249
112
82
-253
-253
-248
-243
-249
-107
115
238
-180
-226
-199
55
-197
159
-244
-249
-244
-241
-242
-240
-241
-241
-129
85
9
-59
-122
-59
-17
-8
-217
-210
-58
-59
-19
-239
-19
77
-34
-114
-243
-77
-223
-231
-218
-208
-200
-229
-241
-251
-248
-255
-252
-251
-241
-248
-249
-240
-223
-232
-233
-239
-229
-212
-189
-215
-226
-226
-220
-237
-243
-233
-233
-209
-247
-254
-254
-255
-253
247
235
-251
-250
-251
-252
-252
-241
-255
-244
-252
-249
-255
-251
-235
109
71
-251
-250
-251
-218
-240
-115
83
121
-253
-252
-239
107
-222
-73
-197
-231
-225
-216
-219
-216
-216
-216
106
-138
-159
-55
121
-55
-32
-77
-158
-147
5
4
-52
-201
-31
26
-95
-60
-210
-77
-244
-234
-242
-252
-217
-245
-246
-253
-254
-252
-253
-254
-246
-232
-224
-150
-243
-246
-245
-236
-208
-106
-102
-182
-218
-235
-217
-239
-220
-187
-169
-138
-252
-255
-255
-255
-255
248
235
-255
-253
-255
-254
-253
-251
-255
-251
-255
-254
-255
-241
-216
103
59
-254
-254
-253
-235
-252
-110
58
-42
-235
-254
-231
32
-202
242
-169
-246
-236
-223
-219
-209
-209
-208
-57
4
-253
-50
-34
-50
-5
178
-110
-185
-43
-42
-150
-203
-180
-140
-55
-69
-221
-196
-224
-184
-178
-181
255
-62
-104
-242
-248
-250
-125
-220
-224
-218
-185
-92
-43
-167
-179
-166
-182
-175
-153
-145
-165
-98
255
-125
-187
-125
-140
-4
-203
-246
-255
-255
-255
248
236
-253
-251
-226
-245
-245
-245
-254
-253
-241
-242
-253
-251
-244
112
83
-254
-254
-227
-242
-222
-108
81
128
-170
-208
-196
-156
-34
95
-242
-249
-244
-241
-241
-240
-241
-240
-113
53
-247
-57
-90
-57
-177
-147
-82
-14
-41
-40
-189
-214
19
-38
-58
-100
-227
6
-255
-252
-255
-255
-192
-234
-254
-255
-255
-255
-251
-254
-255
-254
-253
-252
-197
-191
-247
-240
-249
-250
-251
-248
-238
-185
-143
-190
-250
-244
-232
-242
-239
-218
-255
-255
-255
249
236
-247
-248
-231
-246
-246
-252
-251
-254
-239
-239
-252
-253
-253
111
81
-254
-254
-251
-252
-245
-112
15
108
-174
-244
-206
-29
-203
248
-250
-252
-249
-248
-248
-248
-248
-247
-192
5
-105
-58
-177
-58
-96
-123
-190
-123
14
13
-53
-231
19
38
-103
-119
-237
6
-247
190
-225
-241
-231
-214
-221
-238
-241
-251
-251
-251
-243
-224
-210
-193
-246
-243
-250
-238
-221
-184
-193
-215
-234
-247
-229
-241
-246
-238
-208
-210
-211
-247
-255
-255
-255
248
236
-253
-252
-234
-246
-245
-247
-255
-247
-151
-111
-255
-254
-251
117
85
-254
-254
-245
-245
-253
-103
148
-169
-254
-254
-246
35
-210
232
-196
-233
-250
-237
-249
-248
-238
-245
-214
-90
-250
-58
-190
-58
-43
96
-130
-184
-41
-43
30
-158
-118
-25
-47
28
-112
-184
-249
-209
-209
-236
-144
-215
-191
-247
-251
-253
-243
-247
-244
-244
-232
-225
-212
-239
-217
-235
-199
-180
-166
-135
-147
-179
-73
-195
-191
-125
1
-24
-251
-255
-255
-255
-254
248
235
-254
-252
-254
-253
-251
-249
-255
-248
-254
-251
-255
-246
-224
108
71
-253
-252
-251
-228
-246
-112
-72
0
-226
-242
-205
-50
-204
-28
-232
-247
-246
-243
-245
-243
-243
-243
-22
66
-245
-64
1
-64
3
113
-191
-198
-168
-167
-191
-229
-31
-102
94
-141
-240
-42
-72
-213
-198
-238
-253
-252
-227
-110
-210
-254
-245
-234
68
-71
-177
-225
-255
-255
-254
-254
-232
-151
-85
-93
-173
-237
-230
-246
-254
-250
-243
-182
-124
-250
-254
-255
-253
247
235
-252
-251
-249
-252
-251
-236
-253
-241
-247
-249
-254
-254
-251
111
82
-253
-252
-242
-238
-239
-109
-130
229
-232
-253
-225
26
-218
-119
-44
-228
-242
-238
-240
-239
-239
-238
-77
-83
-193
-103
-55
-103
61
0
-65
-48
-146
-147
4
-221
-19
-204
73
-205
-243
-6
-92
-174
-37
-175
-208
-233
-206
-226
-214
-252
-253
-254
-244
-226
-241
-247
-252
-250
-249
-247
-219
-189
-201
-135
-199
-166
-190
-236
-212
-210
-181
-115
-218
-253
-255
-255
-255
248
236
-254
-254
-254
-255
-255
-254
-255
-254
-250
-252
-254
-255
-254
112
82
-254
-254
-247
-251
-243
-111
123
-213
-237
-248
-209
135
-229
-71
-223
-247
-250
-248
-249
-248
-248
-248
26
13
-38
-79
35
-79
114
255
-168
-235
-60
-60
-141
-242
-56
-89
-37
-145
-247
-65
-81
-166
-98
-162
-205
-202
-234
-252
-252
-254
-251
-254
-255
-254
-254
-253
-240
-232
-226
-244
-239
-254
-250
-248
-243
-239
-186
-229
-220
-241
-219
-235
-247
-245
-255
-255
-255
248
236
-253
-251
-229
-247
-247
-246
-254
-251
-250
-251
-255
-253
-249
112
85
-244
-244
-247
-251
-246
-109
159
-166
-243
-254
-243
-20
-193
139
-117
-242
-253
-252
-252
-252
-252
-252
-144
-58
-242
-75
-121
-75
28
39
-127
-115
-15
-16
-75
-251
-68
-64
-78
-146
-252
-77
-219
-252
-240
-247
-192
-202
-244
-253
-253
-242
-253
-253
-248
-245
-233
-177
-250
-240
-236
-242
-250
-207
-231
-235
-243
-240
-245
-228
-236
-240
-231
-243
-238
-253
-255
-255
-254
248
236
-253
-252
-254
-254
-254
-225
-255
-239
-251
-252
-255
-250
-239
109
74
-254
-254
-251
-251
-244
-113
-204
102
-218
-226
-150
-28
-187
42
-207
-232
-231
-224
-226
-223
-225
-223
23
-23
16
-77
29
-77
-60
34
-167
-203
16
15
-2
-232
-81
-51
-103
-96
-237
-148
-237
-231
-111
-150
-212
-232
-238
-246
-246
-243
-246
-250
-237
-165
-130
-203
-249
-243
-232
-231
-58
-179
-190
-199
-219
-221
-235
-215
-196
-193
-148
-164
233
-119
-253
-254
-254
249
238
-159
-123
-237
-250
-250
-249
-242
-250
-224
-235
-252
-254
-252
111
82
-252
-251
-214
-230
-205
-109
44
83
-227
-253
-230
15
-200
-76
-199
-250
-250
-248
-249
-248
-248
-248
-125
-24
-168
-107
-104
-107
-9
36
-79
-98
-6
-5
-134
-190
-118
-166
-89
-62
-209
-148
-225
-253
-223
-231
-238
-250
-247
-251
-253
-255
-255
-255
-255
-255
-253
-247
-254
-254
-255
-254
-254
-246
-236
-236
-243
-243
-247
-253
-255
-252
-244
-216
-252
-255
-255
-255
-255
248
236
-249
-250
-254
-255
-255
-253
-255
-253
-253
-251
-255
-254
-254
111
81
-255
-255
-253
-251
-253
-109
-133
107
-187
-245
-242
-22
-202
24
-239
-247
-243
-238
-240
-239
-238
-238
-27
46
-238
-71
-5
-71
38
49
-195
-190
-131
-132
-51
-232
31
51
50
-177
-247
42
-230
-253
-254
-253
-244
-214
-162
-217
-226
-254
-205
-213
-139
-167
-182
-225
-251
-242
-234
-230
-197
-213
-226
-213
-230
-242
-224
-243
-234
-229
-225
-218
-225
-247
-255
-255
-254
248
236
-249
-251
-245
-248
-249
-246
-23
-222
-242
-242
-253
-254
-250
111
81
-254
-254
-237
-245
-231
-111
-153
-102
-166
-156
-110
108
-215
-78
-229
-241
-231
-223
-226
-224
-223
-223
34
33
148
-84
30
-84
11
113
-171
-209
-166
-166
-78
-223
-19
-89
97
-206
-244
-6
-97
-253
-252
-253
-249
-238
-182
-217
-180
-255
-247
-246
-195
-73
-64
-191
-246
-244
-236
-204
-168
-147
-147
-109
-120
-119
-9
-168
-202
-222
-144
-149
-231
-235
-255
-255
-254
248
236
-253
-253
-239
-247
-246
-227
-255
-245
-247
-248
-254
-251
-222
110
68
-254
-254
-245
-247
-241
-110
107
0
-201
-234
-224
-207
-77
54
-240
-247
-240
-236
-237
-236
-237
-235
-7
67
-250
-57
16
-57
149
-255
-224
-255
-41
-40
-154
-221
-68
-64
-57
-99
-231
-113
-248
-252
-255
-255
-199
-232
-251
-254
-255
-255
-252
-254
-255
-255
-254
-252
-228
-233
-244
-244
-242
-248
-245
-245
-219
-213
-191
-227
-246
-245
-235
-237
-251
-254
-255
-255
-255
247
235
-251
-251
-254
-254
-253
-249
-254
-251
-253
-252
-255
-253
-251
111
80
-253
-251
-253
-226
-249
-111
-222
67
-244
-255
-247
-6
-192
-79
-195
-246
-241
-237
-239
-237
-237
-237
-47
-16
-197
-41
-28
-41
-115
36
105
-110
-34
-36
45
-243
-143
0
-55
-108
-246
-172
-229
-176
-153
-167
-102
-206
-191
-185
-242
-246
-243
-246
-230
-238
-231
-197
-245
-245
-247
-236
-187
-161
-178
-106
-188
-218
-205
-236
-239
-222
-123
-21
-252
-253
-253
-253
-253
246
233
-254
-253
-250
-253
-252
-254
-253
-254
-252
-250
-252
-253
-253
110
80
-254
-254
-250
-246
-251
-108
106
-105
-178
-165
-99
24
-150
-77
-219
-239
-226
-217
-221
-218
-217
-216
147
18
-48
-61
156
-61
-255
-255
-255
-255
1
-2
92
-251
-31
-13
-86
-135
-251
-89
-223
-239
-241
-248
-166
-230
-206
-231
-214
-244
-253
-243
-171
-143
-187
-175
-248
-231
-224
-198
-181
-153
-193
-210
-239
-242
-227
-226
-220
-164
-138
-197
-124
-229
-252
-254
-254
246
236
-230
-241
-241
-252
-252
-252
-252
-253
-228
-241
-253
-255
-254
112
82
-253
-253
-206
-234
-197
-108
180
-255
-245
-251
-246
-94
-189
-132
-238
-249
-244
-241
-242
-240
-240
-240
-61
0
-237
-75
-38
-75
-52
82
-161
-191
11
9
50
-241
-93
-77
-96
-117
-243
-113
-217
-206
-182
-186
-226
-241
-236
-252
-252
-244
-248
-252
-231
-227
-228
-224
-248
-249
-253
-246
-240
-226
-248
-243
-251
-252
-249
-248
-248
-246
-234
-250
-200
-254
-255
-255
-255
248
236
-253
-253
-253
-254
-254
-237
-255
-249
-251
-252
-255
-252
-246
111
80
-254
-254
-250
-251
-245
-112
0
0
-226
-251
-195
-1
-180
-149
-161
-246
-249
-247
-248
-248
-248
-248
-112
-59
-61
22
-101
22
-32
82
-4
-161
33
33
-62
-242
-155
-77
-119
-127
-246
-160
-215
-254
-255
-255
-220
-247
-254
-254
-254
-255
-254
-254
-223
-115
-109
-178
-233
-237
-240
-224
-98
-133
-174
-222
-234
-234
-211
-228
-233
-105
-176
-217
-198
-219
-120
-114
-77
115
65
-207
-205
-178
-220
-212
-236
-253
-249
-202
-184
-253
-251
-250
113
83
-242
-239
-164
-132
-145
-108
70
-92
-231
-254
-229
-61
-200
240
-172
-232
-232
-216
-207
-197
-202
-199
-98
-34
18
36
-95
36
-26
5
-136
-107
-166
-167
-33
-214
-143
-77
100
-164
-241
-136
-130
-204
-194
-198
-232
-227
-197
-186
-201
-249
-244
-245
-226
-236
-231
-234
-250
-251
-250
-247
-210
-101
-122
-135
-134
-193
-65
-168
-205
-65
137
188
-207
-252
-255
-255
-252
248
234
-254
-253
-254
-254
-254
-246
-254
-239
-247
-248
-254
-253
-233
111
71
-253
-253
-245
-246
-237
-112
0
74
-248
-254
-245
93
-217
176
-72
-229
-246
-243
-245
-243
-243
-243
-27
-64
-72
-88
-16
-88
-4
-6
-77
-135
43
44
-172
-243
81
-25
-129
-160
-248
65
-247
-246
-245
-253
-249
-254
-254
-255
-254
-212
-254
-254
-237
-124
-127
-77
-253
-253
-253
-246
-165
-173
-173
-237
-251
-254
-254
-254
-241
-210
-191
-57
-241
-251
-255
-255
-254
248
235
-251
-249
-242
-250
-250
-248
-253
-250
-249
-249
-255
-255
-254
112
82
-204
-206
-249
-241
-247
-110
87
-117
-244
-255
-216
23
-207
25
-123
-227
-252
-251
-252
-252
-251
-252
-167
-93
-194
-20
-147
-20
-4
34
-97
-155
-130
-130
-45
-219
-56
-51
48
-148
-237
-65
-230
5
-121
-185
-244
-241
-222
-234
-246
-254
-212
-241
-198
-225
-229
-228
-253
-252
-238
-214
-217
-230
-206
-239
-244
-250
-247
-247
-234
-225
-194
-220
-221
-250
-248
-248
-250
241
232
-246
-240
-244
-243
-243
-250
-251
-248
-248
-221
-249
-254
-253
112
82
-252
-250
-241
-190
-243
-106
0
-18
-181
-223
-150
-72
-233
-137
-238
-245
-238
-232
-234
-233
-232
-232
134
44
-11
-63
140
-63
52
-255
-228
-255
8
8
-108
-228
-168
-89
-100
-93
-238
-184
-218
-254
-253
-251
-239
-246
-252
-253
-253
-253
-253
-255
-250
-240
-247
-146
-252
-250
-246
-251
-222
-188
-92
-190
-239
-247
-227
-238
-244
-212
-229
-170
-204
-228
-254
-255
-254
247
236
-251
-251
-251
-253
-253
-252
-254
-253
-244
-245
-254
-255
-254
112
82
-254
-254
-237
-247
-231
-110
151
-255
-205
-232
-206
128
-217
146
-193
-233
-223
-220
-214
-212
-225
-211
46
46
226
10
35
10
52
-108
-163
-124
-149
-148
-194
-239
-56
-128
67
-150
-246
-65
-150
-252
-238
-247
-252
-246
-53
-63
-215
-254
-219
-145
38
-83
-230
-248
-255
-255
-252
-250
-101
-12
-10
-159
-218
-232
-245
-253
-253
-230
-198
165
-192
-249
-254
-254
-252
247
234
-253
-251
-249
-250
-249
-225
-253
-208
-250
-244
-254
-253
-247
113
90
-253
-251
-247
-235
-244
-110
-8
98
-41
-217
-137
19
-199
-135
-219
-246
-244
-241
-242
-241
-241
-240
66
-31
-7
-22
68
-22
-133
124
-72
-217
-93
-92
-140
-238
-155
-51
-2
-104
-244
-172
-117
-255
-254
-255
-250
-215
-241
-249
-251
-255
-248
-243
-248
-250
-253
-254
-251
-194
-113
-209
-202
-192
-221
-251
-253
-250
-246
-209
-145
-214
-152
-215
-220
-186
-255
-255
-254
250
239
-253
-254
-253
-254
-254
-245
-254
-246
-253
-254
-255
-253
-248
111
81
-255
-255
-250
-252
-248
-109
0
-255
-151
-255
-170
-14
-205
-98
-65
-244
-240
-246
-239
-249
-247
-250
45
-154
-68
-65
55
-65
79
146
-149
-192
33
33
-81
-221
-131
-89
-119
-150
-239
-136
-218
-247
-241
-249
-240
-251
-253
-254
-255
-253
-254
-254
-248
-237
-186
-181
-245
-247
-251
-243
-237
-135
-214
-237
-229
-238
-231
-246
-238
-193
-114
-217
-247
-255
-255
-255
-255
248
235
-254
-254
-255
-254
-254
-248
-255
-253
-253
-252
-255
-251
-246
110
78
-255
-255
-253
-251
-253
-108
119
-41
-179
-231
-133
-51
-171
-128
-209
-237
-229
-217
-220
-217
-218
-217
18
-104
-21
-65
26
-65
-39
-51
-111
-58
6
4
18
-236
-106
-128
-93
-131
-243
-113
-219
-245
-247
-252
-248
-253
-253
-254
-254
-254
-252
-254
-249
-246
-242
-241
-252
-252
-252
-245
-243
-242
-234
-233
-239
-246
-237
-250
-252
-235
-227
-223
-242
-254
-255
-255
-255
248
236
-254
-254
-250
-253
-253
-252
-255
-253
-254
-255
-255
-255
-254
112
83
-255
-255
-254
-251
-254
-109
96
-110
-176
-250
-172
-52
-177
-30
-235
-241
-235
-228
-231
-229
-229
-229
-97
-79
-192
-64
-76
-64
-29
-88
-143
-95
-79
-78
-152
-231
-31
-89
-17
-133
-240
-42
-58
-251
-254
-254
-248
-227
-248
-255
-255
-255
-248
-251
-254
-254
-253
-253
-243
-226
-224
-198
-230
-243
-252
-251
-252
-251
-231
-226
-229
-199
-230
-239
-158
-223
-254
-255
-246
248
231
-244
-251
-240
-253
-251
-208
-251
-224
-178
-251
-254
-204
-235
248
87
-243
-203
-226
-243
-193
-125
98
117
-244
-254
-248
105
-213
69
-161
-229
-219
-206
-212
-208
-208
-207
153
-104
-92
-21
162
-21
6
-11
-135
-161
-90
-91
-46
-224
31
-77
-1
-206
-244
42
-226
-231
-228
-250
-183
-198
21
-218
-250
-253
-216
-229
-229
-248
-246
-235
-245
-229
-219
-146
-93
-118
-159
-222
-235
-232
-202
-226
-184
-59
115
-15
-240
-249
-255
-255
-255
248
242
-251
-251
-239
-239
-233
-33
-254
-253
-244
-228
-241
-239
-237
108
116
-254
-254
-240
-222
-242
-105
112
255
-178
-247
-38
-91
-172
-198
42
-46
-156
-237
-227
-206
-234
-248
159
-213
-3
-59
164
-59
-7
-34
-173
-140
6
4
81
-225
-131
-140
-90
-85
-228
-148
-221
-239
-246
-249
-240
-250
-249
-254
-253
-254
-253
-253
-236
-236
-213
-213
-245
-251
-242
-233
-225
-195
-202
-214
-231
-245
-207
-233
-244
-210
-176
-198
-249
-254
-255
-255
-253
248
235
-254
-253
-151
-230
-203
-16
-255
-244
-253
-252
-255
-251
-235
111
76
-255
-254
-253
-251
-252
-109
36
135
-214
-248
-210
18
-205
-90
-204
-224
-215
-201
-206
-203
-203
-201
37
-125
-119
-70
51
-70
46
39
-187
-162
-67
-66
-144
-251
-6
-25
-30
-141
-252
-53
-82
-239
-244
-252
-204
-221
-228
-253
-254
-255
-231
-250
-255
-254
-254
-253
-143
-210
-226
-171
-214
-254
-255
-253
-252
-247
-168
-232
-240
-219
-230
-247
-254
-254
-254
-253
-240
247
221
-250
-251
-252
-253
-253
-248
-255
-252
-254
-254
-255
-255
-254
112
83
-255
-254
-254
-252
-253
-110
-255
0
-142
-242
-150
-101
-157
161
-245
-253
-251
-250
-251
-249
-250
-250
-60
28
-204
-59
-40
-59
-112
-82
-140
-59
76
74
-13
-207
-31
-89
-149
-67
-213
-89
-244
-242
-250
-253
-241
-252
-254
-255
-254
-250
-248
-246
-208
-133
-202
-230
-243
-220
-187
-166
-89
-196
-215
-214
-241
-227
-207
-219
-222
-219
-225
-231
-225
-248
-254
-254
-254
247
236
-245
-248
-250
-253
-253
-250
-253
-253
-238
-242
-254
-255
-253
112
83
-254
-254
-226
-235
-143
-154
178
-48
-195
-222
-186
-182
-30
-54
-249
-250
-246
-243
-244
-243
-243
-243
-31
-4
-253
-55
-8
-55
-118
-42
-176
-183
-59
-59
-120
-233
193
166
-38
-111
-239
101
-234
-245
-254
-255
-236
-240
-247
-254
-255
-255
-246
-252
-254
-255
-255
-255
-250
-247
-247
-250
-245
-251
-252
-254
-249
-238
-226
-244
-251
-250
-251
-252
-246
-255
-255
-255
-255
248
236
-255
-254
-254
-254
-254
-247
-255
-250
-255
-254
-255
-255
-254
111
82
-255
-255
-253
-248
-250
-110
102
-208
191
-176
-123
-93
-152
155
-245
-248
-243
-239
-243
-240
-241
-239
-71
8
-250
-58
-48
-58
56
43
-220
-209
-12
-12
-163
-225
-56
-25
-83
-100
-234
-65
-249
-255
-255
-254
40
-213
-240
-254
-252
-251
-252
-253
-240
-248
-241
-194
-207
-242
-240
-238
-250
-245
-210
-19
-195
-184
-194
-248
-245
-239
-243
-157
-252
-252
-255
-255
-255
248
236
-253
-252
-250
-251
-248
-251
-254
-253
-252
-247
-255
-254
-253
112
81
-254
-253
56
22
-251
113
65
-27
-180
-241
-255
-247
47
151
-218
-233
-214
-211
-202
-200
-217
-198
-14
53
-239
-69
8
-69
-184
-255
84
-255
-56
-55
-128
-240
-131
-77
-41
-119
-245
-136
-141
-255
-255
-255
-197
-232
-236
-252
-255
-255
-247
-253
-254
-254
-254
-253
-212
-237
-235
-220
-203
-251
-251
-247
-232
-206
-170
-240
-238
-212
-236
-221
-246
-254
-255
-255
-255
247
235
-234
-236
-253
-254
-253
-252
-255
-254
-252
-251
-255
-254
-253
111
81
-252
-250
-253
-231
-250
-110
-232
126
-233
-249
-207
62
-219
-103
-111
-236
-247
-245
-246
-245
-245
-245
-102
-33
-143
-26
-88
-26
117
-34
-121
19
-199
-198
-131
-181
-31
-115
145
-232
-230
-42
-103
-237
-132
-220
-245
-245
-222
-235
-229
-251
-253
-253
-246
-244
-235
-230
-253
-253
-253
-251
-247
-228
-226
-226
-215
-183
-94
-132
-202
-221
-234
-196
-232
-252
-255
-255
-254
248
235
-254
-254
-252
-254
-254
-249
-255
-248
-251
-252
-254
-254
-243
111
77
-254
-254
-250
-251
-246
-111
69
156
-178
-253
-96
-85
-175
219
-238
-247
-243
-238
-243
-240
-238
-241
-130
-15
-241
-55
-107
-55
-168
-164
9
255
47
44
64
-238
31
26
-125
-118
-241
18
-247
-227
-247
-238
-212
-204
-209
-232
-236
-210
-232
-224
-115
-72
40
-89
-221
-207
-195
-177
-158
-123
-205
-229
-225
-229
-213
-235
-233
-206
-215
-245
-245
-253
-255
-255
-254
248
235
-252
-251
-233
-252
-252
-247
-254
-247
-248
-252
-252
-253
-247
111
79
-253
-252
-252
-243
-251
-110
-137
-152
-170
-247
-251
-36
-206
-53
-251
-251
-248
-246
-247
-247
-247
-247
68
95
-251
-46
89
-46
-58
-6
-183
-182
-200
-200
-84
-195
143
178
151
-201
-238
160
-251
-254
-254
-255
-252
-248
-243
-231
-188
-255
-243
-245
-189
-99
-102
-125
-247
-251
-253
-250
-248
-245
-235
-242
-242
-237
-230
-231
-234
-213
-209
-237
-201
-19
-255
-255
-254
255
237
-238
-242
-236
-248
-248
-248
-244
-249
-228
-230
-252
-254
-253
112
82
-250
-250
-237
-245
-231
-110
-102
-204
-191
-238
-138
-66
-143
-76
-204
-245
-239
-233
-235
-234
-234
-233
-125
-55
-132
33
-111
33
-27
36
-80
-97
-57
-56
-171
-233
-44
-64
-41
-126
-241
-53
-79
-251
-254
-254
-221
-222
-251
-255
-255
-255
-246
-252
-253
-253
-254
-254
-214
-182
-217
-233
-237
-250
-251
-252
-254
-227
-211
-206
-246
-230
-219
-244
-89
-138
-251
-250
-248
247
232
-225
-214
16
-112
-102
-220
-201
-218
-79
18
255
120
200
-157
-233
-245
-244
11
121
-101
-8
79
79
-254
-252
-248
-66
-213
-32
-226
-239
-236
-230
-231
-228
-228
-227
-86
-2
-249
-59
-63
-59
19
113
-144
-177
-34
-34
-148
-237
-81
-77
-63
-147
-246
-89
-233
-216
-153
-224
63
-91
-226
-250
-249
-248
-230
-248
-227
-220
-208
-130
-123
-171
-126
-181
-218
-197
-172
-182
-208
-108
3
-179
-172
-184
-198
-107
-229
-250
-255
-255
-255
248
236
-253
-252
-204
-235
-235
-243
-254
-252
-248
-250
-254
-254
-250
113
84
-254
-254
-242
-247
-239
-110
-83
105
36
-235
-195
33
-208
-25
-243
-250
-245
-241
-243
-242
-242
-241
74
65
-68
-51
84
-51
-126
13
-120
-137
-53
-53
-83
-226
-131
-38
-43
-89
-236
-148
-53
-255
-255
-255
-204
-251
-246
-254
-255
-255
-245
-248
-253
-247
-250
-252
-156
-217
-248
-237
-221
-219
-232
-216
-199
-205
-94
-205
-234
-248
-228
-202
-245
-251
-255
-255
-255
247
236
-255
-255
-252
-254
-254
-248
-255
-254
-253
-253
-255
-253
-251
112
83
-255
-255
-252
-253
-250
-110
-135
222
-92
-229
-133
9
-183
99
-253
-252
-251
-249
-250
-249
-250
-249
-119
72
-51
-74
-107
-74
-150
-119
10
-79
61
61
-141
-203
-68
-115
-142
-85
-220
-125
-236
-252
-250
-251
-253
-254
-254
-255
-255
-249
-253
-253
-215
-93
-106
-212
-253
-251
-248
-242
-185
-238
-248
-247
-253
-254
-253
-253
-252
-242
-246
-239
-241
-249
-255
-255
-254
248
236
-248
-246
-53
-12
16
52
-233
-233
-250
-248
-254
-252
-233
110
75
-254
-253
-247
-238
-245
-109
109
205
-112
-254
-196
-81
-168
26
-245
-248
-241
-237
-238
-237
-238
-236
27
120
-246
-59
49
-59
9
19
-211
-207
49
48
-9
-214
-155
-89
-129
-70
-225
-208
-226
-251
-252
-254
-241
-246
-247
-255
-255
-251
-252
-254
-206
-150
-195
-218
-250
-248
-245
-194
-109
-176
-201
-235
-240
-239
-235
-223
-219
-228
-188
-237
-207
-253
-254
-254
-254
246
236
-248
-249
-247
-252
-253
-250
-254
-251
-237
-243
-253
-254
-252
111
81
-253
-253
-223
-240
-213
-111
255
-154
-194
-230
-13
-87
-142
-28
-228
-251
-250
-248
-249
-248
-248
-247
-140
-7
-31
-68
-129
-68
-110
46
-45
-160
-55
-54
-156
-231
-56
-115
-43
-142
-240
-65
-54
-210
-212
-239
-231
-223
-246
-254
-255
-254
-244
-253
-253
-253
-253
-251
-218
-203
-214
-236
-240
-247
-252
-246
-239
-244
-190
-208
-238
-230
-222
-241
-245
-215
-255
-255
-255
249
236
-245
-249
-220
-247
-248
-252
-252
-253
-233
-241
-224
-234
-217
96
56
-253
-253
-247
-247
-243
-111
0
18
-161
-251
-244
157
-222
-130
-241
-251
-249
-247
-247
-247
-247
-246
34
111
218
-78
28
-78
49
166
-158
-208
-224
-223
-143
-220
-56
-51
189
-202
-242
-53
-134
-253
-253
-254
-254
-253
-245
-248
-221
-255
-250
-250
-224
-194
-145
-140
-240
-252
-254
-254
-251
-247
-250
-253
-252
-245
-236
-236
-223
-198
-179
-244
-186
-230
-255
-255
-254
248
236
-250
-250
-252
-254
-254
-248
-254
-249
-240
-246
-254
-254
-253
112
82
-254
-254
-239
-249
-234
-110
-102
-255
-223
-250
-224
-71
-163
150
-221
-249
-246
-242
-245
-243
-244
-242
-187
-139
-254
-55
-163
-55
-64
-81
-125
-97
-126
-125
-176
-214
-6
-51
38
-137
-232
-18
-231
-234
-248
-252
-253
-242
-112
-242
-252
-255
-193
-224
-247
-246
-253
-255
-254
-252
-248
-235
-99
-145
-212
-244
-236
-243
-251
-240
-238
-114
31
255
-239
-255
-255
-255
-255
248
235
-252
-248
-253
-253
-253
-250
-255
-253
-251
-249
-255
-254
-253
112
82
-254
-254
-249
-236
-247
-109
155
-255
-253
-253
-246
21
-204
-72
-236
-251
-251
-250
-250
-250
-250
-249
-198
-31
-235
-39
-175
-39
11
-34
-175
-115
-39
-41
13
-236
-106
-51
-52
-101
-240
-160
-229
-247
-247
-250
-194
-232
-230
-248
-253
-255
-253
-254
-248
-247
-247
-219
-242
-240
-240
-237
-231
-190
-168
-176
-197
-200
-178
-216
-212
-228
-112
-26
-253
-255
-255
-255
-255
248
235
-255
-254
-255
-255
-253
-252
-255
-252
-255
-254
-255
-253
-248
112
85
-254
-254
-254
-243
-253
-110
48
122
98
-250
-250
8
-238
-133
-240
-246
-239
-235
-238
-234
-236
-234
29
41
-238
-61
50
-61
29
-255
-166
-255
10
9
-35
-237
-68
-166
-99
-203
-248
-53
-218
-255
-255
-255
-224
-252
-255
-255
-255
-254
-255
-255
-250
-248
-246
-251
-249
-251
-251
-244
-246
-244
-237
-238
-240
-239
-229
-246
-252
-251
-248
-239
-241
-254
-255
-255
-255
248
235
-254
-253
-254
-254
-254
-254
-255
-250
-253
-252
-255
-254
-252
111
80
-254
-254
-252
-249
-250
-110
57
-255
-220
-251
-109
-89
-132
-116
-230
-252
-255
-255
-255
-255
-255
-255
-95
-50
-111
-85
-80
-85
-118
-11
173
-36
-86
-86
-122
-236
-81
-102
-8
-114
-242
-89
-109
-192
-252
-251
-240
-219
-238
-250
-253
-255
-237
-251
-244
-253
-253
-253
-232
-209
-230
-218
-226
-245
-232
-246
-253
-252
-238
-203
-227
-204
-179
-218
-254
-254
-255
-255
-255
248
236
-253
-253
-253
-254
-253
-254
-255
-253
-254
-253
-255
-255
-255
111
82
-255
-255
-255
-255
-254
-109
23
-37
-172
-254
-175
-123
-118
-133
-234
-246
-240
-236
-238
-237
-237
-237
-20
36
-210
-83
1
-83
90
-255
-214
-255
43
42
-3
-238
-106
-153
-125
-122
-242
-125
-214
-254
-254
-253
-239
-243
-253
-254
-254
-249
-254
-253
-237
-227
-217
-237
-251
-244
-226
-226
-218
-205
-223
-228
-242
-232
-217
-248
-242
-224
-196
-237
-218
-233
-254
-254
-254
247
243
-251
-248
-219
-237
-236
-246
-252
-251
-195
-156
-253
-253
-252
115
83
-253
-253
-242
-247
-234
-112
97
50
-242
-253
-241
56
-216
94
-229
-250
-252
-251
-252
-251
-251
-251
-14
49
-3
-22
-8
-22
-59
16
-137
-140
-23
-23
-121
-210
-6
-115
-72
-83
-222
-65
-254
-249
-208
-232
-151
-236
-243
-253
-254
-254
-244
-251
-253
-251
-249
-236
-236
-249
-250
-252
-244
-247
-239
-226
-240
-236
-232
-248
-253
-248
-250
-236
-245
-253
-255
-255
-254
248
236
-254
-253
-251
-252
-252
-228
-255
-245
-253
-254
-255
-249
-238
109
75
-255
-255
-253
-252
-249
-111
102
153
-230
-248
-221
-31
-203
123
-106
-211
-235
-231
-228
-227
-236
-227
-95
0
-233
-58
-72
-58
76
-59
-122
-37
-30
-31
10
-246
-143
-102
-61
-120
-248
-160
-221
-239
-60
-173
-234
-247
-248
-252
-252
-255
-254
-254
-252
-252
-252
-242
-253
-253
-253
-252
-246
-230
-235
-207
-248
-251
-236
-253
-246
-239
-218
-203
-251
-254
-255
-255
-255
248
235
-247
-248
-253
-254
-253
-250
-255
-250
-252
-248
-255
-254
-253
111
81
-254
-254
-249
-244
-250
-107
-126
227
-231
-247
-216
52
-213
-52
112
-163
-152
-115
-129
-132
-150
-149
-109
-176
-168
-203
-87
-203
52
92
-113
-198
26
26
-60
-222
-68
-77
-113
-102
-230
-77
-235
-176
-148
-188
-227
-243
-246
-253
-253
-249
-254
-254
-249
-244
-233
-229
-248
-249
-245
-233
-197
-107
-160
-123
-231
-226
-217
-211
-229
-130
-121
-85
-216
-253
-255
-255
-254
248
236
-253
-251
-253
-254
-253
-244
-255
-250
-252
-249
-255
-252
-248
120
100
-254
-254
-249
-240
-246
-110
-91
181
-232
-254
-233
26
-212
54
-224
-250
-254
-254
-254
-254
-254
-254
-24
-25
-33
9
-15
9
-18
179
-135
-203
-176
-176
-42
-194
-44
-25
114
-207
-237
-18
-234
-233
-134
-159
-242
-236
-218
-223
-209
-254
-252
-253
-242
-232
-233
-247
-254
-254
-252
-248
-232
-208
-172
-177
-184
-168
-121
-174
-187
-147
-177
-63
-196
-252
-255
-255
-254
248
235
-254
-253
-254
-254
-254
-251
-254
-251
-248
-249
-253
-254
-250
111
81
-253
-253
-244
-246
-237
-112
-126
29
-189
-232
-199
-56
-171
-121
-225
-247
-242
-238
-239
-239
-239
-238
-22
25
-218
-62
-1
-62
-20
152
-70
-181
-40
-40
-103
-232
-106
-102
-56
-117
-240
-125
-225
-254
-254
-255
-217
-244
-245
-254
-255
-255
-250
-254
-254
-253
-251
-242
-229
-242
-241
-241
-243
-243
-239
-237
-239
-227
-211
-243
-248
-241
-244
-235
-188
-242
-255
-255
-255
248
236
-254
-254
-247
-254
-254
-254
-254
-254
-241
-250
-254
-255
-255
112
83
-249
-248
-214
-242
-199
-112
111
-107
-208
-253
-199
-70
-170
56
-234
-253
-252
-252
-252
-252
-252
-252
-131
54
-248
-53
-108
-53
-102
5
-128
-152
39
37
22
-210
-168
-38
-120
-61
-219
-208
-232
-249
-237
-241
-217
-240
-228
-243
-251
-223
-253
-251
-156
25
40
-191
-237
-240
-244
-224
-91
-203
-231
-230
-247
-242
-231
-225
-226
-179
-220
-250
-188
-249
-255
-255
-255
248
235
-252
-250
-247
-251
-250
-251
-253
-251
-250
-252
-255
-254
-251
111
80
-253
-253
-253
-248
-251
-109
156
206
-244
-255
-252
110
-215
-133
-220
-249
-251
-249
-250
-250
-250
-250
-59
-21
168
-177
-56
-177
90
39
-108
-140
-30
-30
-67
-235
-118
-89
-64
-106
-241
-148
-223
-246
-238
-248
-114
-214
-225
-249
-252
-251
-242
-251
-245
-249
-244
-225
-247
-234
-246
-246
-236
-198
-216
-192
-173
-219
-210
-217
-241
-231
-144
-157
-247
-249
-255
-255
-255
248
236
-254
-251
-243
-243
-245
-253
-254
-255
-247
-229
-221
-214
-211
82
51
-251
-250
-241
-227
-250
-102
125
-245
-252
-254
-242
96
-219
-126
-204
-243
-253
-253
-253
-253
-253
-253
-42
-10
-48
-8
-35
-8
20
-11
-53
28
-40
-40
-176
-245
-44
-89
-58
-172
-250
-53
-225
-131
-8
-112
-17
-78
-232
-249
-245
-250
-229
-247
-225
-220
-212
-205
-106
-90
-183
-204
-232
-228
-214
-200
-161
-169
-106
-152
-205
-221
-214
-197
-228
-249
-255
-255
-255
248
236
-254
-252
-226
-245
-244
-245
-254
-254
-248
-248
-254
-254
-252
114
86
-254
-254
-240
-247
-236
-109
93
-76
-142
-221
-247
-202
13
237
-186
-221
-226
-227
-240
-253
-254
-252
-23
73
-254
-52
0
-52
-192
-255
84
-255
37
37
-76
-231
-155
-128
-122
-99
-238
-184
-214
-254
-254
-255
-215
-245
-250
-254
-254
-244
-253
-252
-238
-60
-107
-163
-243
-240
-234
-224
45
-27
-168
-120
-152
-234
-196
-224
-168
-183
-155
-235
-165
-247
-252
-254
-254
245
236
-240
-244
-235
-251
-251
-249
-249
-250
-222
-235
-253
-254
-252
111
81
-253
-253
-196
-226
-191
-104
86
154
-201
-251
-183
-7
-198
155
-230
-253
-253
-253
-253
-253
-253
-253
-172
-60
-147
-72
-154
-72
-112
-32
-2
-162
-119
-118
-157
-232
6
38
29
-149
-243
-6
-230
-252
-249
-252
-254
-249
-240
-251
-254
-255
-234
-243
-242
-250
-253
-254
-253
-251
-248
-210
-215
-204
-241
-242
-251
-254
-251
-252
-244
-173
-192
-177
-189
-221
-253
-255
-187
247
205
-213
-250
-204
-253
-241
-79
-211
158
-207
-243
-247
164
-75
-7
214
-238
-214
-150
-233
-185
-75
98
-116
-255
-251
-247
11
-220
116
-95
-211
-188
-168
-160
-165
-192
-165
-140
-65
-252
-60
-116
-60
123
-59
-170
-88
-56
-55
-174
-234
-131
-140
-42
-113
-242
-160
-139
-209
-77
-166
167
-19
-121
-250
-246
-247
-134
-233
-239
-241
-219
-168
59
-40
-137
-119
-215
-222
-213
-181
-223
-191
154
-75
-142
-96
74
-189
-209
-245
-255
-255
-255
248
236
-252
-250
-196
-236
-234
-242
-253
-252
-242
-245
-253
-254
-253
112
83
-254
-254
-226
-242
-217
-111
-196
161
-245
-253
-217
32
-209
123
-136
-212
-242
-238
-238
-238
-237
-238
-103
-79
-241
-63
-80
-63
-52
43
-11
-92
-111
-112
-39
-220
19
-13
25
-123
-228
-6
-229
-45
-91
-173
-239
-233
-195
-246
-247
-251
-165
-188
-195
-237
-239
-238
-249
-228
-232
-220
-215
-219
-238
-226
-247
-249
-249
-246
-244
-240
-195
-211
-228
-250
-254
-254
-254
247
236
-248
-237
-238
-240
-238
-245
-253
-248
-188
-222
-253
-254
-253
112
83
-145
-136
-241
-195
-236
-110
-102
-51
-206
-249
-157
-125
-74
-132
-244
-255
-255
-254
-254
-254
-254
-254
-75
-22
-132
41
-61
41
-30
-255
-159
-255
-68
-68
-95
-215
-243
-102
-27
-70
-231
-255
-114
-203
-248
-254
-234
-241
-250
-250
-253
-255
-252
-254
-244
-255
-255
-255
-244
-247
-251
-252
-250
-255
-240
-245
-255
-253
-218
-239
-252
-251
-251
-252
-245
-254
-255
-255
-255
248
236
-255
-255
-254
-254
-254
-248
-255
-249
-255
-253
-255
-254
-253
111
81
-255
-255
-253
-249
-250
-110
194
-188
-228
-254
-245
62
-200
46
-200
-249
-250
-249
-249
-249
-249
-249
-133
-101
-93
-132
-118
-132
-32
63
-60
-147
247
247
-163
-118
-131
-230
-251
-15
-169
-160
-192
-254
-255
-255
-255
-255
-253
-254
-253
-255
-252
-253
-251
-240
-243
-194
-253
-253
-250
-247
-217
-236
-248
-253
-254
-254
-255
-255
-254
-253
-250
-236
-212
-251
-255
-255
-254
248
236
-251
-250
-247
-249
-248
-249
-253
-252
-246
-244
-199
-103
-53
0
-60
-252
-251
-212
-214
-223
-97
-255
255
-248
-254
-241
23
-180
-132
-245
-252
-254
-253
-254
-253
-253
-253
-158
-37
-193
27
-142
27
32
127
-139
-188
58
58
-98
-225
-131
-89
-139
-99
-234
-148
-211
-252
-254
-255
-249
-254
-254
-255
-255
-238
-254
-254
-198
-172
-180
-227
-252
-252
-253
-233
-204
-243
-242
-243
-253
-254
-254
-254
-249
-227
-231
-192
-248
-253
-255
-255
-255
248
235
-252
-251
-250
-252
-252
-251
-254
-252
-253
-251
-255
-255
-255
112
82
-183
-191
-252
-246
-250
-110
39
-106
-232
-241
-187
123
-229
-94
255
-186
-189
-168
-181
-174
-169
-171
113
-147
-54
-4
118
-4
97
-11
-142
-133
-153
-153
-90
-204
31
-128
77
-97
-211
6
-232
-7
-186
-191
-248
-245
-243
-234
-248
-253
-232
-243
-153
-184
-209
-236
-251
-250
-249
-246
-233
-185
-195
-233
-242
-244
-238
-249
-251
-248
-226
-239
-239
-252
-255
-254
-255
248
236
-252
-248
-251
-248
-247
-244
-253
-252
-245
-233
-254
-252
-248
111
80
-252
-251
-250
-225
-248
-109
115
118
-211
-226
-178
61
-198
-147
-184
-232
-226
-216
-221
-216
-216
-215
-82
-58
-33
-24
-79
-24
9
-45
-119
-128
-153
-157
72
-222
-56
-89
91
-198
-248
-53
-126
-253
-252
-251
-242
-242
-191
-224
-238
-255
-251
-248
-216
-191
-160
-134
-244
-235
-232
-233
-159
-166
-183
-93
-207
-169
-205
-158
-185
-198
-72
-149
-153
-213
-255
-255
-251
249
233
-250
-252
-248
-253
-253
-246
-254
-236
-242
-248
-254
-253
-250
111
81
-254
-254
-234
-249
-226
-111
79
-123
-161
-218
-39
-46
-160
-70
-242
-252
-251
-250
-250
-250
-250
-250
-52
105
-221
-57
-31
-57
-7
186
-146
-224
-26
-26
-88
-229
-106
-89
-69
-105
-237
-136
-227
-241
-245
-252
-248
-251
-251
-248
-250
-254
-253
-253
-252
-254
-249
-240
-251
-252
-254
-252
-253
-249
-248
-249
-251
-251
-252
-254
-254
-249
-244
-214
-252
-249
-251
-253
-255
244
235
-253
-253
-250
-254
-254
-253
-255
-254
-254
-254
-255
-255
-254
112
82
-254
-254
-250
-249
-251
-108
0
0
-211
-252
-172
26
-203
-186
56
-236
-248
-246
-247
-246
-246
-246
-101
-69
-37
-130
-87
-130
118
71
-52
-158
61
61
-109
-237
-118
-115
-141
-122
-243
-136
-212
-245
-100
-111
-243
-250
-253
-253
-254
-252
-255
-254
-244
-222
-243
-242
-252
-251
-249
-238
-176
-213
-191
-224
-241
-242
-218
-228
-232
-219
-218
-197
-215
-253
-255
-255
-254
248
237
-253
-252
-254
-254
-254
-235
-255
-245
-252
-249
-255
-252
-244
128
119
-254
-254
-250
-246
-247
-110
30
-79
-166
-250
-200
-3
-206
-64
-208
-245
-250
-250
-250
-249
-250
-250
-95
-25
-232
-25
-74
-25
-84
-77
-9
-23
-111
-113
24
-237
180
166
30
-162
-247
160
-242
-253
-251
-253
-227
-191
-171
-213
-236
-255
-238
-244
-176
-209
-204
-195
-227
-220
-195
-151
-147
-42
-107
-119
-178
-212
-150
-193
-193
-68
-102
-95
-219
-240
-255
-255
-254
248
235
-254
-253
-237
-244
-242
-235
-255
-247
-249
-252
-254
-254
-251
111
81
-254
-254
-247
-250
-243
-110
81
-154
-209
-227
-206
-162
-105
52
-238
-246
-238
-233
-235
-233
-234
-232
54
60
-246
-59
75
-59
-102
-52
-127
-117
-56
-56
-90
255
-180
-204
-38
255
255
-255
-11
-231
-228
-231
-219
-223
-239
-249
-251
-255
-247
-253
-251
-253
-254
-254
-242
-234
-244
-241
-254
-255
-253
-248
-249
-244
-215
-234
-250
-246
-252
-254
-234
-253
-255
-255
-255
248
236
-254
-254
-251
-253
-253
-242
-255
-245
-254
-252
-255
-254
-251
111
81
-255
-254
-251
-241
-242
-114
-144
150
-233
-255
-226
69
-216
37
-168
-239
-254
-254
-254
-254
-254
-254
5
-12
-51
-177
17
-177
38
150
-101
-200
-44
-45
-33
-237
-56
-64
-49
-106
-241
-113
-6
-157
26
-148
17
-141
-150
-215
-242
-243
-207
-236
-115
-129
-151
-149
-213
-162
-82
-148
-193
-65
-128
-95
-114
-202
-191
-192
-109
-113
-108
-108
-204
-248
-255
-255
-255
248
236
-254
-252
-238
-249
-248
-246
-254
-254
-242
-247
-253
-253
-249
112
81
-254
-254
-230
-245
-225
-108
-98
123
-53
-252
-193
-70
-185
-132
-247
-253
-250
-248
-248
-248
-248
-248
16
83
34
191
15
191
93
-255
-196
-255
-77
-77
-115
-251
-6
-13
-19
-145
-252
-42
-116
-254
-251
-250
-235
-240
-239
-250
-249
-254
-231
-243
-251
-251
-253
-251
-209
-216
-219
-204
-114
-237
-239
-244
-251
-246
-138
-199
-209
-179
-174
-8
-247
-250
-255
-255
-254
248
239
-255
-255
-254
-255
-255
-253
-255
-254
-253
-255
-255
-253
-248
111
79
-255
-255
-254
-254
-252
-110
8
-117
15
-160
88
-141
-91
250
-213
-241
-239
-237
-242
-246
-247
-246
-83
35
-246
-62
-60
-62
16
-255
-197
-255
-28
-28
-98
-214
-168
-128
-67
-74
-229
-196
-222
-125
-25
-87
121
-98
169
-144
-164
-237
-134
-198
-220
-166
-156
-94
-221
-228
-240
-198
-184
-235
-160
-105
-125
-102
-116
-233
-231
-177
-200
-119
-233
-242
-254
-255
-254
247
235
-227
-241
-227
-247
-243
-245
-243
-250
-237
-241
-251
-252
-250
111
81
-251
-250
-212
-203
-242
-85
0
99
-162
-244
-204
-157
-138
-70
-245
-250
-249
-248
-249
-248
-248
-248
-108
57
-246
-67
-85
-67
-42
-34
-158
-149
48
47
-66
-226
-81
-153
-130
-105
-234
-125
-216
-255
-255
-255
-245
-248
-253
-255
-255
-251
-255
-255
-222
-219
-199
-201
-251
-245
-249
-211
-190
-162
-218
-225
-248
-250
-250
-229
-243
-213
-211
-244
-221
-237
-254
-255
-254
248
236
-249
-249
-246
-252
-253
-250
-254
-251
-249
-250
-254
-255
-253
112
83
-254
-254
-246
-247
-241
-111
76
-70
-206
-248
-207
48
-220
-46
-164
-233
-245
-243
-244
-243
-243
-242
-158
-100
-180
-66
-138
-66
35
80
-112
-180
24
24
-126
-242
-68
-38
-113
-139
-247
-101
-224
-230
72
-38
-210
-235
-221
-247
-251
-246
-254
-254
-252
-248
-233
-237
-251
-252
-251
-245
-211
-118
-188
-197
-225
-223
-227
-238
-227
-179
-109
-164
-189
-252
-255
-255
-254
248
239
-252
-250
-253
-254
-253
-215
-254
-248
-251
-247
-255
-252
-245
130
130
-254
-254
-248
-242
-246
-110
-181
67
108
-252
-250
99
-244
148
-215
-237
-221
-217
-222
-215
-217
-219
59
-58
-200
-60
78
-60
6
41
-193
-191
19
18
-45
-243
56
13
-107
-174
-250
42
-249
-255
-255
-255
-221
-251
-254
-255
-255
-251
-254
-254
-247
-240
-240
-230
-246
-249
-250
-246
-239
-219
-211
-222
-228
-236
-227
-239
-249
-248
-236
-227
-233
-253
-255
-255
-254
248
235
-254
-250
-254
-253
-254
-253
-255
-245
-251
-249
-255
-249
-232
107
66
-253
-254
-247
-224
-244
-110
154
178
-244
-253
-250
-8
-195
220
-244
-250
-244
-242
-240
-240
-243
-239
-78
-4
-212
-66
-56
-66
18
62
-164
-188
-39
-40
-39
-240
44
102
-55
-130
-245
18
-248
-232
-244
-250
-58
-168
-173
-245
-249
-251
-243
-244
-246
-244
-230
-225
-216
-225
-225
-199
-205
-155
-199
-136
-182
-162
-128
-190
-199
-115
-77
41
-248
-249
-253
-252
-251
246
232
-254
-252
-243
-247
-246
-252
-249
-251
-248
-237
-254
-253
-253
111
82
-252
-252
-245
-224
-250
-105
-105
-118
-90
-228
-158
78
-217
44
-202
-246
-240
-236
-237
-236
-237
-235
-21
-1
-15
-56
-15
-56
-46
-23
-87
-147
187
186
-84
-221
-118
-140
-220
-95
-234
-136
-204
-255
-255
-255
-254
-254
-254
-255
-254
-254
-140
-243
-209
-210
-241
-237
-161
-216
-246
-242
-230
-178
-175
-182
-242
-248
-253
-253
-253
-237
-217
-205
-250
-246
-255
-255
-254
248
237
-252
-249
-245
-250
-250
-250
-254
-252
-242
-245
-216
-213
-225
81
61
-253
-252
-232
-208
-249
-96
-158
194
-195
-209
-234
-164
-34
-78
-228
-243
-233
-225
-228
-225
-225
-225
-147
-47
-243
-51
-123
-51
-184
39
76
-202
-57
-58
-83
-234
-81
-77
-38
-127
-242
-125
-83
-254
-255
-255
-228
-230
-244
-253
-254
-255
-246
-249
-251
-252
-250
-244
-234
-220
-228
-244
-237
-232
-237
-248
-238
-233
-203
-220
-242
-232
-207
-213
-207
-34
-253
-253
-251
253
238
-220
-216
-117
-180
-175
-220
-236
-234
-171
-118
-179
-28
3
-49
-91
-242
-241
-202
-167
-178
-116
49
70
-206
-244
-205
-53
-187
-140
-212
-249
-246
-243
-244
-243
-243
-243
-116
-21
-219
-87
-93
-87
-30
0
-82
-158
34
35
-148
-223
-118
-140
-122
-110
-233
-148
-214
-254
-255
-255
-253
-255
-255
-255
-255
-246
-255
-255
-252
-238
-209
-230
-254
-254
-255
-254
-246
-246
-243
-251
-253
-255
-255
-255
-255
-255
-255
-252
-241
-252
-255
-255
-255
248
235
-254
-253
-252
-254
-253
-253
-255
-254
-250
-250
-255
-254
-254
111
82
-254
-253
-251
-235
-249
-110
22
-98
-220
-254
-227
119
-229
26
42
-212
-252
-251
-251
-251
-251
-251
-97
-73
-54
-62
-84
-62
19
98
-65
-161
-215
-215
-78
-143
6
-178
177
-252
-221
6
-239
-243
-160
-203
-252
-250
-244
-250
-236
-254
-254
-254
-250
-246
-237
-232
-252
-253
-254
-250
-253
-227
-213
-230
-244
-235
-143
-162
66
11
56
-155
-209
-252
-255
-255
-252
248
235
-254
-253
-253
-254
-254
-243
-254
-241
-246
-247
-246
-251
-231
112
81
-253
-253
-243
-246
-240
-110
72
128
-177
-226
-172
-17
-199
245
-244
-249
-242
-240
-239
-238
-240
-238
36
82
-145
-57
51
-57
-107
-145
-193
-85
37
36
-23
-240
56
51
-120
-124
-244
18
-246
-252
-253
-252
-183
-231
-218
-235
-233
-229
-226
-245
-174
-168
-139
-175
-239
-239
-217
-159
-148
-21
-180
-229
-221
-222
-192
-213
-192
-203
-71
-168
-168
-249
-253
-254
-254
246
235
-246
-246
-244
-251
-251
-251
-253
-251
-232
-239
-253
-254
-253
111
82
-253
-253
-212
-228
-202
-109
119
-173
-219
-242
-183
90
-221
-157
-149
-236
-237
-231
-233
-231
-231
-231
-120
-29
86
0
-123
0
29
-45
-129
-143
-169
-169
-127
-232
-68
-89
99
-151
-242
-77
-126
-222
-210
-236
-251
-246
-228
-221
-221
-254
-250
-251
-207
-211
-229
-245
-254
-254
-253
-249
-236
-231
-203
-177
-221
-238
-229
-235
-240
-206
-195
-141
-245
-251
-255
-255
-255
248
236
-254
-252
-254
-253
-252
-250
-255
-252
-252
-250
-255
-254
-253
112
83
-253
-252
-252
-214
-249
-110
0
-255
-216
-254
-193
7
-212
153
-213
-246
-252
-250
-250
-251
-250
-250
-47
-27
-167
-67
-29
-67
-41
-107
-100
-80
-127
-127
-114
-217
6
26
41
-161
-239
-6
-231
-250
-252
-253
-247
-224
-95
-179
-236
-254
-123
-165
-127
-186
-224
-241
-253
-248
-232
-188
-73
-153
-166
-195
-234
-241
-227
-246
-214
-169
57
44
-228
-253
-255
-255
-253
248
235
-254
-252
-253
-253
-252
-209
-255
-227
-253
-248
-255
-251
-232
114
106
-253
-251
-252
-234
-250
-110
95
255
-231
-253
-232
29
-202
115
-47
-221
-235
-223
-229
-228
-225
-227
-39
-27
-232
-60
-17
-60
99
137
-59
-187
39
39
-133
-231
-168
-140
-125
-105
-239
-196
75
-241
-232
-249
-239
-249
-254
-254
-254
-243
-255
-255
-253
-231
-220
-240
-252
-252
-250
-235
-152
-120
-207
-140
-237
-211
-201
-219
-209
54
-22
-191
-216
-253
-255
-255
-254
248
237
-253
-250
-253
-253
-252
-240
-254
-252
-252
-246
-255
-251
-246
121
99
-254
-254
-249
-238
-245
-111
-77
77
-63
-245
-198
-55
-148
-23
-248
-251
-250
-249
-249
-249
-249
-249
-15
39
-72
-81
-3
-81
-45
46
-137
-166
149
149
-70
-226
-106
-89
-198
-101
-235
-125
-203
-255
-255
-255
-251
-254
-255
-255
-254
-252
-199
-195
-220
-182
-203
-233
-185
-152
-213
-223
-192
-199
-199
-217
-227
-237
-244
-253
-253
-243
-237
-179
-247
-247
-253
-254
-254
246
236
-251
-250
-242
-251
-250
-250
-254
-251
-236
-244
-223
-218
-231
84
66
-253
-253
-241
-232
-245
-104
-165
118
-163
-253
-150
14
-220
-97
235
113
-207
-251
-251
-248
-248
-251
208
-240
-48
-57
216
-57
-98
152
-147
-217
-34
-35
-37
-225
-81
-64
-59
-133
-238
-101
-254
-249
-228
-244
-199
-225
-245
-251
-253
-255
-252
-254
-244
-246
-247
-227
-236
-230
-227
-224
-241
-197
-215
-217
-189
-226
-176
-209
-232
-225
-191
-212
-218
-254
-255
-255
-250
248
232
-252
-251
-253
-253
-253
-227
-254
-230
-239
-241
-254
-250
-238
110
75
-254
-254
-249
-248
-245
-110
-88
97
-127
-235
-179
70
-206
-142
-226
-241
-231
-222
-226
-223
-223
-222
100
-77
-52
-35
108
-35
-30
42
-153
-152
51
51
-171
-230
-131
-140
-135
-157
-241
-136
-212
-245
-243
-250
-253
-247
-217
-225
-226
-244
-250
-254
-236
-211
-157
-213
-254
-252
-252
-252
-232
-213
-245
-248
-254
-253
-252
-254
-253
-245
-244
-245
-231
-252
-255
-255
-255
248
236
-235
-232
-38
-221
-187
-147
-255
-249
-251
-253
-254
-254
-254
111
82
-254
-254
-247
-245
-246
-109
128
-224
-223
-248
-196
-16
-207
215
-215
-245
-247
-245
-246
-245
-245
-245
4
-14
-211
-59
24
-59
-146
108
-30
-198
-39
-41
28
-245
68
115
-52
-164
-251
53
-246
-228
-40
-148
-199
-203
-209
-250
-248
-249
-238
-249
-243
-199
-223
-229
-241
-238
-228
-197
-111
-160
-226
-218
-210
-225
-193
-233
-190
-158
-146
-116
116
-203
-252
-254
-253
246
235
-139
-85
-183
-223
-221
-232
-239
-249
-205
-227
-251
-253
-250
112
82
-249
-249
-195
-225
-178
-111
91
-112
-177
-255
-239
-75
-181
-26
-241
-249
-244
-241
-242
-242
-242
-241
29
97
-247
-68
51
-68
84
113
-220
-210
-41
-41
-61
-229
-143
-51
-53
-91
-237
-184
-234
-255
-255
-255
-203
-243
-246
-251
-254
-255
-253
-253
-252
-253
-249
-249
-236
-241
-248
-250
-226
-221
-240
-217
-210
-242
-224
-244
-252
-249
-242
-220
-250
-254
-255
-255
-255
247
235
-245
-247
-254
-254
-254
-254
-255
-254
-253
-252
-255
-254
-253
111
81
-252
-251
-252
-239
-245
-113
-198
107
-246
-253
-237
56
-214
142
-165
-248
-249
-246
-247
-247
-247
-246
17
3
-112
-72
31
-72
-16
-7
-78
-121
10
9
-62
-225
-19
-13
-100
-95
-231
-77
-249
-243
-179
-202
-210
-206
-236
-254
-253
-234
-241
-247
-244
-224
-171
-201
-244
-250
-253
-251
-238
-223
-230
-237
-239
-248
-244
-250
-245
-232
-233
-243
-246
-254
-255
-255
-254
248
235
-253
-253
-254
-254
-254
-228
-255
-244
-253
-253
-255
-250
-240
109
74
-255
-254
-253
-251
-243
-114
-70
-107
-197
-253
-161
15
-209
-52
-249
-254
-255
-255
-255
-255
-255
-255
-112
-40
-189
-59
-92
-59
-84
-24
-161
-188
-117
-116
-183
-238
180
217
25
-153
-246
160
-243
-251
-252
-254
-254
-234
-103
-231
-253
-255
-139
-213
-232
-253
-254
-254
-253
-249
-229
-183
-119
-192
-226
-251
-254
-255
-252
-250
-213
-158
12
-1
-218
-251
-254
-255
-254
247
235
-254
-253
-252
-254
-253
-242
-254
-241
-252
-251
-255
-254
-253
111
81
-254
-253
-251
-247
-249
-109
-231
-231
-229
-251
-236
-69
-177
26
-233
-252
-248
-245
-247
-246
-246
-246
-101
28
-238
-62
-78
-62
-79
-103
-56
-52
-14
-14
-124
-242
-19
-25
-81
-161
-249
-30
-239
-247
-247
-244
-232
-246
-250
-250
-253
-254
-254
-255
-254
-254
-249
-250
-252
-252
-252
-255
-254
-244
-245
-234
-249
-237
-237
-247
-253
-249
-239
-228
-252
-254
-255
-255
-255
248
236
-245
-248
-254
-254
-254
-253
-255
-252
-253
-248
-255
-255
-254
112
82
-255
-255
-253
-250
-252
-109
-104
116
-147
-231
255
-157
32
223
-245
-253
-253
-252
-252
-252
-253
-252
-135
8
-173
-60
-116
-60
-189
-187
165
4
-9
-9
-171
-213
-56
-64
-86
-109
-229
-65
-249
-247
-243
-246
-238
-244
-238
-246
-246
-253
-251
-252
-248
-245
-237
-230
-252
-252
-251
-254
-251
-245
-242
-233
-238
-246
-249
-252
-253
-250
-237
-190
-248
-254
-255
-255
-255
248
235
-253
-252
-253
-254
-254
-253
-255
-253
-254
-253
-254
-254
-254
111
82
-253
-252
-251
-247
-248
-111
-13
-79
-178
-250
-177
21
-218
31
158
-148
-96
-201
-194
-226
-200
-201
183
-227
-98
-57
194
-57
-112
-7
-115
-165
-21
-22
-15
-231
-6
-13
-71
-115
-237
-42
-249
-241
-204
-227
-185
-234
-240
-251
-254
-254
-250
-254
-248
-236
-213
-207
-233
-240
-235
-218
-192
-177
-183
-207
-215
-224
-174
-233
-221
-187
-116
-157
-254
-254
-255
-255
-254
248
235
-254
-252
-143
-84
-29
181
-254
-243
-252
-247
-254
-252
-246
111
80
-254
-254
-253
-247
-252
-110
-43
-107
-230
-255
-213
0
-198
-102
-88
-241
-251
-250
-251
-250
-250
-250
-87
-32
-89
-30
-72
-30
-44
146
6
-175
63
63
-101
-232
-106
-102
-143
-110
-239
-113
-214
-241
-160
-205
-247
-251
-253
-254
-254
-252
-255
-255
-244
-240
-242
-249
-253
-252
-247
-205
-134
-196
-222
-218
-244
-246
-229
-195
-220
-134
-215
-227
-192
-253
-255
-255
-255
248
240
-253
-252
-253
-254
-253
-220
-255
-253
-252
-248
-255
-252
-249
137
137
-254
-254
-250
-247
-249
-110
101
-129
-160
-250
-95
-80
-157
161
-245
-253
-252
-250
-251
-251
-250
-250
-146
9
-105
-63
-131
-63
-112
-132
-90
-176
-23
-23
-94
-206
-44
-51
-72
-74
-217
-101
-249
-238
-251
-253
-247
-254
-251
-253
-252
-254
-253
-253
-250
-250
-248
-231
-247
-250
-252
-250
-247
-245
-235
-235
-245
-246
-244
-252
-253
-251
-235
-188
-237
-251
-255
-255
-255
248
236
-252
-250
-248
-251
-250
-251
-253
-253
-250
-246
-239
-234
-233
97
68
-254
-254
-244
-235
-170
-151
94
0
-171
-191
-181
-203
54
243
-248
-239
-249
-215
-248
-244
-220
-239
-107
-15
-251
-57
-83
-57
-96
74
-178
-218
-69
-68
-204
-192
44
-64
-30
-95
-212
18
-226
-249
-249
-252
-239
-159
-249
-254
-254
-254
-243
-253
-253
-254
-253
-253
-204
-112
-106
-215
-237
-248
-252
-252
-252
-250
-216
-157
-214
-198
-233
-241
-229
-143
-254
-254
-255
251
236
-125
-101
-173
-235
-238
-251
-238
-246
-203
-212
-245
-248
-248
108
78
-251
-252
-229
-233
-199
-123
0
35
