-255
-255
-236
-255
-255
-255
-255
-56
-126
-255
-255
-255
-255
-255
-255
-255
-255
-255
-255
-255
-255
-255
-255
-255
-83
-161
-255
-255
-255
-255
-255
-255
-255
-255
-255
-47
-255
-116
-255
-255
-255
-255
-255
-255
-255
-12
-255
-27
-255
-255
-255
-255
-255
-255
-255
-255
-182
255
255
255
255
37
179
255
255
255
160
171
255
154
255
255
255
255
255
255
255
255
255
255
255
255
89
255
255
54
143
255
255
255
255
255
255
255
255
255
226
241
176
77
36
255
95
255
255
86
255
255
144
255
255
255
255
255
255
255
