-212
-45
-203
47
-228
-230
-228
-228
-172
-52
-52
-209
-86
-85
-146
-192
-93
-10
-217
-113
-226
-231
-162
-230
-249
-252
-250
-251
-250
-206
-251
-242
-244
-249
-137
-204
-228
-246
-253
-252
-248
-238
-247
-254
-247
-110
-124
91
-242
100
-220
111
-248
-247
-247
-247
29
-83
-83
-147
-182
-181
-154
-232
-118
117
-242
-125
-154
-251
-253
-239
-206
-194
-237
-235
-254
-254
-168
2
-141
-186
-222
-148
-178
-185
-251
-254
-252
-254
-251
-254
-241
-111
-130
185
-244
83
-223
-75
-248
-249
-248
-248
-150
-63
-63
-117
27
24
87
-215
-106
-107
-223
-184
-219
-246
-252
-245
-246
-251
-225
-225
-253
-242
-143
-173
-236
-236
-158
-55
-159
-253
-255
-254
-254
-253
-238
-248
-254
-110
106
-87
-119
3
-194
-202
-227
-237
-230
-226
198
-99
-99
-221
-4
-5
-56
-206
-168
-87
-235
-172
-219
-250
-251
-251
-255
-255
-252
-249
-244
-242
-244
-224
-216
-234
-240
-218
-210
-245
-255
-254
-254
-255
-251
-249
-253
-109
-81
-27
-200
-80
-121
-66
-253
-254
-253
-253
-167
-52
-52
-255
44
43
-68
-226
-106
-127
-235
-125
-216
-255
-254
-255
-255
-255
-236
-219
-253
-253
-244
-249
-254
-254
-255
-252
-245
-249
-251
-251
-249
-240
-249
-254
-253
-110
-93
0
-185
3
-206
171
-248
-246
-240
-248
45
-80
-80
-115
-31
-31
-78
-234
81
-64
-238
30
-247
-248
-220
-246
-253
-255
-253
-251
-228
-235
-199
-209
-209
-180
-209
-145
-84
-228
-253
-249
-250
-252
-220
-252
-250
-110
41
-84
-209
-8
-196
213
-223
-231
-227
-227
64
-70
-70
-202
-56
-56
-125
-238
19
-40
-243
6
-224
-253
-207
-238
-254
-255
-252
-252
-218
-226
-239
-239
-236
-179
-224
-198
-230
-242
-253
-253
-251
-250
-238
-254
-248
-115
-116
51
-23
-42
-149
53
-249
-249
-248
-248
-134
-82
-82
-180
-28
-29
-36
27
-255
-63
-31
-255
-245
-254
-254
-252
-254
-254
-254
-251
-249
-251
-253
-242
-243
-250
-246
-245
-238
-248
-255
-254
-254
-254
-253
-255
-252
-108
118
165
-233
78
-224
-122
-249
-250
-249
-249
-28
-36
-36
-138
89
89
-96
-237
-93
-161
-247
-89
-208
-250
-252
-246
-251
-253
-231
-194
-250
-243
-246
-248
-249
-245
-250
-249
-254
-243
-229
-254
-253
-254
-233
-252
-252
-110
69
0
-158
-168
-71
222
-245
-244
-244
-243
-124
-54
-54
-195
-91
-91
-144
-193
-93
-4
-223
-101
-229
-225
-219
-229
-252
-254
-250
-253
-253
-230
-250
-242
-251
-251
-218
-220
-245
-194
-253
-253
-254
-251
-239
-254
-242
-115
-124
-108
-224
-186
-85
154
-241
-244
-242
-241
-54
-58
-58
-58
74
74
-135
-227
19
-151
-234
-6
-244
-255
-251
-254
-255
-255
-37
24
-245
-210
64
-239
-241
-224
-186
-88
-223
-124
-172
-141
-118
-72
-221
-241
-32
-110
0
0
-178
-40
-199
151
-248
-248
-248
-248
-24
-57
-57
-155
-29
-31
48
-240
81
-61
-250
77
-247
-231
-246
-249
-254
-254
-249
-242
-243
-241
-240
-241
-245
-225
-220
-207
-213
-247
-250
-244
-235
-51
-217
-250
-234
-107
115
-151
-200
151
-227
155
-230
-232
-229
-230
-218
-46
-46
-241
-68
-67
-169
-237
44
-30
-244
18
-224
-255
-209
-245
-254
-255
-251
-249
-141
-142
-244
-240
-244
-109
-153
-140
-181
-238
-250
-255
-254
-253
-246
-253
-249
-110
105
1
-201
-104
-157
156
-241
-242
-241
-241
48
-59
-59
-207
46
45
-88
-195
-118
-129
-212
-148
-252
-251
-246
-254
-254
-255
-214
-143
-251
-242
-32
-204
-238
-226
-170
-112
-232
-209
-252
-246
-250
-243
-252
-254
-212
-110
137
-185
-232
45
-197
149
-250
-251
-250
-250
-109
-18
-18
-46
-22
-22
-141
-230
56
-74
-238
30
-249
-250
-250
-255
-255
-255
-254
-254
-246
-252
-244
-237
-233
-220
-247
-243
-232
-247
-254
-251
-251
-253
-250
-254
-251
-109
-126
111
-218
-92
-181
222
-252
-253
-252
-252
-183
-51
-51
-95
14
13
-43
-215
-6
-103
-242
-18
-248
-253
-250
-253
-255
-254
-246
-238
-245
-251
-201
-228
-228
-228
-239
-219
-230
-249
-254
-254
-253
-245
-250
-254
-251
-108
-115
-163
-223
-5
-198
74
-248
-249
-248
-248
-172
-95
-95
-184
57
57
-150
-240
-19
-139
-247
-30
-236
-243
-239
-233
-243
-243
-242
-236
-251
-247
-75
-219
-235
-226
-152
-61
-219
-197
-252
-252
-250
-252
-139
-251
-246
-109
-137
144
-39
-95
-103
247
-245
-250
-250
-249
-39
-38
-38
-74
-11
-11
-162
-237
131
-84
-244
113
-247
-249
-222
-238
-247
-246
-243
-222
-206
-232
-207
-159
-139
-124
-243
-223
-187
-253
-253
-253
-250
-252
-247
-254
-235
-96
86
-101
-197
-93
-178
19
-246
-247
-246
-246
-159
-58
-58
-145
-59
-58
-202
-184
-106
-40
-209
-136
-25
-248
-159
-247
-254
-255
-255
-254
-226
-236
-254
-253
-252
-218
-241
-244
-241
-246
-250
-250
-247
-233
-247
-254
-243
-108
90
-62
-242
151
-225
152
-232
-234
-230
-232
180
-60
-60
-166
-231
-231
-116
-229
205
205
-247
208
-243
-252
-252
-248
-237
-205
-196
-55
-208
-251
-252
-245
-236
-235
-185
-116
-154
-175
-99
-243
-244
-244
-245
-253
-230
-111
-51
102
-201
-139
-181
232
-231
-240
-250
-248
-64
-64
-64
-255
26
26
-94
-237
-106
-114
-244
-125
-215
-251
-254
-253
-255
-254
-241
-216
-251
-253
-222
-246
-249
-252
-254
-253
-243
-241
-249
-253
-251
-242
-249
-252
-249
-110
-215
105
-134
-55
-173
47
-239
-240
-239
-240
-52
-44
-44
30
-77
-77
-103
-237
31
-18
-245
-6
-9
-181
-223
-222
-247
-248
-244
-248
-226
-209
-227
-240
-251
-189
-192
-187
-130
-195
46
-222
-209
-86
-196
147
-133
-66
-11
214
-251
-89
-206
220
-238
-236
-236
-234
43
-57
-57
-202
-223
-223
-154
-219
143
187
-242
125
-245
-253
-252
-240
-239
-198
-205
-141
-233
-252
-247
-242
-242
-194
-124
-130
-187
-147
-217
-246
-247
-249
-243
-254
-229
-109
-102
51
142
255
-232
-70
-231
-233
-231
-230
38
-32
-32
-235
-30
-30
-116
-230
-81
-66
-238
-101
-228
-209
-243
-248
-250
-253
-233
-236
-246
-249
-243
-240
-245
-248
-243
-224
-186
-247
-248
-251
-249
-222
-251
-254
-236
-98
115
118
-213
82
-208
-129
-215
-219
-216
-215
212
-28
-28
-218
-19
-20
-8
-245
-106
-72
-249
-113
-222
-242
-225
-229
-248
-249
-248
-239
-234
-244
-200
-216
-236
-217
-202
-181
-183
-184
-249
-237
-236
-249
-253
-255
-239
-110
255
-109
-217
-25
-200
160
-243
-244
-242
-243
-84
-59
-59
-170
-53
-52
-230
-242
56
-46
-248
42
-223
-240
-191
-254
-254
-254
-254
-253
-69
-206
-251
-246
-247
-214
-251
-252
-253
-250
-252
-251
-251
-252
-247
-254
-253
-110
-161
130
-204
-139
-142
240
-238
-244
-250
-250
-126
-65
-65
-175
-109
-108
-136
-236
-68
17
-244
-89
-126
-250
-217
-163
-244
-251
-235
-249
-252
-207
-187
-177
-246
-234
61
12
216
188
-145
-177
-114
-208
-156
-228
-204
-108
0
122
-195
33
-207
161
-243
-246
-245
-245
-52
-82
-82
-132
27
26
-69
-195
-68
-114
-205
-125
-248
-221
-235
-226
-249
-250
-246
-241
-250
-247
-74
-129
-211
-210
-137
-79
-82
-207
-253
-252
-249
-253
-169
-253
-247
-110
-77
-35
-103
18
-201
160
-247
-248
-246
-247
-45
-40
-40
-193
196
195
-73
-209
-93
-225
-222
-113
-218
-253
-254
-254
-254
-248
-233
-219
-183
-235
-176
-203
-233
-248
-243
-222
-214
-240
-235
-245
-240
-232
-236
-228
-190
-78
-132
238
-248
27
-199
234
-250
-234
-233
-236
-127
-62
-62
-101
-25
-26
-23
-225
6
-67
-231
-42
-248
-194
-158
-216
-244
-248
-245
-236
-211
-232
-122
-58
-213
-114
-182
-99
-18
-254
-254
-253
-251
-253
-253
-251
-227
-91
-188
-99
-227
37
-202
-89
-250
-250
-250
-250
-35
-10
-10
-135
219
218
-85
-229
-143
-237
-239
-160
-190
-235
-254
-253
-254
-252
-247
-249
-250
-249
-223
-248
-253
-255
-253
-248
-245
-199
-244
-253
-253
-248
-251
-244
-231
-109
-58
-108
-238
32
-208
245
-253
-253
-252
-252
-7
-60
-60
-142
66
66
-97
-236
106
-145
-244
101
-246
-219
-171
-218
-252
-230
-189
-202
-249
-246
-182
-242
-250
-234
-230
-233
-248
-243
-254
-253
-252
-255
-217
-249
-252
-111
0
-107
-135
-172
-76
154
-239
-242
-239
-238
-30
-62
-62
-83
-95
-94
-121
-220
-44
1
-231
-77
-227
-237
-220
-225
-249
-254
-244
-249
-252
-244
-247
-246
-248
-245
-236
-218
-246
-208
-254
-253
-253
-252
-234
-254
-242
-116
-113
-110
-240
-162
-85
26
-242
-244
-243
-242
56
-62
-62
-255
-49
-49
-97
-233
-31
-46
-238
-53
-21
-253
-238
-240
-254
-254
-252
-254
-229
-242
-238
-240
-213
-216
-244
-217
-231
-252
-254
-238
-240
-253
-251
-254
-253
-114
97
72
-204
-44
-195
246
-254
-254
-255
-255
-150
-50
-50
-180
-46
-46
-148
-141
-155
-51
-178
-219
-117
-226
-203
-247
-251
-251
-253
-253
-191
-246
-234
-229
-241
-153
-234
-239
-247
-248
-251
-251
-246
-210
-238
-254
-249
-112
-77
170
-246
13
-155
245
-223
-220
-212
-211
-127
-87
-87
-45
-58
-58
-195
-228
-81
-40
-238
-89
-117
-208
229
-170
-253
-254
-252
-249
-195
-183
-247
-247
-238
-43
-175
-182
-209
-253
-253
-253
-252
-251
-252
-241
-251
-109
105
255
-201
-94
-148
246
-236
-252
-250
-247
-107
-59
-59
-165
81
80
-17
-195
-118
-153
-207
-172
-248
-250
-242
-212
-215
-205
-108
-59
-242
-226
-226
-249
-252
-250
-241
-214
-213
-219
-249
-215
-220
148
126
-254
-238
-108
0
0
-149
-125
-120
-58
-238
-239
-237
-237
20
-55
-55
-192
50
46
152
-124
-155
-119
-65
-255
-245
-248
-245
-245
-244
-247
-228
-150
-253
-224
-188
-246
-253
-229
-213
-200
-240
-198
-221
-239
-240
-252
-251
-255
-234
-110
130
-77
-250
86
-210
-119
-252
-252
-252
-252
-181
-27
-27
-128
-55
-56
-44
-234
-68
-38
-240
-89
-104
-68
-164
-176
-216
-238
-240
-240
-224
-232
-227
-197
-212
-213
-163
-88
-202
-247
-249
-254
-253
-242
-253
-245
-242
-105
184
-255
124
-81
-166
-121
-241
-242
-241
-241
-102
-74
-74
-61
185
183
-4
-202
-155
-217
-212
-184
230
-236
-247
-252
-252
-249
-206
-248
-210
-209
-150
-234
-246
-244
-244
-238
-206
-251
-249
-252
-251
-249
-249
-242
-240
-103
-137
-115
-171
93
-204
-70
-240
-241
-240
-240
-78
-33
-33
-122
-73
-74
-41
-249
6
-19
-252
-30
-80
-253
-239
-250
-252
-255
-253
-254
-241
-234
-191
-238
-244
-234
-247
-246
-244
-207
-232
-253
-253
-251
-253
-242
-234
-111
236
-114
-237
-51
-200
53
-225
-227
-225
-226
-97
-34
-34
-126
-111
-110
-202
-241
31
19
-247
18
-228
-255
-235
-196
-252
-255
-249
-252
-252
-227
-189
-250
-254
-252
-40
243
31
-242
-249
-254
-254
-253
-248
-252
-251
-110
-255
255
-194
4
-203
9
-255
-255
-254
-255
-152
-33
-33
-142
-123
-123
-93
-220
-31
37
-241
-42
-229
-220
-210
-129
-219
-240
-238
-241
-253
-251
-142
-213
-227
-223
-189
-104
-16
-233
-238
-244
-247
-34
-186
-242
-237
-110
139
77
-203
105
-224
57
-156
-165
-158
-155
229
-73
-73
-191
-88
-87
-170
-241
-19
-8
-247
-30
-226
-220
-156
-206
-252
-252
-251
-253
-241
-139
-236
-253
-254
-250
-211
-239
-232
-250
-252
-250
-251
-250
-243
-254
-253
-110
-4
255
-115
-12
-175
-125
-224
-227
-225
-224
56
-66
-66
-91
-128
-131
36
-253
68
53
-254
30
-113
-245
-206
-184
-239
-215
-207
-218
-197
-224
-190
-179
-169
-55
-145
-133
-199
-207
-229
-253
-254
-220
-234
-252
-245
-111
178
-138
-97
35
-194
143
-215
-220
-211
-216
-115
-61
-61
-193
-34
-35
-62
-244
56
-60
-249
42
-250
-250
-230
-241
-252
-254
-253
-250
-229
-242
-205
-205
-232
-192
-216
-206
-222
-160
-191
-215
-209
-238
-250
-254
-190
-113
98
114
-224
63
-212
220
-230
-246
-244
-241
-186
-36
-36
-121
-188
-188
-81
-219
93
131
-238
77
-242
-204
-238
-231
-239
-210
-239
-229
-251
-251
-208
-140
-190
-73
-209
-151
-29
-170
-252
-253
-252
-166
-242
-254
-237
-111
74
-142
-228
155
-222
-136
-232
-234
-232
-232
-181
-4
-4
-218
-205
-205
-102
-208
-31
157
-240
-30
-133
-243
-242
-237
-235
-213
-205
-150
-251
-251
-241
-232
-249
-239
-209
-219
-231
-186
-252
-250
-251
-243
-248
-254
-242
-112
-51
-153
-91
31
-202
-67
-239
-240
-239
-239
-168
-51
-51
-232
-128
-131
35
-248
6
53
-251
-18
-89
-250
-198
-158
-226
-234
-209
-215
-237
-212
-83
-191
-207
-173
-157
-25
-136
-231
-218
-254
-253
-237
-243
-254
-248
-110
191
-201
-188
16
-210
-48
-230
-232
-231
-230
30
-91
-91
-134
-91
-92
-48
-243
-31
1
-248
-53
-61
-207
-181
-179
-233
-238
-223
-239
-243
-225
-204
-174
-228
-211
-141
-166
-166
-244
-252
-251
-251
-252
-234
-254
-249
-109
-89
79
-192
-3
-199
216
-241
-239
-234
-234
-62
-85
-85
-145
-98
-97
-179
-184
-168
3
-211
-184
-123
-248
-216
-223
-253
-254
-249
-250
-254
-181
-248
-242
-251
-252
-119
-106
-232
-186
-221
-228
-250
-212
-232
-161
-180
-90
-8
111
-158
-112
-186
232
-236
-235
-237
-234
10
-58
-58
-186
8
7
-58
-235
-143
-98
-245
-148
-217
-250
-233
-238
-250
-251
-234
-220
-245
-223
-174
-184
-189
-207
-160
-184
-177
-188
-253
-252
-251
-143
-119
-235
-249
-108
-55
39
-219
-79
-177
248
-240
-252
-251
-249
-62
-58
-58
-225
-71
-71
-156
-233
-6
-26
-240
-65
-227
-255
-192
-232
-254
-254
-250
-251
-163
-178
-225
-245
-240
-148
54
-87
-209
-238
-252
-255
-254
-255
-250
-251
-249
-110
-114
0
-240
135
-218
-80
-231
-234
-232
-231
87
1
1
-231
17
16
19
-234
-93
-103
-237
-125
-220
-182
-242
-245
-243
-250
-230
-214
-244
-246
-217
-246
-251
-253
-235
-227
-192
-212
-246
-245
-244
-204
-243
-251
-239
-106
0
172
-249
43
-199
129
-213
-211
-211
-209
-61
11
11
-162
-20
-21
-56
-245
-93
-73
-249
-101
-219
-213
-141
-128
-234
-236
-235
-225
-212
-236
-104
-165
-186
-80
-82
174
-111
-255
-254
-254
-253
-253
-254
-255
-255
-110
91
191
-128
-141
-144
24
-238
-239
-238
-237
-86
-59
-59
-63
-59
-58
-105
-243
-6
-38
-248
-18
-22
-245
-231
-241
-254
-254
-252
-253
-244
-245
-248
-248
-241
-222
-246
-246
-245
-184
-252
-254
-254
-251
-239
-253
-245
-114
-106
-118
-226
39
-216
112
-246
-248
-246
-247
-7
-96
-96
-47
-173
-173
-93
-170
-6
106
-230
-18
-236
-232
-244
-226
-204
-218
-235
-233
-253
-251
-178
-111
-161
-118
-176
-103
-116
-192
-251
-254
-253
-254
-252
-255
-241
-110
74
-135
-229
7
-197
128
-227
-230
-231
-227
-20
-70
-70
-90
-2
-2
-127
-239
56
-92
-246
30
-249
-252
-252
-255
-255
-255
-255
-253
-252
-254
-222
-227
-237
-237
-246
-237
-228
-246
-254
-245
-247
-253
-250
-254
-250
-109
-119
114
-201
9
-199
193
-245
-244
-244
-244
-107
-65
-65
-160
-186
-185
-184
-219
68
122
-239
53
-240
-188
-238
-230
-214
-143
-200
-115
-253
-253
-226
-133
-163
-120
-248
-233
-199
-236
-251
-254
-243
-254
-247
-254
-248
-110
0
0
-185
16
-197
91
-232
-234
-232
-232
-86
-56
-56
-89
19
16
97
-242
-44
-101
-239
-101
-243
30
-227
-248
-244
-250
-232
-195
-246
-237
-231
-242
-249
-234
-210
-223
-230
-251
-251
-251
-248
-251
-246
-253
-248
-107
115
238
-199
55
-197
159
-241
-242
-240
-241
-129
-59
-59
-210
-58
-59
-19
-239
-19
-34
-243
-77
-223
-231
-229
-241
-251
-248
-241
-248
-223
-233
-212
-215
-226
-220
-233
-233
-209
-247
-254
-251
-250
-251
-241
-251
-251
-115
83
121
-239
107
-222
-73
-216
-219
-216
-216
106
-55
-55
-147
5
4
-52
-201
-31
-95
-210
-77
-244
-234
-245
-246
-253
-254
-246
-232
-243
-245
-106
-182
-218
-217
-187
-169
-138
-252
-255
-255
-253
-255
-251
-241
-253
-110
58
-42
-231
32
-202
242
-223
-219
-209
-208
-57
-50
-50
-185
-43
-42
-150
-203
-180
-55
-221
-196
-224
-184
-62
-104
-242
-248
-224
-218
-43
-179
-175
-145
-165
255
-125
-140
-4
-203
-246
-253
-251
-226
-245
-251
-227
-108
81
128
-196
-156
-34
95
-241
-241
-240
-240
-113
-57
-57
-14
-41
-40
-189
-214
19
-58
-227
6
-255
-252
-234
-254
-255
-255
-255
-254
-197
-247
-250
-248
-238
-143
-244
-232
-242
-239
-218
-247
-248
-231
-252
-253
-251
-112
15
108
-206
-29
-203
248
-248
-248
-248
-247
-192
-58
-58
-123
14
13
-53
-231
19
-103
-237
6
-247
190
-214
-221
-238
-241
-243
-224
-246
-250
-184
-215
-234
-229
-238
-208
-210
-211
-247
-253
-252
-234
-247
-254
-245
-103
148
-169
-246
35
-210
232
-237
-249
-248
-245
-214
-58
-58
-184
-41
-43
30
-158
-118
-47
-112
-184
-249
-209
-215
-191
-247
-251
-244
-244
-212
-217
-180
-135
-147
-73
-125
1
-24
-251
-255
-254
-252
-254
-249
-246
-251
-112
-72
0
-205
-50
-204
-28
-243
-245
-243
-243
-22
-64
-64
-198
-168
-167
-191
-229
-31
94
-240
-42
-72
-213
-252
-227
-110
-210
68
-71
-255
-254
-151
-93
-173
-230
-250
-243
-182
-124
-250
-252
-251
-249
-236
-254
-242
-109
-130
229
-225
26
-218
-119
-238
-240
-239
-238
-77
-103
-103
-48
-146
-147
4
-221
-19
73
-243
-6
-92
-174
-233
-206
-226
-214
-244
-226
-252
-249
-189
-135
-199
-190
-210
-181
-115
-218
-253
-254
-254
-254
-254
-255
-247
-111
123
-213
-209
135
-229
-71
-248
-249
-248
-248
26
-79
-79
-235
-60
-60
-141
-242
-56
-37
-247
-65
-81
-166
-202
-234
-252
-252
-255
-254
-240
-226
-254
-248
-243
-186
-241
-219
-235
-247
-245
-253
-251
-229
-246
-253
-247
-109
159
-166
-243
-20
-193
139
-252
-252
-252
-252
-144
-75
-75
-115
-15
-16
-75
-251
-68
-78
-252
-77
-219
-252
-202
-244
-253
-253
-248
-245
-250
-236
-207
-235
-243
-245
-240
-231
-243
-238
-253
-253
-252
-254
-225
-250
-251
-113
-204
102
-150
-28
-187
42
-224
-226
-223
-223
23
-77
-77
-203
16
15
-2
-232
-81
-103
-237
-148
-237
-231
-232
-238
-246
-246
-237
-165
-249
-232
-179
-199
-219
-235
-193
-148
-164
233
-119
-159
-123
-237
-249
-254
-214
-109
44
83
-230
15
-200
-76
-248
-249
-248
-248
-125
-107
-107
-98
-6
-5
-134
-190
-118
-89
-209
-148
-225
-253
-250
-247
-251
-253
-255
-255
-254
-255
-246
-236
-243
-247
-252
-244
-216
-252
-255
-249
-250
-254
-253
-254
-253
-109
-133
107
-242
-22
-202
24
-238
-240
-239
-238
-27
-71
-71
-190
-131
-132
-51
-232
31
50
-247
42
-230
-253
-214
-162
-217
-226
-139
-167
-251
-234
-213
-213
-230
-224
-229
-225
-218
-225
-247
-249
-251
-245
-246
-254
-237
-111
-153
-102
-110
108
-215
-78
-223
-226
-224
-223
34
-84
-84
-209
-166
-166
-78
-223
-19
97
-244
-6
-97
-253
-238
-182
-217
-180
-195
-73
-246
-236
-147
-109
-120
-9
-222
-144
-149
-231
-235
-253
-253
-239
-227
-251
-245
-110
107
0
-224
-207
-77
54
-236
-237
-236
-235
-7
-57
-57
-255
-41
-40
-154
-221
-68
-57
-231
-113
-248
-252
-232
-251
-254
-255
-255
-255
-228
-244
-248
-245
-219
-191
-245
-235
-237
-251
-254
-251
-251
-254
-249
-253
-253
-111
-222
67
-247
-6
-192
-79
-237
-239
-237
-237
-47
-41
-41
-110
-34
-36
45
-243
-143
-55
-246
-172
-229
-176
-206
-191
-185
-242
-230
-238
-245
-247
-161
-106
-188
-205
-222
-123
-21
-252
-253
-254
-253
-250
-254
-253
-250
-108
106
-105
-99
24
-150
-77
-217
-221
-218
-216
147
-61
-61
-255
1
-2
92
-251
-31
-86
-251
-89
-223
-239
-230
-206
-231
-214
-171
-143
-248
-224
-153
-210
-239
-227
-164
-138
-197
-124
-229
-230
-241
-241
-252
-255
-206
-108
180
-255
-246
-94
-189
-132
-241
-242
-240
-240
-61
-75
-75
-191
11
9
50
-241
-93
-96
-243
-113
-217
-206
-241
-236
-252
-252
-231
-227
-248
-253
-226
-243
-251
-249
-246
-234
-250
-200
-254
-253
-253
-253
-237
-252
-250
-112
0
0
-195
-1
-180
-149
-247
-248
-248
-248
-112
22
22
-161
33
33
-62
-242
-155
-119
-246
-160
-215
-254
-247
-254
-254
-254
-223
-115
-233
-240
-133
-222
-234
-211
-105
-176
-217
-198
-219
-207
-205
-178
-236
-251
-164
-108
70
-92
-229
-61
-200
240
-216
-207
-197
-199
-98
36
36
-107
-166
-167
-33
-214
-143
100
-241
-136
-130
-204
-227
-197
-186
-201
-226
-236
-250
-250
-101
-135
-134
-65
-65
137
188
-207
-252
-254
-253
-254
-246
-253
-245
-112
0
74
-245
93
-217
176
-243
-245
-243
-243
-27
-88
-88
-135
43
44
-172
-243
81
-129
-248
65
-247
-246
-254
-254
-255
-254
-237
-124
-253
-253
-173
-237
-251
-254
-210
-191
-57
-241
-251
-251
-249
-242
-248
-255
-249
-110
87
-117
-216
23
-207
25
-251
-252
-252
-252
-167
-20
-20
-155
-130
-130
-45
-219
-56
48
-237
-65
-230
5
-241
-222
-234
-246
-198
-225
-253
-238
-230
-239
-244
-247
-225
-194
-220
-221
-250
-246
-240
-244
-250
-254
-241
-106
0
-18
-150
-72
-233
-137
-232
-234
-233
-232
134
-63
-63
-255
8
8
-108
-228
-168
-100
-238
-184
-218
-254
-246
-252
-253
-253
-250
-240
-252
-246
-188
-190
-239
-227
-212
-229
-170
-204
-228
-251
-251
-251
-252
-255
-237
-110
151
-255
-206
128
-217
146
-220
-214
-212
-211
46
10
10
-124
-149
-148
-194
-239
-56
67
-246
-65
-150
-252
-246
-53
-63
-215
38
-83
-255
-252
-12
-159
-218
-245
-230
-198
165
-192
-249
-253
-251
-249
-225
-253
-247
-110
-8
98
-137
19
-199
-135
-241
-242
-241
-240
66
-22
-22
-217
-93
-92
-140
-238
-155
-2
-244
-172
-117
-255
-215
-241
-249
-251
-248
-250
-251
-113
-192
-251
-253
-246
-214
-152
-215
-220
-186
-253
-254
-253
-245
-253
-250
-109
0
-255
-170
-14
-205
-98
-246
-239
-249
-250
45
-65
-65
-192
33
33
-81
-221
-131
-119
-239
-136
-218
-247
-251
-253
-254
-255
-248
-237
-245
-251
-135
-237
-229
-231
-193
-114
-217
-247
-255
-254
-254
-255
-248
-251
-253
-108
119
-41
-133
-51
-171
-128
-217
-220
-217
-217
18
-65
-65
-58
6
4
18
-236
-106
-93
-243
-113
-219
-245
-253
-253
-254
-254
-249
-246
-252
-252
-242
-233
-239
-237
-235
-227
-223
-242
-254
-254
-254
-250
-252
-255
-254
-109
96
-110
-172
-52
-177
-30
-228
-231
-229
-229
-97
-64
-64
-95
-79
-78
-152
-231
-31
-17
-240
-42
-58
-251
-227
-248
-255
-255
-254
-254
-243
-224
-243
-251
-252
-231
-199
-230
-239
-158
-223
-244
-251
-240
-208
-204
-226
-125
98
117
-248
105
-213
69
-206
-212
-208
-207
153
-21
-21
-161
-90
-91
-46
-224
31
-1
-244
42
-226
-231
-198
21
-218
-250
-229
-248
-245
-219
-118
-222
-235
-202
-59
115
-15
-240
-249
-251
-251
-239
-33
-239
-240
-105
112
255
-38
-91
-172
-198
-237
-227
-206
-248
159
-59
-59
-140
6
4
81
-225
-131
-90
-228
-148
-221
-239
-250
-249
-254
-253
-236
-236
-245
-242
-195
-214
-231
-207
-210
-176
-198
-249
-254
-254
-253
-151
-16
-251
-253
-109
36
135
-210
18
-205
-90
-201
-206
-203
-201
37
-70
-70
-162
-67
-66
-144
-251
-6
-30
-252
-53
-82
-239
-221
-228
-253
-254
-255
-254
-143
-226
-254
-253
-252
-168
-219
-230
-247
-254
-254
-250
-251
-252
-248
-255
-254
-110
-255
0
-150
-101
-157
161
-250
-251
-249
-250
-60
-59
-59
-59
76
74
-13
-207
-31
-149
-213
-89
-244
-242
-252
-254
-255
-254
-208
-133
-243
-187
-196
-214
-241
-207
-219
-225
-231
-225
-248
-245
-248
-250
-250
-255
-226
-154
178
-48
-186
-182
-30
-54
-243
-244
-243
-243
-31
-55
-55
-183
-59
-59
-120
-233
193
-38
-239
101
-234
-245
-240
-247
-254
-255
-254
-255
-250
-247
-251
-254
-249
-226
-250
-251
-252
-246
-255
-255
-254
-254
-247
-255
-253
-110
102
-208
-123
-93
-152
155
-239
-243
-240
-239
-71
-58
-58
-209
-12
-12
-163
-225
-56
-83
-234
-65
-249
-255
-213
-240
-254
-252
-240
-248
-207
-240
-245
-19
-195
-194
-239
-243
-157
-252
-252
-253
-252
-250
-251
-254
56
113
65
-27
-255
-247
47
151
-211
-202
-200
-198
-14
-69
-69
-255
-56
-55
-128
-240
-131
-41
-245
-136
-141
-255
-232
-236
-252
-255
-254
-254
-212
-235
-251
-247
-232
-170
-212
-236
-221
-246
-254
-234
-236
-253
-252
-254
-253
-110
-232
126
-207
62
-219
-103
-245
-246
-245
-245
-102
-26
-26
19
-199
-198
-131
-181
-31
145
-230
-42
-103
-237
-245
-222
-235
-229
-246
-244
-253
-253
-228
-226
-215
-94
-221
-234
-196
-232
-252
-254
-254
-252
-249
-254
-250
-111
69
156
-96
-85
-175
219
-238
-243
-240
-241
-130
-55
-55
255
47
44
64
-238
31
-125
-241
18
-247
-227
-204
-209
-232
-236
-115
-72
-221
-195
-123
-229
-225
-213
-206
-215
-245
-245
-253
-252
-251
-233
-247
-253
-252
-110
-137
-152
-251
-36
-206
-53
-246
-247
-247
-247
68
-46
-46
-182
-200
-200
-84
-195
143
151
-238
160
-251
-254
-248
-243
-231
-188
-189
-99
-247
-253
-245
-242
-242
-230
-213
-209
-237
-201
-19
-238
-242
-236
-248
-254
-237
-110
-102
-204
-138
-66
-143
-76
-233
-235
-234
-233
-125
33
33
-97
-57
-56
-171
-233
-44
-41
-241
-53
-79
-251
-222
-251
-255
-255
-253
-253
-214
-217
-250
-252
-254
-211
-230
-219
-244
-89
-138
-225
-214
16
-220
120
11
-8
79
79
-248
-66
-213
-32
-230
-231
-228
-227
-86
-59
-59
-177
-34
-34
-148
-237
-81
-63
-246
-89
-233
-216
-91
-226
-250
-249
-227
-220
-123
-126
-197
-182
-208
3
-184
-198
-107
-229
-250
-253
-252
-204
-243
-254
-242
-110
-83
105
-195
33
-208
-25
-241
-243
-242
-241
74
-51
-51
-137
-53
-53
-83
-226
-131
-43
-236
-148
-53
-255
-251
-246
-254
-255
-253
-247
-156
-248
-219
-216
-199
-94
-248
-228
-202
-245
-251
-255
-255
-252
-248
-253
-252
-110
-135
222
-133
9
-183
99
-249
-250
-249
-249
-119
-74
-74
-79
61
61
-141
-203
-68
-142
-220
-125
-236
-252
-254
-254
-255
-255
-215
-93
-253
-248
-238
-247
-253
-253
-242
-246
-239
-241
-249
-248
-246
-53
52
-252
-247
-109
109
205
-196
-81
-168
26
-237
-238
-237
-236
27
-59
-59
-207
49
48
-9
-214
-155
-129
-225
-208
-226
-251
-246
-247
-255
-255
-206
-150
-250
-245
-176
-235
-240
-235
-228
-188
-237
-207
-253
-248
-249
-247
-250
-254
-223
-111
255
-154
-13
-87
-142
-28
-248
-249
-248
-247
-140
-68
-68
-160
-55
-54
-156
-231
-56
-43
-240
-65
-54
-210
-223
-246
-254
-255
-253
-253
-218
-214
-247
-246
-239
-190
-230
-222
-241
-245
-215
-245
-249
-220
-252
-234
-247
-111
0
18
-244
157
-222
-130
-247
-247
-247
-246
34
-78
-78
-208
-224
-223
-143
-220
-56
189
-242
-53
-134
-253
-253
-245
-248
-221
-224
-194
-240
-254
-247
-253
-252
-236
-198
-179
-244
-186
-230
-250
-250
-252
-248
-254
-239
-110
-102
-255
-224
-71
-163
150
-242
-245
-243
-242
-187
-55
-55
-97
-126
-125
-176
-214
-6
38
-232
-18
-231
-234
-242
-112
-242
-252
-247
-246
-254
-248
-145
-244
-236
-251
-114
31
255
-239
-255
-252
-248
-253
-250
-254
-249
-109
155
-255
-246
21
-204
-72
-250
-250
-250
-249
-198
-39
-39
-115
-39
-41
13
-236
-106
-52
-240
-160
-229
-247
-232
-230
-248
-253
-248
-247
-242
-240
-190
-176
-197
-178
-228
-112
-26
-253
-255
-255
-254
-255
-252
-253
-254
-110
48
122
-250
8
-238
-133
-235
-238
-234
-234
29
-61
-61
-255
10
9
-35
-237
-68
-99
-248
-53
-218
-255
-252
-255
-255
-255
-250
-248
-249
-251
-244
-238
-240
-229
-251
-248
-239
-241
-254
-254
-253
-254
-254
-254
-252
-110
57
-255
-109
-89
-132
-116
-255
-255
-255
-255
-95
-85
-85
-36
-86
-86
-122
-236
-81
-8
-242
-89
-109
-192
-219
-238
-250
-253
-244
-253
-232
-230
-245
-246
-253
-238
-204
-179
-218
-254
-254
-253
-253
-253
-254
-255
-255
-109
23
-37
-175
-123
-118
-133
-236
-238
-237
-237
-20
-83
-83
-255
43
42
-3
-238
-106
-125
-242
-125
-214
-254
-243
-253
-254
-254
-237
-227
-251
-226
-205
-228
-242
-217
-224
-196
-237
-218
-233
-251
-248
-219
-246
-253
-242
-112
97
50
-241
56
-216
94
-251
-252
-251
-251
-14
-22
-22
-140
-23
-23
-121
-210
-6
-72
-222
-65
-254
-249
-236
-243
-253
-254
-253
-251
-236
-250
-247
-226
-240
-232
-248
-250
-236
-245
-253
-254
-253
-251
-228
-249
-253
-111
102
153
-221
-31
-203
123
-231
-228
-227
-227
-95
-58
-58
-37
-30
-31
10
-246
-143
-61
-248
-160
-221
-239
-247
-248
-252
-252
-252
-252
-253
-253
-230
-207
-248
-236
-239
-218
-203
-251
-254
-247
-248
-253
-250
-254
-249
-107
-126
227
-216
52
-213
-52
-115
-129
-132
-149
-109
-203
-203
-198
26
26
-60
-222
-68
-113
-230
-77
-235
-176
-243
-246
-253
-253
-249
-244
-248
-245
-107
-123
-231
-217
-130
-121
-85
-216
-253
-253
-251
-253
-244
-252
-249
-110
-91
181
-233
26
-212
54
-254
-254
-254
-254
-24
9
9
-203
-176
-176
-42
-194
-44
114
-237
-18
-234
-233
-236
-218
-223
-209
-242
-232
-254
-252
-208
-177
-184
-121
-147
-177
-63
-196
-252
-254
-253
-254
-251
-254
-244
-112
-126
29
-199
-56
-171
-121
-238
-239
-239
-238
-22
-62
-62
-181
-40
-40
-103
-232
-106
-56
-240
-125
-225
-254
-244
-245
-254
-255
-254
-253
-229
-241
-243
-237
-239
-211
-241
-244
-235
-188
-242
-254
-254
-247
-254
-255
-214
-112
111
-107
-199
-70
-170
56
-252
-252
-252
-252
-131
-53
-53
-152
39
37
22
-210
-168
-120
-219
-208
-232
-249
-240
-228
-243
-251
-156
25
-237
-244
-203
-230
-247
-231
-179
-220
-250
-188
-249
-252
-250
-247
-251
-254
-253
-109
156
206
-252
110
-215
-133
-249
-250
-250
-250
-59
-177
-177
-140
-30
-30
-67
-235
-118
-64
-241
-148
-223
-246
-214
-225
-249
-252
-245
-249
-247
-246
-198
-192
-173
-210
-231
-144
-157
-247
-249
-254
-251
-243
-253
-214
-241
-102
125
-245
-242
96
-219
-126
-253
-253
-253
-253
-42
-8
-8
28
-40
-40
-176
-245
-44
-58
-250
-53
-225
-131
-78
-232
-249
-245
-225
-220
-106
-183
-228
-200
-161
-106
-221
-214
-197
-228
-249
-254
-252
-226
-245
-254
-240
-109
93
-76
-247
-202
13
237
-227
-240
-253
-252
-23
-52
-52
-255
37
37
-76
-231
-155
-122
-238
-184
-214
-254
-245
-250
-254
-254
-238
-60
-243
-234
-27
-120
-152
-196
-183
-155
-235
-165
-247
-240
-244
-235
-249
-254
-196
-104
86
154
-183
-7
-198
155
-253
-253
-253
-253
-172
-72
-72
-162
-119
-118
-157
-232
6
29
-243
-6
-230
-252
-249
-240
-251
-254
-242
-250
-253
-248
-204
-242
-251
-251
-173
-192
-177
-189
-221
-213
-250
-204
-79
164
-150
-75
98
-116
-247
11
-220
116
-168
-160
-165
-165
-140
-60
-60
-88
-56
-55
-174
-234
-131
-42
-242
-160
-139
-209
-19
-121
-250
-246
-239
-241
59
-137
-222
-181
-223
154
-96
74
-189
-209
-245
-252
-250
-196
-242
-254
-226
-111
-196
161
-217
32
-209
123
-238
-238
-238
-238
-103
-63
-63
-92
-111
-112
-39
-220
19
25
-228
-6
-229
-45
-233
-195
-246
-247
-195
-237
-249
-232
-219
-226
-247
-249
-240
-195
-211
-228
-250
-248
-237
-238
-245
-254
-241
-110
-102
-51
-157
-125
-74
-132
-254
-254
-254
-254
-75
41
41
-255
-68
-68
-95
-215
-243
-27
-231
-255
-114
-203
-241
-250
-250
-253
-244
-255
-244
-251
-255
-245
-255
-218
-251
-251
-252
-245
-254
-255
-255
-254
-248
-254
-253
-110
194
-188
-245
62
-200
46
-249
-249
-249
-249
-133
-132
-132
-147
247
247
-163
-118
-131
-251
-169
-160
-192
-254
-255
-253
-254
-253
-251
-240
-253
-250
-236
-253
-254
-255
-253
-250
-236
-212
-251
-251
-250
-247
-249
-103
-212
-97
-255
255
-241
23
-180
-132
-253
-254
-253
-253
-158
27
27
-188
58
58
-98
-225
-131
-139
-234
-148
-211
-252
-254
-254
-255
-255
-198
-172
-252
-253
-243
-243
-253
-254
-227
-231
-192
-248
-253
-252
-251
-250
-251
-255
-252
-110
39
-106
-187
123
-229
-94
-168
-181
-174
-171
113
-4
-4
-133
-153
-153
-90
-204
31
77
-211
6
-232
-7
-245
-243
-234
-248
-153
-184
-251
-249
-185
-233
-242
-238
-248
-226
-239
-239
-252
-252
-248
-251
-244
-252
-250
-109
115
118
-178
61
-198
-147
-216
-221
-216
-215
-82
-24
-24
-128
-153
-157
72
-222
-56
91
-248
-53
-126
-253
-242
-191
-224
-238
-216
-191
-244
-232
-166
-93
-207
-205
-198
-72
-149
-153
-213
-250
-252
-248
-246
-253
-234
-111
79
-123
-39
-46
-160
-70
-250
-250
-250
-250
-52
-57
-57
-224
-26
-26
-88
-229
-106
-69
-237
-136
-227
-241
-251
-251
-248
-250
-252
-254
-251
-254
-249
-249
-251
-252
-249
-244
-214
-252
-249
-253
-253
-250
-253
-255
-250
-108
0
0
-172
26
-203
-186
-246
-247
-246
-246
-101
-130
-130
-158
61
61
-109
-237
-118
-141
-243
-136
-212
-245
-250
-253
-253
-254
-244
-222
-252
-249
-213
-224
-241
-218
-219
-218
-197
-215
-253
-253
-252
-254
-235
-252
-250
-110
30
-79
-200
-3
-206
-64
-250
-250
-249
-250
-95
-25
-25
-23
-111
-113
24
-237
180
30
-247
160
-242
-253
-191
-171
-213
-236
-176
-209
-227
-195
-42
-119
-178
-150
-68
-102
-95
-219
-240
-254
-253
-237
-235
-254
-247
-110
81
-154
-206
-162
-105
52
-233
-235
-233
-232
54
-59
-59
-117
-56
-56
-90
255
-180
-38
255
-255
-11
-231
-223
-239
-249
-251
-251
-253
-242
-244
-255
-248
-249
-215
-246
-252
-254
-234
-253
-254
-254
-251
-242
-254
-251
-114
-144
150
-226
69
-216
37
-254
-254
-254
-254
5
-177
-177
-200
-44
-45
-33
-237
-56
-49
-241
-113
-6
-157
-141
-150
-215
-242
-115
-129
-213
-82
-65
-95
-114
-191
-113
-108
-108
-204
-248
-254
-252
-238
-246
-253
-230
-108
-98
123
-193
-70
-185
-132
-248
-248
-248
-248
16
191
191
-255
-77
-77
-115
-251
-6
-19
-252
-42
-116
-254
-240
-239
-250
-249
-251
-251
-209
-219
-237
-244
-251
-138
-179
-174
-8
-247
-250
-255
-255
-254
-253
-253
-254
-110
8
-117
88
-141
-91
250
-237
-242
-246
-246
-83
-62
-62
-255
-28
-28
-98
-214
-168
-67
-229
-196
-222
-125
-98
169
-144
-164
-220
-166
-221
-240
-235
-105
-125
-116
-177
-200
-119
-233
-242
-227
-241
-227
-245
-252
-212
-85
0
99
-204
-157
-138
-70
-248
-249
-248
-248
-108
-67
-67
-149
48
47
-66
-226
-81
-130
-234
-125
-216
-255
-248
-253
-255
-255
-222
-219
-251
-249
-162
-225
-248
-250
-213
-211
-244
-221
-237
-249
-249
-246
-250
-255
-246
-111
76
-70
-207
48
-220
-46
-243
-244
-243
-242
-158
-66
-66
-180
24
24
-126
-242
-68
-113
-247
-101
-224
-230
-235
-221
-247
-251
-252
-248
-251
-251
-118
-197
-225
-227
-179
-109
-164
-189
-252
-252
-250
-253
-215
-252
-248
-110
-181
67
-250
99
-244
148
-217
-222
-215
-219
59
-60
-60
-191
19
18
-45
-243
56
-107
-250
42
-249
-255
-251
-254
-255
-255
-247
-240
-246
-250
-219
-222
-228
-227
-248
-236
-227
-233
-253
-254
-250
-254
-253
-249
-247
-110
154
178
-250
-8
-195
220
-242
-240
-240
-239
-78
-66
-66
-188
-39
-40
-39
-240
44
-55
-245
18
-248
-232
-168
-173
-245
-249
-246
-244
-216
-225
-155
-136
-182
-128
-115
-77
41
-248
-249
-254
-252
-243
-252
-253
-245
-105
-105
-118
-158
78
-217
44
-236
-237
-236
-235
-21
-56
-56
-147
187
186
-84
-221
-118
-220
-234
-136
-204
-255
-254
-254
-255
-254
-209
-210
-161
-246
-178
-182
-242
-253
-237
-217
-205
-250
-246
-252
-249
-245
-250
-213
-232
-96
-158
194
-234
-164
-34
-78
-225
-228
-225
-225
-147
-51
-51
-202
-57
-58
-83
-234
-81
-38
-242
-125
-83
-254
-230
-244
-253
-254
-251
-252
-234
-228
-232
-248
-238
-203
-232
-207
-213
-207
-34
-220
-216
-117
-220
-28
-202
-116
49
70
-205
-53
-187
-140
-243
-244
-243
-243
-116
-87
-87
-158
34
35
-148
-223
-118
-122
-233
-148
-214
-254
-255
-255
-255
-255
-252
-238
-254
-255
-246
-251
-253
-255
-255
-255
-252
-241
-252
-254
-253
-252
-253
-254
-251
-110
22
-98
-227
119
-229
26
-251
-251
-251
-251
-97
-62
-62
-161
-215
-215
-78
-143
6
177
-221
6
-239
-243
-250
-244
-250
-236
-250
-246
-252
-254
-227
-230
-244
-143
11
56
-155
-209
-252
-254
-253
-253
-243
-251
-243
-110
72
128
-172
-17
-199
245
-240
-239
-238
-238
36
-57
-57
-85
37
36
-23
-240
56
-120
-244
18
-246
-252
-231
-218
-235
-233
-174
-168
-239
-217
-21
-229
-221
-192
-203
-71
-168
-168
-249
-246
-246
-244
-251
-254
-212
-109
119
-173
-183
90
-221
-157
-231
-233
-231
-231
-120
0
0
-143
-169
-169
-127
-232
-68
99
-242
-77
-126
-222
-246
-228
-221
-221
-207
-211
-254
-253
-231
-177
-221
-229
-206
-195
-141
-245
-251
-254
-252
-254
-250
-254
-252
-110
0
-255
-193
7
-212
153
-250
-250
-251
-250
-47
-67
-67
-80
-127
-127
-114
-217
6
41
-239
-6
-231
-250
-224
-95
-179
-236
-127
-186
-253
-232
-153
-195
-234
-227
-169
57
44
-228
-253
-254
-252
-253
-209
-251
-252
-110
95
255
-232
29
-202
115
-223
-229
-228
-227
-39
-60
-60
-187
39
39
-133
-231
-168
-125
-239
-196
75
-241
-249
-254
-254
-254
-253
-231
-252
-250
-120
-140
-237
-201
54
-22
-191
-216
-253
-253
-250
-253
-240
-251
-249
-111
-77
77
-198
-55
-148
-23
-249
-249
-249
-249
-15
-81
-81
-166
149
149
-70
-226
-106
-198
-235
-125
-203
-255
-254
-255
-255
-254
-220
-182
-185
-213
-199
-217
-227
-244
-243
-237
-179
-247
-247
-251
-250
-242
-250
-218
-241
-104
-165
118
-150
14
-220
-97
-251
-251
-248
-251
208
-57
-57
-217
-34
-35
-37
-225
-81
-59
-238
-101
-254
-249
-225
-245
-251
-253
-244
-246
-236
-227
-197
-217
-189
-176
-225
-191
-212
-218
-254
-252
-251
-253
-227
-250
-249
-110
-88
97
-179
70
-206
-142
-222
-226
-223
-222
100
-35
-35
-152
51
51
-171
-230
-131
-135
-241
-136
-212
-245
-247
-217
-225
-226
-236
-211
-254
-252
-213
-248
-254
-252
-245
-244
-245
-231
-252
-235
-232
-38
-147
-254
-247
-109
128
-224
-196
-16
-207
215
-245
-246
-245
-245
4
-59
-59
-198
-39
-41
28
-245
68
-52
-251
53
-246
-228
-203
-209
-250
-248
-243
-199
-241
-228
-160
-218
-210
-193
-158
-146
-116
116
-203
-139
-85
-183
-232
-253
-195
-111
91
-112
-239
-75
-181
-26
-241
-242
-242
-241
29
-68
-68
-210
-41
-41
-61
-229
-143
-53
-237
-184
-234
-255
-243
-246
-251
-254
-252
-253
-236
-248
-221
-217
-210
-224
-249
-242
-220
-250
-254
-245
-247
-254
-254
-254
-252
-113
-198
107
-237
56
-214
142
-246
-247
-247
-246
17
-72
-72
-121
10
9
-62
-225
-19
-100
-231
-77
-249
-243
-206
-236
-254
-253
-244
-224
-244
-253
-223
-237
-239
-244
-232
-233
-243
-246
-254
-253
-253
-254
-228
-250
-253
-114
-70
-107
-161
15
-209
-52
-255
-255
-255
-255
-112
-59
-59
-188
-117
-116
-183
-238
180
25
-246
160
-243
-251
-234
-103
-231
-253
-232
-253
-253
-229
-192
-251
-254
-252
-158
12
-1
-218
-251
-254
-253
-252
-242
-254
-251
-109
-231
-231
-236
-69
-177
26
-245
-247
-246
-246
-101
-62
-62
-52
-14
-14
-124
-242
-19
-81
-249
-30
-239
-247
-246
-250
-250
-253
-254
-254
-252
-252
-244
-234
-249
-237
-249
-239
-228
-252
-254
-245
-248
-254
-253
-255
-253
-109
-104
116
255
-157
32
223
-252
-252
-252
-252
-135
-60
-60
4
-9
-9
-171
-213
-56
-86
-229
-65
-249
-247
-244
-238
-246
-246
-248
-245
-252
-251
-245
-233
-238
-249
-250
-237
-190
-248
-254
-253
-252
-253
-253
-254
-251
-111
-13
-79
-177
21
-218
31
-201
-194
-226
-201
183
-57
-57
-165
-21
-22
-15
-231
-6
-71
-237
-42
-249
-241
-234
-240
-251
-254
-248
-236
-233
-235
-177
-207
-215
-174
-187
-116
-157
-254
-254
-254
-252
-143
181
-252
-253
-110
-43
-107
-213
0
-198
-102
-250
-251
-250
-250
-87
-30
-30
-175
63
63
-101
-232
-106
-143
-239
-113
-214
-241
-251
-253
-254
-254
-244
-240
-253
-247
-196
-218
-244
-229
-134
-215
-227
-192
-253
-253
-252
-253
-220
-252
-250
-110
101
-129
-95
-80
-157
161
-250
-251
-251
-250
-146
-63
-63
-176
-23
-23
-94
-206
-44
-72
-217
-101
-249
-238
-254
-251
-253
-252
-250
-250
-247
-252
-245
-235
-245
-244
-251
-235
-188
-237
-251
-252
-250
-248
-251
-234
-244
-151
94
0
-181
-203
54
243
-215
-248
-244
-239
-107
-57
-57
-218
-69
-68
-204
-192
44
-30
-212
18
-226
-249
-159
-249
-254
-254
-253
-254
-204
-106
-248
-252
-252
-216
-198
-233
-241
-229
-143
-125
-101
-173
-251
-248
-229
-123
0
35
