-255
-255
-255
-30
-255
-255
-255
-255
-255
-255
-255
-255
-255
-255
-255
-255
-255
-255
-255
-255
-255
-255
-255
-255
-255
-255
-255
-255
-255
-255
-255
-255
-255
-255
-255
-255
-255
-255
-255
-255
-255
-255
-39
-255
-255
-255
-255
-255
-255
-255
-255
-255
-255
-255
-255
-255
-255
-255
-255
255
255
255
255
255
255
255
255
255
255
255
255
255
255
255
255
255
255
255
255
255
238
255
255
255
255
255
255
255
255
203
255
255
255
255
255
255
255
255
255
255
255
255
255
139
255
255
255
255
255
255
255
255
255
255
255
255
255
