-244
-212
-203
47
-228
-230
-227
-228
-228
-228
-52
-151
-52
-4
-99
-192
-217
-85
-226
-197
-231
-249
-251
-254
-254
-254
-243
-252
-255
-242
-247
-251
-253
-250
-233
-206
-233
-237
-251
-137
-217
-252
-251
-253
-254
-254
235
-247
-253
-249
-253
-254
-255
-255
-254
233
-254
-255
-254
-25
-253
-251
-251
-124
-254
-242
-220
111
-248
-247
-248
-247
-249
-247
-83
45
-83
76
-128
-232
-242
-97
-154
-144
-251
-177
-236
-251
-252
-253
-252
-194
-255
-255
-255
-253
-254
-254
-255
-254
-241
-221
-168
-222
-180
-224
-231
-251
-255
-254
235
-251
-254
-251
-248
-253
-255
-255
-254
233
-248
-253
-254
-25
-244
-242
-249
-130
-253
-244
-223
-75
-248
-249
-248
-248
-248
-248
-63
-127
-63
26
-159
-215
-223
-134
-219
-114
-246
-237
-248
-255
-254
-218
-243
-251
-254
-254
-253
-237
-253
-253
-247
-242
-202
-135
-143
-158
-210
-253
-251
-255
-255
-252
234
-238
-255
-226
-248
-255
-255
-255
-248
233
-255
-254
-254
-25
-238
-241
-248
106
-238
-119
-194
-202
-227
-237
-211
-230
-224
-226
-99
194
-99
73
-128
-206
-235
-158
-219
-113
-250
-254
-254
-255
-255
-249
-221
-255
-255
-254
-254
-215
-244
-244
-249
-242
-248
-229
-244
-240
-229
-251
-252
-255
-255
-255
236
-251
-255
-254
-252
-255
-255
-255
-249
233
-255
-255
-255
-25
-252
-252
-253
-81
-249
-200
-121
-66
-253
-254
-253
-253
-253
-253
-52
-145
-52
135
-255
-226
-235
-158
-216
-121
-255
-255
-255
-255
-255
-246
-253
-255
-252
-255
-255
-251
-254
-253
-251
-253
-237
-243
-244
-255
-253
-252
-251
-251
-255
-254
235
-249
-254
-251
-246
-254
-255
-255
-254
233
-254
-254
-255
-25
-233
-243
-250
-93
-252
-185
-206
171
-248
-246
-243
-240
-247
-248
-80
53
-80
-48
-121
-234
-238
-73
-247
-193
-248
-249
-254
-255
-255
-243
-177
-255
-255
-253
-252
-210
-228
-228
-215
-235
-231
-219
-199
-209
-183
-244
-246
-253
-255
-254
236
-220
-254
-247
-247
-253
-255
-255
-252
233
-253
-254
-254
-24
-249
-249
-243
41
-249
-209
-196
213
-223
-231
-230
-227
-224
-227
-70
80
-70
29
-118
-238
-243
85
-224
-195
-253
-255
-255
-255
-255
-252
-202
-255
-255
-251
-247
-226
-198
-218
-214
-226
-210
-235
-239
-224
-235
-250
-251
-253
-255
-254
236
-238
-255
-252
-247
-254
-255
-255
-254
233
-254
-254
-253
-26
-221
-227
-251
-116
-228
-23
-149
53
-249
-249
-248
-248
-249
-248
-82
-121
-82
-143
64
27
-31
-219
-245
-140
-254
-248
-252
-253
-254
-249
-248
-254
-254
-254
-252
-220
-239
-249
-251
-251
-252
-252
-253
-246
-252
-252
-253
-255
-255
-255
236
-253
-255
-253
-254
-255
-255
-255
-255
233
-254
-255
-255
-24
-250
-255
-254
118
-251
-233
-224
-122
-249
-250
-249
-249
-249
-249
-36
-32
-36
78
-165
-237
-247
-134
-208
-89
-250
-211
-235
-252
-252
-225
-250
-253
-246
-254
-247
-250
-252
-250
-248
-243
-231
-239
-246
-250
-254
-248
-249
-229
-255
-255
237
-233
-255
-249
-254
-255
-255
-255
-252
233
-255
-255
-254
-24
-252
-251
-250
69
-206
-158
-71
222
-245
-244
-241
-244
-245
-243
-54
-101
-54
-102
-128
-193
-223
-36
-229
-191
-225
-250
-254
-255
-255
-254
-251
-254
-255
-227
-220
-254
-254
-253
-247
-230
-229
-240
-250
-218
-246
-244
-246
-253
-255
-255
236
-239
-254
-244
-251
-254
-255
-255
-254
233
-253
-254
-253
-24
-243
-236
-244
-124
-248
-224
-85
154
-241
-244
-241
-242
-243
-241
-58
-35
-58
-159
-96
-227
-234
-97
-244
-92
-255
-255
-255
-255
-253
-191
-247
-255
-255
-255
-253
-239
-245
-245
-246
-210
19
-71
64
-186
-221
-131
-138
-172
182
120
-125
-221
-249
-245
-55
-246
-248
-248
-241
236
-221
-238
-252
-25
54
7
-210
0
-254
-178
-199
151
-248
-248
-248
-248
-247
-248
-57
-6
-57
-52
-90
-240
-250
36
-247
-179
-231
-244
-247
-254
-254
-248
-248
-254
-255
-251
-247
-244
-247
-243
-244
-241
-215
-226
-240
-220
-234
-241
-240
-250
-254
-254
236
-217
-251
-236
-228
-254
-254
-253
-250
233
96
80
-110
55
-214
-218
-236
115
-208
-200
-227
155
-230
-232
-228
-229
-229
-230
-46
-212
-46
-53
0
-237
-244
0
-224
-201
-255
-255
-255
-255
-255
-255
-227
-255
-255
-238
-231
-247
-243
-141
-130
-142
-168
-240
-244
-153
-159
-250
-251
-250
-255
-254
236
-246
-254
-252
-252
-255
-255
-255
-253
233
-254
-255
-255
-25
-251
-249
-251
105
-233
-201
-157
156
-241
-242
-241
-241
-241
-241
-59
70
-59
-52
-120
-195
-212
-73
-252
-83
-251
-254
-255
-255
-254
-167
-237
-255
-252
-254
-253
-238
-243
-251
-252
-242
-58
-44
-32
-170
-239
-237
-240
-252
-255
-254
236
-252
-254
-253
-244
-254
-255
-255
-254
233
-248
-254
-255
-25
-233
-235
-247
137
-253
-232
-197
149
-250
-251
-250
-250
-251
-250
-18
-94
-18
-136
-25
-230
-238
-49
-249
-192
-250
-251
-254
-255
-255
-251
-231
-255
-255
-255
-255
-240
-249
-246
-251
-252
-252
-253
-244
-247
-242
-251
-252
-254
-255
-255
236
-250
-255
-252
-249
-255
-255
-255
-254
233
-254
-255
-255
-25
-246
-246
-252
-126
-254
-218
-181
222
-252
-253
-253
-252
-252
-252
-51
-160
-51
-168
-32
-215
-242
-24
-248
-190
-253
-255
-254
-255
-255
-242
-232
-254
-254
-254
-254
-223
-239
-245
-243
-251
-234
-229
-201
-239
-228
-254
-254
-254
-255
-255
236
-250
-255
-248
-253
-255
-255
-255
-254
233
-254
-254
-254
-24
-248
-251
-251
-115
-253
-223
-198
74
-248
-249
-248
-248
-249
-248
-95
-152
-95
19
-85
-240
-247
-73
-236
-80
-243
6
-184
-241
-245
-182
-244
-243
-251
-253
-251
-250
-251
-251
-250
-247
-109
-111
-75
-152
-191
-204
-198
-252
-255
-254
255
-139
-254
-251
-227
-255
-255
-255
-251
233
-254
-253
-166
24
-231
-236
-241
-137
-223
-39
-103
247
-245
-250
-245
-250
-246
-249
-38
-22
-38
-170
0
-237
-244
-24
-247
-188
-249
-243
-248
-254
-252
-187
80
-246
-252
-247
-242
-39
-94
-206
-228
-232
-243
-244
-207
-243
-176
-251
-247
-253
-255
-254
235
-247
-254
-251
-240
-254
-255
-254
-254
233
-255
-254
-254
-24
-206
-238
-251
86
-246
-197
-178
19
-246
-247
-246
-246
-246
-246
-58
-136
-58
-79
-106
-184
-209
-134
-25
-112
-248
-252
-254
-255
-255
-255
-215
-255
-255
-252
-252
-251
-247
-226
-194
-236
-248
-251
-254
-241
-245
-248
-248
-250
-251
-251
232
-247
-254
-250
-248
-254
-255
-255
-254
233
-253
-254
-255
-28
-246
-250
-251
90
-249
-242
-225
152
-232
-234
-230
-230
-231
-232
-60
184
-60
30
-128
-229
-247
134
-243
-199
-252
-252
-254
-255
-255
-255
-254
-205
-254
-254
-249
-144
-204
-208
-227
-251
-248
-247
-252
-185
-169
-232
-238
-99
-255
-254
239
-245
-250
-250
-237
-252
-254
-254
-253
233
-242
-250
-254
-24
-244
-243
-249
-51
-233
-201
-181
232
-231
-240
-245
-250
-251
-248
-64
-41
-64
79
-255
-237
-244
-134
-215
-102
-251
-254
-255
-255
-254
-239
-242
-254
-253
-253
-254
-238
-249
-251
-249
-253
-239
-242
-222
-254
-248
-249
-247
-249
-255
-254
235
-249
-254
-252
-242
-254
-255
-254
-252
233
-251
-252
-254
-25
-199
-231
-247
-215
-238
-134
-173
47
-239
-240
-239
-239
-240
-240
-44
-34
-44
-18
-165
-237
-245
12
-9
-171
-181
-171
-220
-246
-253
-252
-226
-248
-255
-243
-226
-247
-237
-226
-211
-209
-211
-200
-227
-192
-227
-201
-208
46
-252
-251
246
-196
-234
-212
-92
-114
-177
-172
147
165
-230
-244
-251
-24
-105
-170
-221
-11
-247
-251
-206
220
-238
-236
-230
-236
-239
-234
-57
65
-57
-58
-57
-219
-242
85
-245
-206
-253
-254
-254
-255
-255
-255
-253
-198
-254
-253
-250
-92
-221
-233
-246
-252
-250
-248
-247
-124
-226
-224
-232
-217
-255
-254
236
-243
-241
-246
-240
-253
-254
-254
-254
233
-247
-252
-254
-24
-245
-246
-247
-102
255
142
-232
-70
-231
-233
-230
-231
-232
-230
-32
37
-32
-9
-18
-230
-238
-85
-228
-118
-209
-251
-248
-248
-247
-251
-243
-253
-253
-246
-245
-230
-237
-246
-248
-249
-243
-243
-243
-243
-239
-241
-241
-248
-254
-254
235
-251
-254
-252
-230
-255
-255
-255
-254
234
-254
-254
-254
-25
-240
-252
-251
115
-230
-213
-208
-129
-215
-219
-214
-216
-217
-215
-28
205
-28
98
-128
-245
-249
-85
-222
-108
-242
-219
-239
-251
-254
-234
-207
-249
-254
-251
-246
-241
-247
-234
-243
-244
-200
-220
-200
-202
-199
-239
-239
-249
-255
-255
235
-253
-253
-254
-250
-254
-255
-255
-255
233
-251
-254
-255
-25
-244
-246
-251
255
-239
-217
-200
160
-243
-244
-242
-242
-243
-243
-59
-61
-59
30
-149
-242
-248
73
-223
-195
-240
-225
-238
-253
-255
-254
-178
-254
-255
-254
-252
-244
-232
-69
-67
-206
-250
-251
-251
-251
-254
-252
-252
-252
-255
-255
236
-247
-254
-253
-252
-255
-255
-255
-254
233
-249
-253
-255
-24
-251
-251
-252
-161
-242
-204
-142
240
-238
-244
-247
-250
-251
-250
-65
-103
-65
-67
-113
-236
-244
-146
-126
-139
-250
-235
-249
-254
-255
-253
-244
-251
-255
-235
-203
-253
-252
-252
-241
-207
0
-158
-187
61
74
-33
-23
-145
-248
-248
233
-156
-186
-203
-142
-194
-234
-234
-228
219
-250
-251
-254
-25
-178
-194
-235
0
-254
-195
-207
161
-243
-246
-246
-245
-244
-245
-82
-41
-82
127
-175
-195
-205
-73
-248
-193
-221
9
-168
-246
-248
-159
-225
-250
-253
-254
-252
-245
-248
-250
-248
-247
-141
-98
-74
-137
-193
-244
-246
-253
-255
-254
251
-169
-254
-246
-218
-255
-255
-255
-253
234
-254
-252
-172
21
-228
-236
-243
-77
-212
-103
-201
160
-247
-248
-246
-246
-246
-247
-40
-37
-40
-17
-140
-209
-222
-146
-218
-90
-253
-254
-254
-254
-188
-250
-251
-248
-253
-228
-121
-162
-89
-183
-203
-235
-181
-168
-176
-243
-224
-238
-238
-235
-254
-253
236
-236
-251
-243
-226
-199
-234
-229
-228
213
-3
-9
-124
46
-170
-203
-238
-132
-255
-248
-199
234
-250
-234
-249
-233
-248
-236
-62
-105
-62
-86
-64
-225
-231
-36
-248
-192
-194
-231
-234
-248
-253
-168
-22
-248
-254
-249
-248
-207
-227
-211
-230
-232
-203
-220
-122
-182
-164
-253
-253
-254
-255
-255
236
-253
-255
-254
-248
-253
-254
-253
-251
232
-252
-251
-253
-23
-217
-234
-253
-188
-253
-227
-202
-89
-250
-250
-249
-250
-250
-250
-10
-27
-10
28
-80
-229
-239
-158
-190
-20
-235
-234
-244
-254
-242
-254
-253
-252
-254
-239
-247
-224
-243
-250
-252
-249
-227
-217
-223
-253
-249
-229
-236
-244
-255
-254
235
-251
-254
-252
-250
-250
-251
-251
-244
229
-253
-255
-254
-26
-244
-242
-245
-58
-254
-238
-208
245
-253
-253
-253
-252
-253
-252
-60
4
-60
-86
-112
-236
-244
-97
-246
-176
-219
65
-35
-246
-215
-69
-118
-230
-237
-234
-218
-237
-249
-249
-249
-246
-207
-186
-182
-230
-249
-247
-247
-254
-255
-254
236
-217
-255
-238
-252
-255
-255
-255
-249
233
-254
-255
-254
-24
-250
-250
-245
0
-229
-135
-76
154
-239
-242
-238
-239
-241
-238
-62
-10
-62
-124
-116
-220
-231
-85
-227
-193
-237
-247
-251
-254
-254
-253
-249
-254
-255
-233
-211
-254
-254
-252
-247
-244
-232
-247
-247
-236
-239
-243
-245
-254
-255
-254
236
-234
-254
-242
-251
-255
-255
-255
-254
233
-251
-254
-253
-25
-244
-239
-241
-113
-246
-240
-85
26
-242
-244
-242
-243
-242
-242
-62
76
-62
-152
-255
-233
-238
-61
-21
-100
-253
-254
-255
-255
-255
-251
-205
-254
-255
-253
-250
-217
-236
-229
-234
-242
-253
-239
-238
-244
-245
-254
-254
-254
-255
-255
235
-251
-255
-254
-250
-255
-255
-255
-254
233
-254
-255
-255
-25
-232
-240
-254
97
-250
-204
-195
246
-254
-254
-255
-255
-255
-255
-50
-127
-50
-88
-32
-141
-178
-194
-117
-142
-226
-231
-246
-254
-254
-254
-132
-251
-255
-252
-254
-241
-197
-191
-213
-246
-250
-246
-234
-234
-248
-251
-250
-251
-254
-253
234
-238
-253
-252
-252
-254
-255
-255
-254
233
-254
-255
-254
-25
-252
-247
-250
-77
-255
-246
-155
245
-223
-220
-212
-212
-213
-211
-87
-106
-87
-46
-77
-228
-238
-146
-117
-150
-208
-251
-252
-255
-255
-250
68
-254
-255
-244
-232
-246
-214
-195
-96
-183
-243
-241
-247
-175
-224
-252
-251
-253
-255
-255
236
-252
-255
-254
-245
-244
-247
-244
-241
225
-253
-252
-253
-23
-238
-237
-252
105
-241
-201
-148
246
-236
-252
-236
-250
-238
-247
-59
-84
-59
-96
-68
-195
-207
-61
-248
-175
-250
-228
-231
-246
-252
-246
-243
-205
-235
-245
-239
-248
-248
-242
-238
-226
-162
-225
-226
-241
-241
-240
-242
-249
-254
-254
237
126
-254
-239
-246
-254
-254
-254
-254
233
-252
-254
-253
-24
-229
-243
-245
0
-249
-149
-120
-58
-238
-239
-237
-237
-237
-237
-55
40
-55
-84
-102
-124
-65
-36
-245
-189
-248
-250
-254
-254
-252
-226
-236
-247
-251
-253
-246
-252
-254
-253
-249
-224
-94
-179
-188
-213
-245
-231
-236
-221
-255
-254
236
-251
-254
-252
-247
-254
-255
-255
-255
233
-251
-254
-255
-25
-243
-244
-250
130
-255
-250
-210
-119
-252
-252
-252
-252
-252
-252
-27
-170
-27
-98
0
-234
-240
-134
-104
-133
-68
-97
-28
-221
-235
-220
-107
-238
-253
-245
-234
-231
-246
-224
-227
-232
-234
-225
-227
-163
-207
-251
-253
-249
-255
-253
234
-253
-250
-252
-248
-236
-244
-246
-245
223
-253
-254
-255
-25
-246
-243
-252
184
-210
124
-166
-121
-241
-242
-241
-241
-241
-241
-74
-90
-74
-137
0
-202
-212
-206
230
166
-236
-243
-245
-253
-219
-243
-249
-249
-253
-236
-213
-159
-211
-210
-202
-209
-210
-202
-150
-244
-243
-253
-253
-249
-253
-254
236
-249
-254
-253
-250
-235
-250
-249
-242
229
-253
-254
-253
-25
-226
-234
-253
-137
-234
-171
-204
-70
-240
-241
-239
-240
-240
-240
-33
-65
-33
26
-159
-249
-252
0
-80
-151
-253
-254
-254
-255
-255
-254
-234
-255
-255
-251
-251
-239
-241
-241
-235
-234
-238
-230
-191
-247
-248
-242
-245
-232
-251
-255
236
-253
-254
-254
-252
-254
-255
-255
-242
233
-250
-253
-254
-31
-247
-244
-251
236
-230
-237
-200
53
-225
-227
-224
-225
-227
-226
-34
-75
-34
-18
-165
-241
-247
24
-228
-200
-255
-255
-255
-255
-255
-255
-255
-255
-255
-229
-180
-255
-254
-252
-248
-227
59
-67
-189
-40
66
-251
-252
-249
-255
-254
237
-248
-255
-247
-252
-255
-255
-255
-252
233
-254
-255
-255
-25
-252
-252
-251
-255
-254
-194
-203
9
-255
-255
-255
-254
-255
-255
-33
-135
-33
-64
-118
-220
-241
-49
-229
-204
-220
-213
-223
-239
-245
-239
-200
-240
-254
-249
-224
-251
-253
-253
-251
-251
-113
-162
-142
-189
-33
-241
-244
-238
-252
-250
233
-186
-242
-231
-243
-229
-248
-248
-242
226
-253
-254
-254
-25
-236
-238
-242
139
-229
-203
-224
57
-156
-165
-150
-158
-158
-155
-73
231
-73
-59
-85
-241
-247
85
-226
-198
-220
-230
-244
-254
-255
-255
-250
-252
-255
-230
-231
-250
-250
-241
-130
-139
-117
-197
-236
-211
-246
-251
-252
-252
-255
-255
236
-243
-254
-253
-251
-255
-255
-255
-254
233
-253
-254
-255
-24
-251
-251
-253
-4
-213
-115
-175
-125
-224
-227
-223
-225
-225
-224
-66
62
-66
-98
-64
-253
-254
-24
-113
-141
-245
-251
-252
-254
-255
-254
-217
-215
-255
-252
-243
-240
-225
-197
-212
-224
-192
-186
-190
-145
-220
-230
-234
-229
-254
-251
232
-234
-254
-233
-248
-254
-255
-255
-252
233
-253
-255
-255
-25
-248
-248
-244
178
-200
-97
-194
143
-215
-220
-212
-211
-214
-216
-61
-108
-61
-53
-105
-244
-249
73
-250
-197
-250
-254
-254
-254
-254
-242
-215
-254
-255
-247
-250
-216
-227
-229
-239
-242
-222
-225
-205
-216
-240
-229
-234
-191
-255
-254
236
-250
-252
-250
-246
-253
-255
-255
-254
233
-246
-254
-254
-29
-232
-225
-246
98
-252
-224
-212
220
-230
-246
-230
-244
-233
-241
-36
-175
-36
52
-149
-219
-238
-49
-242
-201
-204
-138
-178
-250
-246
-242
-238
-210
-255
-255
-254
-251
-253
-251
-252
-251
-243
-230
-208
-209
-175
-215
-226
-252
-255
-254
235
-242
-254
-251
-245
-253
-254
-254
-254
233
-249
-253
-254
-25
-240
-239
-248
74
-238
-228
-222
-136
-232
-234
-232
-232
-232
-232
-4
-186
-4
52
-102
-208
-240
-97
-133
-139
-243
-228
-243
-251
-252
-253
-246
-213
-254
-248
-249
-212
-240
-251
-251
-251
-249
-246
-241
-209
-245
-232
-236
-252
-255
-254
236
-248
-252
-249
-247
-254
-255
-255
-254
233
-253
-255
-255
-25
-249
-244
-251
-51
-168
-91
-202
-67
-239
-240
-239
-239
-240
-239
-51
-169
-51
-150
212
-248
-251
-24
-89
-178
-250
-252
-252
-255
-255
-252
-227
-234
-255
-249
-239
-223
-231
-237
-199
-212
-190
-149
-83
-157
-168
-239
-242
-218
-255
-255
236
-243
-255
-251
-252
-255
-255
-255
-254
233
-253
-255
-255
-25
-251
-251
-252
191
-248
-188
-210
-48
-230
-232
-229
-231
-231
-230
-91
41
-91
-29
-55
-243
-248
0
-61
-142
-207
-170
-171
-251
-240
-244
-228
-238
-254
-236
-234
-246
-249
-243
-232
-225
-199
-236
-204
-141
-188
-251
-252
-252
-255
-254
236
-234
-255
-250
-250
-254
-255
-255
-254
233
-254
-255
-255
-25
-244
-245
-248
-89
-254
-192
-199
216
-241
-239
-235
-234
-235
-234
-85
-44
-85
-5
-85
-184
-211
-170
-123
-148
-248
-245
-250
-254
-255
-255
-253
-254
-255
-222
-233
-254
-254
-254
-249
-181
-231
-241
-248
-119
-228
-236
-237
-221
-224
-251
235
-232
-246
-240
-240
-252
-255
-254
-161
233
-241
-252
-249
-177
-231
-218
-210
-8
-234
-158
-186
232
-236
-235
-241
-237
-231
-234
-58
31
-58
-5
-64
-235
-245
-134
-217
-137
-250
-152
-230
-252
-251
-222
-199
-251
-254
-252
-252
-187
-224
-245
-236
-223
-219
-171
-174
-160
-192
-214
-219
-253
-251
-246
231
-119
-254
-201
-244
-254
-254
-254
-235
233
-253
-254
-253
-27
-244
-245
-156
-55
-236
-219
-177
248
-240
-252
-240
-251
-242
-249
-58
-41
-58
-33
-61
-233
-240
61
-227
-200
-255
-255
-255
-255
-255
-255
-225
-254
-255
-235
-218
-243
-235
-163
-64
-178
-187
-227
-225
54
-152
-250
-251
-252
-255
-254
236
-250
-255
-254
-251
-255
-255
-255
-251
233
-254
-255
-254
-25
-249
-249
-251
-114
-250
-240
-218
-80
-231
-234
-231
-232
-232
-231
1
96
1
152
-111
-234
-237
-134
-220
-122
-182
-193
-195
-245
-252
-237
-238
-250
-249
-253
-249
-242
-243
-244
-243
-246
-225
-221
-217
-235
-229
-218
-220
-246
-254
-254
235
-243
-245
-250
-229
-250
-252
-252
-251
231
-249
-252
-254
-29
-238
-242
-251
0
-254
-249
-199
129
-213
-211
-216
-211
-221
-209
11
-49
11
-19
-102
-245
-249
-134
-219
-141
-213
-211
-231
-250
-250
-167
-59
-236
-251
-235
-232
-185
-200
-212
-207
-236
-196
-160
-104
-82
-90
-254
-254
-254
-255
-255
236
-254
-255
-254
-252
-255
-255
-255
-255
233
-255
-254
-254
-24
-243
-241
-254
91
-241
-128
-144
24
-238
-239
-237
-238
-238
-237
-59
-63
-59
-138
-64
-243
-248
-24
-22
-104
-245
-233
-245
-255
-255
-253
-228
-254
-254
-246
-242
-247
-249
-244
-245
-245
-224
-247
-248
-246
-250
-246
-247
-252
-255
-254
236
-239
-254
-239
-252
-254
-255
-255
-253
233
-253
-254
-253
-24
-244
-239
-245
-106
-253
-226
-216
112
-246
-248
-245
-246
-247
-247
-96
6
-96
-76
-102
-170
-230
12
-236
-186
-232
-177
-211
-248
-254
-250
-248
-218
-254
-253
-253
-249
-252
-253
-253
-251
-230
-192
-178
-176
-149
-229
-236
-251
-255
-254
235
-252
-254
-252
-250
-254
-255
-255
-255
233
-246
-253
-255
-25
-245
-242
-249
74
-254
-229
-197
128
-227
-230
-228
-231
-230
-227
-70
2
-70
-65
-96
-239
-246
-36
-249
-189
-252
-250
-252
-255
-255
-245
-236
-255
-255
-255
-255
-240
-250
-252
-252
-254
-251
-245
-222
-246
-237
-252
-252
-254
-255
-255
235
-250
-255
-251
-248
-255
-255
-255
-254
233
-254
-254
-255
-25
-243
-244
-251
-119
-251
-201
-199
193
-245
-244
-242
-244
-245
-244
-65
-85
-65
7
-128
-219
-239
36
-240
-208
-188
-103
-223
-240
-251
-247
-244
-143
-253
-253
-249
-251
-253
-253
-254
-253
-243
-239
-226
-248
-238
-237
-240
-251
-255
-255
236
-247
-255
-250
-240
-255
-254
-254
-254
233
-254
-253
-255
-25
-147
-119
-250
0
-240
-185
-197
91
-232
-234
-231
-232
-232
-232
-56
-69
-56
-111
-93
-242
-239
12
-243
-84
30
-215
-232
-251
-238
-238
-229
-250
-250
-250
-250
-248
-249
-246
-213
-237
-207
-219
-231
-210
-237
-252
-252
-251
-255
-255
236
-246
-252
-240
-236
-255
-255
-255
-253
234
-204
-213
-237
-15
-243
-247
-249
115
-226
-199
-197
159
-241
-242
-240
-240
-241
-241
-59
-122
-59
-17
-128
-239
-243
36
-223
-191
-231
-218
-208
-251
-253
-246
-200
-248
-255
-253
-252
-225
-231
-223
-232
-233
-229
-244
-212
-233
-238
-249
-249
-254
-255
-253
235
-241
-255
-244
-248
-255
-255
-255
-251
233
-254
-255
-254
-26
-218
-231
-251
83
-252
-239
-222
-73
-216
-219
-215
-216
-216
-216
-55
121
-55
-32
-157
-201
-210
-12
-244
-172
-234
-242
-252
-255
-255
-206
-217
-254
-255
-254
-253
-220
-247
-243
-246
-245
-208
-193
-106
-187
-134
-253
-252
-255
-255
-255
235
-251
-255
-251
-249
-255
-255
-255
-241
233
-255
-254
-255
-25
-235
-240
-252
58
-254
-231
-202
242
-223
-219
-209
-209
-209
-208
-50
-34
-50
-5
-42
-203
-221
-146
-224
-110
-184
-178
-181
-249
-251
-242
255
-248
-249
-157
-125
-88
255
-43
-167
-179
-182
-170
-175
-125
-172
-239
-243
-246
-255
-255
236
-245
-254
-253
-238
-253
-254
-254
-251
233
-252
-254
-254
-24
-242
-242
-250
81
-208
-196
-34
95
-241
-241
-239
-240
-241
-240
-57
-90
-57
-177
-85
-214
-227
-121
-255
-255
-252
-255
-255
-255
-255
-254
-192
-255
-255
-251
-251
-202
-160
-197
-191
-247
-249
-250
-250
-244
-249
-249
-249
-218
-255
-255
236
-252
-251
-254
-240
-252
-254
-254
-253
232
-251
-254
-255
-25
-252
-245
-252
15
-244
-206
-203
248
-248
-248
-248
-248
-248
-247
-58
-177
-58
-96
-153
-231
-237
24
-247
-195
190
-225
-241
-247
-241
-227
-231
-241
-254
-252
-251
-236
-244
-246
-243
-250
-221
-217
-184
-238
-227
-222
-223
-247
-255
-255
236
-247
-255
-247
-120
-255
-255
-255
-254
239
-254
-253
-253
-24
-245
-250
-250
148
-254
-246
-210
232
-237
-249
-236
-248
-238
-245
-58
-190
-58
-43
-51
-158
-112
-109
-249
-188
-209
-209
-236
-249
-253
-225
-144
-251
-254
-246
-243
-186
-218
-212
-239
-217
-199
-194
-180
-125
-171
-251
-248
-255
-255
-254
235
-249
-255
-248
-245
-255
-255
-254
-246
233
-255
-254
-255
-25
-228
-223
-250
-72
-242
-205
-204
-28
-243
-245
-243
-243
-243
-243
-64
1
-64
3
-80
-229
-240
-109
-72
-254
-213
-198
-238
-253
-254
-254
-253
-210
-255
-253
-245
-254
-255
-255
-255
-254
-232
-195
-151
-250
-236
-214
-217
-250
-254
-253
235
-236
-253
-241
-246
-254
-255
-254
-254
233
-253
-254
-255
-25
-238
-235
-250
-130
-253
-225
-218
-119
-238
-240
-238
-239
-239
-238
-103
-55
-103
61
-156
-221
-243
-182
-92
-92
-174
-37
-175
-233
-234
-225
-208
-214
-253
-254
-253
-249
-252
-252
-250
-249
-219
-215
-189
-210
-198
-240
-243
-253
-255
-255
236
-254
-255
-254
-253
-254
-255
-255
-255
233
-250
-254
-255
-25
-251
-247
-253
123
-248
-209
-229
-71
-248
-249
-248
-248
-248
-248
-79
35
-79
114
-85
-242
-247
-109
-81
-107
-166
-98
-162
-231
-247
-248
-205
-252
-255
-251
-251
-245
-235
-240
-232
-226
-239
-247
-254
-241
-231
-251
-251
-245
-255
-255
236
-246
-254
-251
-251
-255
-255
-255
-253
233
-254
-255
-253
-29
-251
-251
-251
159
-254
-243
-193
139
-252
-252
-252
-252
-252
-252
-75
-121
-75
28
-128
-251
-252
-73
-219
-116
-252
-240
-247
-253
-253
-211
-192
-253
-254
-238
-253
-228
-238
-250
-240
-236
-250
-243
-207
-240
-239
-246
-246
-253
-255
-254
236
-225
-255
-239
-252
-255
-255
-255
-250
233
-254
-255
-254
-25
-251
-247
-239
-204
-226
-150
-187
42
-224
-226
-222
-223
-225
-223
-77
29
-77
-60
-73
-232
-237
-61
-237
-127
-231
-111
-150
-249
-251
-186
-212
-246
-251
-252
-246
-217
-246
-249
-243
-232
-58
-95
-179
-193
-224
-46
-91
-119
-254
-254
238
-249
-242
-250
-237
-252
-254
-254
-254
233
-246
-254
-254
-25
-230
-234
-245
44
-253
-230
-200
-76
-248
-249
-248
-248
-248
-248
-107
-104
-107
-9
-109
-190
-209
-182
-225
-96
-253
-223
-231
-253
-253
-247
-238
-253
-255
-255
-255
-244
-251
-254
-254
-255
-254
-252
-246
-252
-243
-254
-254
-255
-255
-255
236
-253
-255
-253
-251
-255
-255
-255
-254
233
-254
-255
-255
-25
-251
-251
-254
-133
-245
-242
-202
24
-238
-240
-238
-239
-238
-238
-71
-5
-71
38
-128
-232
-247
49
-230
-185
-253
-254
-253
-255
-255
-253
-244
-226
-255
-233
-205
-250
-251
-251
-242
-234
-197
-195
-213
-229
-240
-244
-247
-247
-255
-254
236
-246
-23
-222
-243
-253
-254
-254
-254
233
-252
-254
-255
-25
-245
-244
-246
-153
-156
-110
-215
-78
-223
-226
-223
-224
-223
-223
-84
30
-84
11
-85
-223
-244
-85
-97
-136
-253
-252
-253
-255
-255
-254
-249
-180
-255
-253
-247
-245
-250
-246
-244
-236
-168
-140
-147
-222
-200
-240
-243
-235
-255
-254
236
-227
-255
-245
-248
-254
-255
-255
-251
233
-253
-254
-252
-25
-247
-247
-242
107
-234
-224
-77
54
-236
-237
-236
-236
-237
-235
-57
16
-57
149
-255
-221
-231
-85
-248
-160
-252
-255
-255
-255
-255
-253
-199
-255
-255
-254
-252
-222
-217
-228
-233
-244
-242
-249
-248
-245
-244
-253
-253
-254
-255
-255
235
-249
-254
-251
-251
-255
-255
-255
-253
233
-254
-255
-255
-25
-226
-244
-254
-222
-255
-247
-192
-79
-237
-239
-236
-237
-237
-237
-41
-28
-41
-115
0
-243
-246
-12
-229
-119
-176
-153
-167
-228
-238
-158
-102
-242
-252
-247
-243
-230
-231
-245
-245
-247
-187
-183
-161
-222
-176
-253
-253
-253
-252
-253
233
-254
-253
-254
-249
-252
-253
-254
-253
232
-254
-254
-255
-24
-246
-246
-254
106
-165
-99
-150
-77
-217
-221
-216
-218
-217
-216
-61
156
-61
-255
-255
-251
-251
-36
-223
-73
-239
-241
-248
-248
-249
-182
-166
-214
-249
-249
-253
-209
-247
-248
-231
-224
-181
-190
-153
-164
-198
-230
-234
-229
-255
-254
236
-252
-252
-253
-243
-253
-255
-255
-255
233
-247
-254
-255
-25
-234
-236
-248
180
-251
-246
-189
-132
-241
-242
-240
-240
-240
-240
-75
-38
-75
-52
-51
-241
-243
-134
-217
-127
-206
-182
-186
-246
-253
-222
-226
-252
-252
-250
-248
-249
-250
-248
-249
-253
-240
-238
-226
-246
-251
-238
-241
-254
-255
-255
236
-237
-255
-249
-252
-255
-255
-255
-252
233
-254
-255
-253
-24
-251
-250
-251
0
-251
-195
-180
-149
-247
-248
-247
-248
-248
-248
22
-101
22
-32
-70
-242
-246
-85
-215
-110
-254
-255
-255
-255
-254
-198
-220
-254
-255
-255
-254
-219
-233
-233
-237
-240
-98
-40
-133
-105
-208
-210
-206
-219
-94
-77
65
-236
-253
-249
-176
-253
-253
-253
-251
234
-241
-248
-253
-25
-132
-149
-234
70
-254
-229
-200
240
-216
-207
-204
-197
-202
-199
36
-95
36
-26
-116
-214
-241
-85
-130
-171
-204
-194
-198
-253
-247
-245
-232
-201
-253
-252
-244
-250
-249
-250
-251
-250
-210
-99
-101
-65
-66
-233
-239
-252
-255
-252
234
-246
-254
-239
-250
-254
-255
-255
-253
233
-248
-253
-254
-25
-246
-241
-248
0
-254
-245
-217
176
-243
-245
-244
-243
-243
-243
-88
-16
-88
-4
-133
-243
-248
-36
-247
-178
-246
-245
-253
-255
-255
-200
-249
-254
-246
-254
-254
-242
-252
-253
-253
-253
-165
-179
-173
-210
-168
-248
-248
-251
-255
-254
235
-248
-253
-250
-247
-255
-255
-255
-255
233
-254
-254
-255
-28
-241
-241
-251
87
-255
-216
-207
25
-251
-252
-251
-252
-251
-252
-20
-147
-20
-4
-113
-219
-237
-61
-230
-198
5
-121
-185
-245
-252
-249
-244
-246
-254
-237
-212
-251
-254
-253
-252
-238
-217
-220
-230
-225
-239
-245
-243
-250
-250
-250
232
-250
-251
-248
-224
-249
-254
-253
-254
233
-253
-252
-255
-25
-190
-205
-249
0
-223
-150
-233
-137
-232
-234
-231
-233
-232
-232
-63
140
-63
52
-255
-228
-238
-121
-218
-118
-254
-253
-251
-254
-255
-211
-239
-253
-254
-254
-253
-243
-247
-252
-250
-246
-222
-234
-188
-212
-198
-242
-245
-228
-255
-254
236
-252
-254
-253
-247
-254
-255
-255
-255
233
-251
-255
-255
-25
-247
-247
-251
151
-232
-206
-217
146
-220
-214
-221
-212
-225
-211
10
35
10
52
-196
-239
-246
-134
-150
-145
-252
-238
-247
-255
-254
-253
-252
-215
-255
-250
-219
-254
-254
-255
-255
-252
-101
12
-12
-230
-154
-233
-236
-249
-254
-252
234
-225
-253
-208
-241
-254
-254
-254
-253
233
-254
-254
-254
-25
-235
-230
-244
-8
-217
-137
-199
-135
-241
-242
-240
-241
-241
-240
-22
68
-22
-133
128
-238
-244
-73
-117
-135
-255
-254
-255
-254
-255
-252
-250
-251
-254
-239
-248
-252
-253
-251
-194
-113
-202
-218
-192
-214
-202
-251
-252
-186
-255
-254
239
-245
-254
-246
-253
-255
-255
-255
-253
233
-254
-255
-255
-24
-252
-251
-251
0
-255
-170
-205
-98
-246
-239
-243
-249
-247
-250
-65
55
-65
79
-107
-221
-239
-97
-218
-91
-247
-241
-249
-254
-254
-228
-240
-255
-255
-255
-254
-236
-245
-245
-247
-251
-237
-154
-135
-193
-221
-252
-253
-255
-255
-255
235
-248
-255
-253
-252
-255
-255
-255
-251
233
-255
-255
-255
-25
-251
-253
-252
119
-231
-133
-171
-128
-217
-220
-217
-217
-218
-217
-65
26
-65
-39
-139
-236
-243
-134
-219
-112
-245
-247
-252
-255
-255
-249
-248
-254
-254
-254
-252
-244
-249
-252
-252
-252
-243
-228
-242
-235
-239
-254
-254
-254
-255
-255
236
-252
-255
-253
-254
-255
-255
-255
-255
233
-254
-253
-254
-24
-251
-253
-254
96
-250
-172
-177
-30
-228
-231
-229
-229
-229
-229
-64
-76
-64
-29
-164
-231
-240
-97
-58
-134
-251
-254
-254
-255
-255
-255
-248
-255
-255
-244
-248
-252
-248
-243
-226
-224
-230
-236
-243
-199
-243
-247
-246
-223
-228
-246
231
-208
-251
-224
-243
-254
-255
-255
-204
233
-229
-250
-246
-155
-243
-232
-186
98
-254
-248
-213
69
-206
-212
-206
-208
-208
-207
-21
162
-21
6
-140
-224
-244
-36
-226
-181
-231
-228
-250
-254
-255
-245
-183
-250
-255
-239
-216
-243
-235
-245
-229
-219
-93
-74
-118
-59
-42
-217
-207
-249
-255
-255
242
-33
-254
-253
-222
-241
-244
-243
-239
224
-247
-244
-207
2
-222
-238
-251
112
-247
-38
-172
-198
-237
-227
-231
-206
-234
-248
-59
164
-59
-7
-146
-225
-228
-146
-221
-140
-239
-246
-249
-254
-254
-234
-240
-253
-255
-254
-253
-238
-240
-245
-251
-242
-225
-183
-195
-210
-225
-252
-252
-254
-255
-253
235
-16
-255
-244
-250
-255
-255
-255
-251
233
-254
-254
-254
-25
-251
-251
-241
36
-248
-210
-205
-90
-201
-206
-199
-203
-203
-201
-70
51
-70
46
-135
-251
-252
-61
-82
-125
-239
-244
-252
-254
-255
-254
-204
-254
-255
-240
-231
-248
-228
-143
-210
-226
-214
-243
-254
-219
-245
-255
-255
-254
-250
-240
221
-248
-255
-252
-253
-255
-255
-255
-255
233
-249
-252
-254
-24
-252
-252
-252
-255
-242
-150
-157
161
-250
-251
-250
-249
-250
-250
-59
-40
-59
-112
-106
-207
-213
-109
-244
-54
-242
-250
-253
-255
-252
-211
-241
-254
-250
-254
-248
-242
-248
-243
-220
-187
-89
-199
-196
-219
-233
-242
-245
-248
-255
-254
236
-250
-253
-253
-244
-254
-255
-255
-255
233
-249
-254
-254
-25
-235
-229
-247
178
-222
-186
-30
-54
-243
-244
-243
-243
-243
-243
-55
-8
-55
-118
-64
-233
-239
134
-234
-193
-245
-254
-255
-255
-255
-255
-236
-255
-255
-250
-246
-253
-248
-250
-247
-247
-245
-253
-251
-250
-251
-253
-253
-255
-255
-255
236
-247
-255
-250
-254
-255
-255
-255
-255
233
-255
-255
-254
-24
-248
-245
-249
102
-176
-123
-152
155
-239
-243
-239
-240
-241
-239
-58
-48
-58
56
-137
-225
-234
-36
-249
-189
-255
-255
-254
-254
-254
-153
40
-252
-253
-243
-252
-124
-152
-207
-242
-240
-250
-251
-245
-239
-243
-251
-248
-252
-255
-255
236
-251
-254
-253
-239
-255
-255
-254
-254
233
-254
-254
-255
-25
22
-240
-252
65
-241
-255
47
151
-211
-202
-213
-200
-217
-198
-69
8
-69
-184
-255
-240
-245
-97
-141
-124
-255
-255
-255
-255
-255
-251
-197
-255
-255
-253
-247
-239
-217
-212
-237
-235
-203
-223
-251
-212
-220
-251
-250
-254
-255
-255
235
-252
-255
-254
-249
-255
-255
-255
-254
233
-254
-255
-255
-25
-231
-245
-253
-232
-249
-207
-219
-103
-245
-246
-245
-245
-245
-245
-26
-88
-26
117
-182
-181
-230
-73
-103
-133
-237
-132
-220
-241
-250
-247
-245
-229
-254
-254
-253
-248
-253
-253
-253
-253
-247
-232
-228
-221
-233
-243
-246
-252
-255
-254
235
-249
-255
-248
-252
-254
-255
-255
-254
233
-249
-254
-254
-24
-251
-248
-251
69
-253
-96
-175
219
-238
-243
-244
-240
-238
-241
-55
-107
-55
-168
-128
-238
-241
0
-247
-164
-227
-247
-238
-252
-243
-183
-212
-236
-242
-245
-232
-219
-233
-221
-207
-195
-158
-145
-123
-206
-238
-249
-249
-253
-255
-254
235
-247
-254
-247
-250
-252
-255
-255
-253
233
-249
-254
-255
-25
-243
-244
-250
-137
-247
-251
-206
-53
-246
-247
-246
-247
-247
-247
-46
89
-46
-58
-100
-195
-238
194
-251
-227
-254
-254
-255
-255
-255
-255
-252
-188
-255
-251
-243
-226
-237
-247
-251
-253
-248
-247
-245
-213
-238
-239
-243
-19
-255
-254
237
-248
-244
-249
-232
-252
-254
-254
-254
233
-225
-246
-254
-24
-245
-245
-251
-102
-238
-138
-143
-76
-233
-235
-233
-234
-234
-233
33
-111
33
-27
-98
-233
-241
-73
-79
-133
-251
-254
-254
-255
-255
-253
-221
-255
-255
-246
-246
-246
-220
-214
-182
-217
-237
-252
-250
-230
-234
-96
-101
-138
-250
-248
232
-220
-201
-218
13
255
255
255
120
-255
-206
-231
-252
-24
121
-135
-220
79
-252
-248
-213
-32
-230
-231
-228
-228
-228
-227
-59
-63
-59
19
-90
-237
-246
-85
-233
-133
-216
-153
-224
-250
-252
-232
63
-249
-253
-185
-230
-94
-31
-123
-171
-126
-218
-225
-197
-184
-205
-240
-240
-250
-255
-255
236
-243
-254
-252
-248
-254
-255
-255
-254
233
-253
-254
-254
-24
-247
-248
-251
-83
-235
-195
-208
-25
-241
-243
-241
-242
-242
-241
-51
84
-51
-126
0
-226
-236
-49
-53
-110
-255
-255
-255
-255
-255
-254
-204
-255
-255
-252
-245
-205
-192
-156
-217
-248
-221
-207
-219
-248
-204
-252
-253
-251
-255
-255
236
-248
-255
-254
-252
-255
-255
-255
-253
233
-254
-255
-255
-25
-253
-252
-252
-135
-229
-133
-183
99
-249
-250
-249
-249
-250
-249
-74
-107
-74
-150
-96
-203
-220
-121
-236
-70
-252
-250
-251
-254
-254
-241
-253
-255
-252
-254
-253
-245
-253
-253
-251
-248
-185
-174
-238
-242
-251
-249
-249
-249
-255
-254
236
52
-233
-233
-247
-254
-254
-254
-252
233
-254
-254
-253
-25
-238
-244
-243
109
-254
-196
-168
26
-237
-238
-236
-237
-238
-236
-59
49
-59
9
-128
-214
-225
-109
-226
-112
-251
-252
-254
-255
-255
-226
-241
-255
-251
-254
-252
-241
-248
-250
-248
-245
-109
-190
-176
-228
-222
-236
-240
-253
-255
-254
236
-250
-254
-251
-246
-253
-255
-255
-254
233
-250
-254
-255
-25
-240
-242
-244
255
-230
-13
-142
-28
-248
-249
-248
-248
-248
-247
-68
-129
-68
-110
0
-231
-240
-134
-54
-121
-210
-212
-239
-253
-255
-252
-231
-255
-255
-250
-244
-235
-226
-218
-203
-214
-240
-250
-247
-230
-234
-250
-251
-215
-255
-255
236
-252
-252
-253
-242
-224
-237
-241
-234
216
-250
-254
-255
-25
-247
-250
-253
0
-251
-244
-222
-130
-247
-247
-246
-247
-247
-246
-78
28
-78
49
-85
-220
-242
-61
-134
-131
-253
-253
-254
-255
-255
-255
-254
-221
-255
-254
-250
-187
-224
-240
-252
-254
-251
-250
-247
-198
-216
-232
-237
-230
-255
-254
236
-248
-254
-249
-247
-254
-255
-255
-254
233
-251
-254
-255
-25
-249
-250
-250
-102
-250
-224
-163
150
-242
-245
-242
-243
-244
-242
-55
-163
-55
-64
-143
-214
-232
-61
-231
-203
-234
-248
-252
-255
-255
-255
-253
-252
-255
-249
-193
-255
-255
-254
-252
-248
-99
1
-145
-114
52
-249
-250
-255
-255
-255
235
-250
-255
-253
-249
-255
-255
-255
-254
233
-254
-255
-254
-24
-236
-241
-252
155
-253
-246
-204
-72
-250
-250
-249
-250
-250
-249
-39
-175
-39
11
-153
-236
-240
-85
-229
-105
-247
-247
-250
-255
-254
-236
-194
-253
-255
-254
-253
-224
-235
-242
-240
-240
-231
-194
-190
-228
-175
-254
-252
-255
-255
-255
235
-252
-255
-252
-249
-255
-255
-255
-253
233
-255
-255
-255
-25
-243
-241
-252
48
-250
-250
-238
-133
-235
-238
-234
-234
-236
-234
-61
50
-61
29
-255
-237
-248
-158
-218
-110
-255
-255
-255
-255
-255
-251
-224
-255
-254
-255
-255
-238
-248
-249
-251
-251
-246
-245
-244
-251
-251
-252
-252
-254
-255
-255
235
-254
-255
-250
-253
-255
-255
-255
-254
233
-254
-255
-255
-25
-249
-249
-254
57
-251
-109
-132
-116
-255
-255
-255
-255
-255
-255
-85
-80
-85
-118
-36
-236
-242
-109
-109
-151
-192
-252
-251
-254
-255
-254
-240
-253
-255
-245
-237
-254
-252
-232
-209
-230
-226
-238
-245
-204
-228
-255
-254
-254
-255
-255
236
-254
-255
-253
-252
-255
-255
-255
-255
233
-255
-255
-255
-25
-255
-253
-254
23
-254
-175
-118
-133
-236
-238
-236
-237
-237
-237
-83
1
-83
90
-255
-238
-242
-170
-214
-99
-254
-254
-253
-254
-253
-225
-239
-254
-253
-253
-254
-240
-250
-251
-244
-226
-218
-191
-205
-224
-241
-244
-245
-233
-255
-254
243
-246
-252
-251
-157
-253
-254
-254
-253
237
-246
-251
-254
-25
-247
-243
-248
97
-253
-241
-216
94
-251
-252
-251
-251
-251
-251
-22
-8
-22
-59
-85
-210
-222
-134
-254
-83
-249
-208
-232
-253
-254
-235
-151
-254
-255
-251
-244
-213
-234
-236
-249
-250
-244
-249
-247
-248
-243
-250
-250
-253
-255
-254
236
-228
-255
-245
-253
-255
-255
-255
-249
233
-255
-255
-254
-24
-252
-250
-248
102
-248
-221
-203
123
-231
-228
-231
-227
-236
-227
-58
-72
-58
76
-182
-246
-248
-109
-221
-133
-239
-60
-173
-246
-252
-244
-234
-252
-255
-254
-254
-250
-252
-253
-253
-253
-246
-243
-230
-239
-224
-253
-253
-254
-255
-255
235
-250
-255
-250
-248
-255
-255
-255
-254
233
-254
-254
-255
-25
-244
-247
-252
-126
-247
-216
-213
-52
-115
-129
-114
-132
-150
-149
-203
-87
-203
52
-116
-222
-230
-109
-235
-74
-176
-148
-188
-248
-252
-194
-227
-253
-253
-254
-254
-247
-252
-248
-249
-245
-197
-146
-107
-130
-194
-244
-246
-253
-255
-254
236
-244
-255
-250
-245
-255
-255
-255
-252
233
-254
-254
-248
-21
-240
-241
-249
-91
-254
-233
-212
54
-254
-254
-254
-254
-254
-254
9
-15
9
-18
-30
-194
-237
0
-234
-197
-233
-134
-159
-236
-248
-241
-242
-209
-254
-254
-252
-248
-252
-254
-254
-252
-232
-210
-208
-147
-178
-231
-237
-252
-255
-254
235
-251
-254
-251
-250
-253
-255
-255
-254
233
-250
-254
-255
-25
-246
-243
-250
-126
-232
-199
-171
-121
-238
-239
-237
-239
-239
-238
-62
-1
-62
-20
-42
-232
-240
-109
-225
-135
-254
-254
-255
-255
-255
-251
-217
-255
-255
-252
-250
-229
-234
-229
-242
-241
-243
-239
-243
-241
-250
-239
-243
-242
-255
-255
236
-254
-254
-254
-250
-254
-255
-255
-255
233
-249
-254
-255
-26
-242
-238
-252
111
-253
-199
-170
56
-252
-252
-252
-252
-252
-252
-53
-108
-53
-102
-46
-210
-219
-109
-232
-126
-249
-237
-241
-253
-253
-194
-217
-251
-239
-251
-253
-239
-230
-237
-240
-244
-91
-40
-203
-179
-250
-242
-245
-249
-255
-255
235
-251
-253
-251
-251
-255
-255
-255
-254
233
-251
-254
-255
-25
-248
-248
-252
156
-255
-252
-215
-133
-249
-250
-250
-250
-250
-250
-177
-56
-177
90
-150
-235
-241
-109
-223
-86
-246
-238
-248
-251
-253
-237
-114
-252
-254
-252
-242
-187
-242
-247
-234
-246
-236
-235
-198
-231
-191
-241
-245
-249
-255
-255
236
-253
-254
-255
-235
-221
-199
-214
-214
179
-252
-253
-254
-24
-227
-241
-254
125
-254
-242
-219
-126
-253
-253
-253
-253
-253
-253
-8
-35
-8
20
-146
-245
-250
-85
-225
-124
-131
-8
-112
-241
-246
-241
-17
-245
-252
-234
-229
-87
-167
-106
-90
-183
-232
-235
-228
-221
-233
-246
-248
-249
-255
-255
236
-245
-254
-254
-247
-254
-255
-255
-254
233
-252
-254
-254
-24
-247
-247
-251
93
-221
-247
13
237
-227
-240
-247
-253
-254
-252
-52
0
-52
-192
-255
-231
-238
-146
-214
-106
-254
-254
-255
-255
-255
-180
-215
-254
-251
-254
-253
-224
-234
-243
-240
-234
45
-115
-27
-183
-214
-225
-231
-247
-255
-254
236
-249
-249
-250
-239
-253
-255
-255
-254
233
-245
-253
-255
-25
-226
-231
-241
86
-251
-183
-198
155
-253
-253
-253
-253
-253
-253
-72
-154
-72
-112
-64
-232
-243
24
-230
-200
-252
-249
-252
-255
-255
-255
-254
-254
-255
-248
-234
-255
-254
-253
-251
-248
-215
-174
-204
-173
-216
-242
-223
-221
-156
-187
205
-79
-211
158
-173
-247
-255
-254
164
233
-234
-251
-238
-255
-233
-195
197
98
-251
-247
-220
116
-168
-160
-187
-165
-192
-165
-60
-116
-60
123
-191
-234
-242
-146
-139
-136
-209
-77
-166
-245
-249
-246
167
-246
-252
-149
-134
-222
-55
59
-40
-137
-215
-241
-222
-96
-184
-243
-246
-245
-255
-255
236
-242
-253
-252
-246
-253
-255
-255
-254
233
-249
-251
-253
-24
-242
-243
-251
-196
-253
-217
-209
123
-238
-238
-238
-238
-237
-238
-63
-80
-63
-52
-75
-220
-228
-36
-229
-197
-45
-91
-173
-238
-249
-247
-239
-247
-253
-227
-165
-240
-243
-249
-228
-232
-215
-180
-219
-240
-236
-242
-240
-250
-254
-254
236
-245
-253
-248
-221
-253
-254
-253
-254
233
-252
-252
-254
-31
-195
-205
-248
-102
-249
-157
-74
-132
-254
-254
-254
-254
-254
-254
41
-61
41
-30
-255
-215
-231
-134
-114
-142
-203
-248
-254
-254
-255
-254
-234
-253
-255
-252
-252
-255
-251
-244
-247
-251
-250
-253
-255
-251
-254
-253
-253
-254
-255
-255
236
-248
-255
-249
-253
-255
-255
-255
-254
233
-255
-255
-254
-24
-249
-247
-250
194
-254
-245
-200
46
-249
-249
-248
-249
-249
-249
-132
-118
-132
-32
-80
-118
-169
-231
-192
-82
-254
-255
-255
-255
-248
-254
-255
-253
-255
-249
-252
-234
-251
-253
-253
-250
-217
-192
-236
-253
-250
-244
-245
-251
-255
-254
236
-249
-253
-252
-243
-199
-201
-194
-103
180
-252
-254
-254
-25
-214
-237
-245
-255
-254
-241
-180
-132
-253
-254
-253
-253
-253
-253
27
-142
27
32
-91
-225
-234
-121
-211
-121
-252
-254
-255
-255
-255
-238
-249
-255
-242
-255
-254
-252
-251
-252
-252
-253
-204
-196
-243
-227
-246
-252
-252
-253
-255
-255
235
-251
-254
-252
-249
-255
-255
-255
-255
233
-255
-254
-255
-28
-246
-246
-253
39
-241
-187
-229
-94
-168
-181
-167
-174
-169
-171
-4
118
-4
97
-170
-204
-211
-146
-232
-197
-7
-186
-191
-241
-250
-249
-248
-248
-253
-250
-232
-252
-254
-251
-250
-249
-233
-235
-185
-248
-236
-242
-243
-252
-254
-255
236
-244
-253
-252
-232
-254
-254
-254
-252
233
-254
-254
-254
-25
-225
-232
-250
115
-226
-178
-198
-147
-216
-221
-215
-216
-216
-215
-24
-79
-24
9
-157
-222
-248
-36
-126
-95
-253
-252
-251
-254
-254
-251
-242
-238
-255
-251
-251
-218
-245
-244
-235
-232
-159
-184
-166
-198
-190
-211
-218
-213
-254
-251
233
-246
-254
-236
-249
-254
-255
-255
-253
233
-250
-254
-254
-25
-249
-247
-245
79
-218
-39
-160
-70
-250
-250
-250
-250
-250
-250
-57
-31
-57
-7
-36
-229
-237
-97
-227
-109
-241
-245
-252
-254
-254
-250
-248
-250
-254
-254
-253
-242
-250
-251
-252
-254
-253
-254
-249
-249
-240
-254
-254
-249
-255
-255
235
-253
-255
-254
-254
-255
-255
-255
-255
233
-254
-255
-254
-24
-249
-253
-253
0
-252
-172
-203
-186
-246
-247
-246
-246
-246
-246
-130
-87
-130
118
-148
-237
-243
-121
-212
-105
-245
-100
-111
-233
-246
-217
-243
-254
-251
-255
-255
-250
-253
-252
-251
-249
-176
-210
-213
-219
-217
-246
-247
-253
-255
-254
237
-235
-255
-245
-245
-255
-255
-255
-252
233
-254
-254
-239
-16
-246
-247
-246
30
-250
-200
-206
-64
-250
-250
-249
-249
-250
-250
-25
-74
-25
-84
-128
-237
-247
170
-242
-196
-253
-251
-253
-254
-254
-246
-227
-236
-255
-248
-238
-223
-245
-227
-220
-195
-147
-107
-42
-68
-170
-235
-238
-240
-255
-254
235
-235
-255
-247
-252
-254
-255
-255
-254
233
-252
-254
-255
-25
-250
-250
-251
81
-227
-206
-105
52
-233
-235
-232
-233
-234
-232
-59
75
-59
-102
-93
255
255
-255
-11
-190
-231
-228
-231
-251
-253
-245
-219
-251
-255
-244
-247
-251
-248
-242
-234
-244
-254
-255
-255
-246
-255
-251
-251
-253
-255
-255
236
-242
-255
-245
-252
-255
-255
-255
-254
233
-254
-254
-253
-24
-241
-241
-248
-144
-255
-226
-216
37
-254
-254
-254
-254
-254
-254
-177
17
-177
38
-85
-237
-241
-73
-6
-109
-157
26
-148
-246
-249
-220
17
-242
-251
-107
-207
64
-162
-213
-162
-82
-193
-148
-65
-113
-154
-242
-245
-248
-255
-255
236
-246
-254
-254
-246
-253
-254
-254
-253
233
-252
-255
-255
-24
-245
-244
-252
-98
-252
-193
-185
-132
-248
-248
-247
-248
-248
-248
191
15
191
93
-255
-251
-252
-36
-116
-153
-254
-251
-250
-253
-254
-251
-235
-249
-254
-246
-231
-250
-221
-209
-216
-219
-114
-229
-237
-179
-193
-253
-253
-250
-255
-254
239
-253
-255
-254
-254
-255
-255
-255
-253
233
-255
-255
-255
-25
-254
-253
-253
8
-160
88
-91
250
-237
-242
-244
-246
-247
-246
-62
-60
-62
16
-255
-214
-229
-134
-222
-120
-125
-25
-87
-159
-210
-143
121
-164
-249
-219
-134
74
-114
-221
-228
-240
-184
-164
-235
-177
-223
-244
-241
-242
-254
-254
235
-245
-243
-250
-236
-251
-253
-253
-252
232
-246
-250
-253
-24
-203
-233
-245
0
-244
-204
-138
-70
-248
-249
-247
-248
-248
-248
-67
-85
-67
-42
-128
-226
-234
-158
-216
-126
-255
-255
-255
-255
-254
-218
-245
-255
-253
-255
-255
-246
-251
-251
-245
-249
-190
-165
-162
-213
-235
-243
-243
-237
-255
-254
236
-250
-254
-251
-251
-254
-255
-255
-255
233
-253
-255
-254
-25
-247
-249
-249
76
-248
-207
-220
-46
-243
-244
-242
-243
-243
-242
-66
-138
-66
35
-113
-242
-247
-49
-224
-96
-230
72
-38
-235
-239
-192
-210
-251
-254
-254
-254
-242
-250
-251
-252
-251
-211
-154
-118
-179
-212
-240
-242
-252
-255
-254
239
-215
-254
-248
-243
-255
-255
-255
-252
233
-254
-254
-236
-15
-242
-245
-245
-181
-252
-250
-244
148
-217
-222
-213
-215
-217
-219
-60
78
-60
6
-116
-243
-250
24
-249
-177
-255
-255
-255
-255
-255
-238
-221
-255
-254
-255
-254
-240
-246
-246
-249
-250
-239
-234
-219
-248
-240
-246
-249
-253
-255
-254
235
-253
-255
-245
-250
-255
-255
-255
-249
233
-252
-254
-255
-25
-224
-235
-252
154
-253
-250
-195
220
-242
-240
-236
-240
-243
-239
-66
-56
-66
18
-112
-240
-245
73
-248
-182
-232
-244
-250
-254
-254
-221
-58
-249
-254
-245
-243
-205
-203
-216
-225
-225
-205
-149
-155
-115
-163
-246
-247
-249
-252
-251
232
-252
-249
-251
-240
-254
-254
-254
-253
233
-253
-254
-255
-25
-224
-235
-252
-105
-228
-158
-217
44
-236
-237
-235
-236
-237
-235
-56
-15
-56
-46
-119
-221
-234
-146
-204
-87
-255
-255
-255
-255
-204
-251
-254
-254
-254
-228
-140
-139
-157
-161
-216
-246
-230
-188
-178
-237
-221
-250
-250
-246
-255
-254
237
-250
-254
-252
-244
-216
-225
-225
-213
204
-253
-254
-254
-24
-208
-226
-252
-158
-209
-234
-34
-78
-225
-228
-224
-225
-225
-225
-51
-123
-51
-184
255
-234
-242
-85
-83
-100
-254
-255
-255
-255
-255
-253
-228
-254
-255
-250
-246
-229
-222
-234
-220
-228
-237
-223
-232
-232
-239
-206
-205
-34
-253
-251
238
-220
-236
-234
-124
-179
-166
-156
-28
152
-235
-245
-252
-24
-167
-189
-237
49
-244
-205
-187
-140
-243
-244
-243
-243
-243
-243
-87
-93
-87
-30
-116
-223
-233
-158
-214
-118
-254
-255
-255
-255
-255
-244
-253
-255
-254
-255
-255
-250
-254
-254
-254
-255
-246
-235
-246
-255
-253
-250
-251
-252
-255
-255
235
-253
-255
-254
-250
-255
-255
-255
-254
233
-254
-254
-255
-25
-235
-245
-253
22
-254
-227
-229
26
-251
-251
-250
-251
-251
-251
-62
-84
-62
19
-97
-143
-221
-85
-239
-206
-243
-160
-203
-251
-254
-252
-252
-236
-255
-255
-254
-233
-250
-252
-253
-254
-253
-246
-227
11
-156
-230
-236
-252
-255
-252
235
-243
-254
-241
-247
-246
-254
-254
-251
232
-251
-254
-254
-25
-246
-243
-248
72
-226
-172
-199
245
-240
-239
-240
-238
-240
-238
-57
51
-57
-107
-164
-240
-244
36
-246
-182
-252
-253
-252
-247
-251
-162
-183
-233
-244
-244
-226
-231
-240
-239
-239
-217
-148
-170
-21
-203
-211
-225
-232
-249
-254
-254
235
-251
-253
-251
-242
-253
-255
-255
-254
233
-248
-254
-255
-25
-228
-230
-245
119
-242
-183
-221
-157
-231
-233
-230
-231
-231
-231
0
-123
0
29
-164
-232
-242
-109
-126
-153
-222
-210
-236
-252
-253
-251
-251
-221
-255
-254
-250
-253
-253
-254
-254
-253
-236
-229
-231
-206
-206
-249
-249
-251
-255
-255
236
-250
-255
-252
-248
-255
-255
-255
-254
233
-254
-254
-255
-25
-214
-218
-252
0
-254
-193
-212
153
-250
-250
-250
-251
-250
-250
-67
-29
-67
-41
-170
-217
-239
24
-231
-201
-250
-252
-253
-255
-255
-254
-247
-236
-255
-224
-123
-245
-251
-253
-248
-232
-73
-67
-153
-169
-81
-244
-244
-253
-255
-253
235
-209
-255
-227
-245
-255
-255
-254
-251
233
-254
-254
-253
-24
-234
-231
-240
95
-253
-232
-202
115
-223
-229
-222
-228
-225
-227
-60
-17
-60
99
-119
-231
-239
-146
75
209
-241
-232
-249
-254
-253
-175
-239
-254
-253
-254
-255
-244
-245
-252
-252
-250
-152
115
-120
54
-220
-185
-165
-253
-255
-254
237
-240
-254
-252
-242
-255
-255
-254
-251
233
-254
-254
-245
-19
-238
-238
-246
-77
-245
-198
-148
-23
-249
-249
-249
-249
-249
-249
-81
-3
-81
-45
-78
-226
-235
-134
-203
-64
-255
-255
-255
-255
-213
-245
-251
-254
-253
-247
-199
-213
-211
-185
-152
-213
-192
-228
-199
-243
-232
-251
-251
-247
-254
-254
236
-250
-254
-251
-244
-223
-233
-230
-218
212
-251
-251
-252
-23
-232
-237
-252
-165
-253
-150
-220
-97
-251
-251
-248
-248
-248
-251
-57
216
-57
-98
64
-225
-238
-85
-254
-156
-249
-228
-244
-253
-254
-243
-199
-253
-255
-251
-252
-199
-230
-236
-230
-227
-241
-241
-197
-225
-214
-237
-240
-254
-254
-250
232
-227
-254
-230
-244
-254
-255
-255
-250
233
-253
-254
-254
-25
-248
-245
-216
-88
-235
-179
-206
-142
-222
-226
-221
-223
-223
-222
-35
108
-35
-30
-93
-230
-241
-146
-212
-104
-245
-243
-250
-254
-248
-240
-253
-226
-249
-250
-250
-248
-253
-254
-252
-252
-232
-210
-213
-245
-244
-250
-251
-252
-255
-255
236
-147
-255
-249
-252
-254
-255
-255
-254
233
-254
-255
-255
-25
-245
-250
-252
128
-248
-196
-207
215
-245
-246
-245
-245
-245
-245
-59
24
-59
-146
153
-245
-251
97
-246
-173
-228
-40
-148
-235
-250
-224
-199
-248
-253
-243
-238
-224
-233
-241
-238
-228
-111
-179
-160
-158
-209
-166
-184
-203
-254
-253
235
-232
-239
-249
-230
-251
-254
-254
-253
233
-240
-252
-254
-25
-225
-225
-241
91
-255
-239
-181
-26
-241
-242
-241
-242
-242
-241
-68
51
-68
84
-121
-229
-237
-73
-234
-165
-255
-255
-255
-255
-255
-252
-203
-254
-255
-254
-253
-204
-239
-236
-241
-248
-226
-234
-221
-249
-236
-254
-254
-254
-255
-255
235
-254
-255
-254
-251
-255
-255
-255
-254
233
-255
-255
-255
-25
-239
-245
-254
-198
-253
-237
-214
142
-246
-247
-246
-247
-247
-246
-72
31
-72
-16
-128
-225
-231
-49
-249
-191
-243
-179
-202
-249
-254
-181
-210
-253
-253
-251
-241
-230
-246
-244
-250
-253
-238
-212
-223
-232
-242
-249
-249
-254
-255
-254
235
-228
-255
-244
-253
-255
-255
-255
-250
233
-254
-255
-254
-25
-251
-247
-239
-70
-253
-161
-209
-52
-255
-255
-255
-255
-255
-255
-59
-92
-59
-84
-89
-238
-246
194
-243
-196
-251
-252
-254
-255
-255
-255
-254
-253
-255
-224
-139
-254
-254
-253
-249
-229
-119
-135
-192
-158
-99
-245
-246
-251
-255
-254
235
-242
-254
-241
-250
-255
-255
-255
-254
233
-254
-254
-255
-25
-247
-245
-252
-231
-251
-236
-177
26
-245
-247
-245
-246
-246
-246
-62
-78
-62
-79
-149
-242
-249
-36
-239
-112
-247
-247
-244
-254
-253
-243
-232
-253
-254
-255
-254
-249
-249
-252
-252
-252
-254
-248
-244
-249
-250
-254
-254
-254
-255
-255
236
-253
-255
-252
-250
-255
-255
-255
-255
233
-254
-255
-255
-25
-250
-249
-253
-104
-231
255
32
223
-252
-252
-252
-252
-253
-252
-60
-116
-60
-189
-128
-213
-229
-73
-249
-188
-247
-243
-246
-253
-253
-248
-238
-246
-254
-253
-251
-214
-243
-252
-252
-251
-251
-250
-245
-250
-239
-252
-252
-254
-255
-255
235
-253
-255
-253
-253
-254
-254
-254
-254
232
-254
-255
-255
-24
-247
-246
-253
-13
-250
-177
-218
31
-201
-194
-166
-226
-200
-201
-57
194
-57
-112
-42
-231
-237
-24
-249
-186
-241
-204
-227
-251
-253
-232
-185
-254
-255
-252
-250
-215
-226
-233
-240
-235
-192
-188
-177
-187
-201
-253
-253
-254
-255
-254
235
181
-254
-243
-245
-254
-255
-254
-252
233
-254
-254
-254
-25
-247
-247
-242
-43
-255
-213
-198
-102
-250
-251
-250
-250
-250
-250
-30
-72
-30
-44
-21
-232
-239
-121
-214
-94
-241
-160
-205
-251
-252
-229
-247
-254
-252
-255
-255
-249
-253
-253
-252
-247
-134
-167
-196
-134
-228
-244
-246
-253
-255
-255
240
-220
-255
-253
-243
-255
-255
-255
-252
233
-254
-254
-229
-10
-247
-247
-249
101
-250
-95
-157
161
-250
-251
-250
-251
-250
-250
-63
-131
-63
-112
-149
-206
-217
-85
-249
-188
-238
-251
-253
-254
-254
-252
-247
-252
-255
-253
-253
-228
-239
-247
-250
-252
-247
-248
-245
-251
-239
-221
-215
-251
-255
-255
236
-251
-253
-253
-247
-239
-243
-243
-234
221
-253
-254
-254
-24
-235
-174
-236
94
-191
-181
54
243
-215
-248
-215
-244
-220
-239
-57
-83
-57
-96
0
-192
-212
-73
-226
-201
-249
-249
-252
-255
-255
-254
-239
-254
-254
-242
-243
-251
-243
-204
-112
-106
-237
-247
-248
-198
-240
-245
-247
-143
-255
-255
236
-251
-238
-246
-224
-245
-250
-250
-248
230
-242
-253
-255
-25
-233
-231
-249
0
