-212
-228
-230
-86
-85
-192
-113
-230
-250
-244
-137
-228
-252
-238
-110
91
-242
-248
-247
-182
-181
-232
-125
-239
-237
-141
-222
-178
-254
-254
-111
185
-244
-248
-249
27
24
-215
-184
-245
-225
-236
-158
-159
-254
-253
-110
-87
-119
-227
-237
-4
-5
-206
-172
-251
-252
-216
-240
-210
-254
-255
-109
-27
-200
-253
-254
44
43
-226
-125
-255
-236
-254
-255
-245
-251
-240
-110
0
-185
-248
-246
-31
-31
-234
30
-246
-253
-209
-209
-84
-249
-252
-110
-84
-209
-223
-231
-56
-56
-238
6
-238
-252
-236
-224
-230
-253
-250
-115
51
-23
-249
-249
-28
-29
27
-255
-252
-254
-243
-246
-238
-254
-254
-108
165
-233
-249
-250
89
89
-237
-89
-246
-231
-249
-250
-254
-254
-254
-110
0
-158
-245
-244
-91
-91
-193
-101
-229
-250
-251
-218
-245
-253
-251
-115
-108
-224
-241
-244
74
74
-227
-6
-254
-37
-241
-186
-223
-141
-72
-110
0
-178
-248
-248
-29
-31
-240
77
-249
-249
-245
-220
-213
-244
-51
-107
-151
-200
-230
-232
-68
-67
-237
18
-245
-251
-244
-153
-181
-255
-253
-110
1
-201
-241
-242
46
45
-195
-148
-254
-214
-238
-170
-232
-246
-243
-110
-185
-232
-250
-251
-22
-22
-230
30
-255
-254
-233
-247
-232
-251
-253
-109
111
-218
-252
-253
14
13
-215
-18
-253
-246
-228
-239
-230
-254
-245
-108
-163
-223
-248
-249
57
57
-240
-30
-233
-242
-235
-152
-219
-252
-252
-109
144
-39
-245
-250
-11
-11
-237
113
-238
-243
-139
-243
-187
-253
-252
-96
-101
-197
-246
-247
-59
-58
-184
-136
-247
-255
-252
-241
-241
-250
-233
-108
-62
-242
-232
-234
-231
-231
-229
208
-248
-196
-236
-185
-154
-243
-244
-111
102
-201
-231
-240
26
26
-237
-125
-253
-241
-249
-254
-243
-253
-242
-110
105
-134
-239
-240
-77
-77
-237
-6
-222
-244
-251
-192
-130
-222
-86
-66
214
-251
-238
-236
-223
-223
-219
125
-240
-205
-242
-124
-187
-246
-249
-109
51
142
-231
-233
-30
-30
-230
-101
-248
-233
-245
-243
-186
-251
-222
-98
118
-213
-215
-219
-19
-20
-245
-113
-229
-248
-236
-202
-183
-237
-249
-110
-109
-217
-243
-244
-53
-52
-242
42
-254
-254
-247
-251
-253
-251
-252
-110
130
-204
-238
-244
-109
-108
-236
-89
-163
-235
-246
61
216
-177
-208
-108
122
-195
-243
-246
27
26
-195
-125
-226
-246
-211
-137
-82
-252
-253
-110
-35
-103
-247
-248
196
195
-209
-113
-254
-233
-233
-243
-214
-245
-232
-78
238
-248
-250
-234
-25
-26
-225
-42
-216
-245
-213
-182
-18
-253
-253
-91
-99
-227
-250
-250
219
218
-229
-160
-253
-247
-253
-253
-245
-253
-248
-109
-108
-238
-253
-253
66
66
-236
101
-218
-189
-250
-230
-248
-253
-255
-111
-107
-135
-239
-242
-95
-94
-220
-77
-225
-244
-248
-236
-246
-253
-252
-116
-110
-240
-242
-244
-49
-49
-233
-53
-240
-252
-213
-244
-231
-238
-253
-114
72
-204
-254
-254
-46
-46
-141
-219
-247
-253
-241
-234
-247
-251
-210
-112
170
-246
-223
-220
-58
-58
-228
-89
-170
-252
-238
-175
-209
-253
-251
-109
255
-201
-236
-252
81
80
-195
-172
-212
-108
-252
-241
-213
-215
148
-108
0
-149
-238
-239
50
46
-124
-255
-245
-228
-253
-213
-240
-239
-252
-110
-77
-250
-252
-252
-55
-56
-234
-89
-176
-240
-212
-163
-202
-254
-242
-105
-255
124
-241
-242
185
183
-202
-184
-252
-206
-246
-244
-206
-252
-249
-103
-115
-171
-240
-241
-73
-74
-249
-30
-250
-253
-244
-247
-244
-253
-251
-111
-114
-237
-225
-227
-111
-110
-241
18
-196
-249
-254
-40
31
-254
-253
-110
255
-194
-255
-255
-123
-123
-220
-42
-129
-238
-227
-189
-16
-244
-34
-110
77
-203
-156
-165
-88
-87
-241
-30
-206
-251
-254
-211
-232
-250
-250
-110
255
-115
-224
-227
-128
-131
-253
30
-184
-207
-169
-145
-199
-253
-220
-111
-138
-97
-215
-220
-34
-35
-244
42
-241
-253
-232
-216
-222
-215
-238
-113
114
-224
-230
-246
-188
-188
-219
77
-231
-239
-190
-209
-29
-253
-166
-111
-142
-228
-232
-234
-205
-205
-208
-30
-237
-205
-249
-209
-231
-250
-243
-112
-153
-91
-239
-240
-128
-131
-248
-18
-158
-209
-207
-157
-136
-254
-237
-110
-201
-188
-230
-232
-91
-92
-243
-53
-179
-223
-228
-141
-166
-251
-252
-109
79
-192
-241
-239
-98
-97
-184
-184
-223
-249
-251
-119
-232
-228
-212
-90
111
-158
-236
-235
8
7
-235
-148
-238
-234
-189
-160
-177
-252
-143
-108
39
-219
-240
-252
-71
-71
-233
-65
-232
-250
-240
54
-209
-255
-255
-110
0
-240
-231
-234
17
16
-234
-125
-245
-230
-251
-235
-192
-245
-204
-106
172
-249
-213
-211
-20
-21
-245
-101
-128
-235
-186
-82
-111
-254
-253
-110
191
-128
-238
-239
-59
-58
-243
-18
-241
-252
-241
-246
-245
-254
-251
-114
-118
-226
-246
-248
-173
-173
-170
-18
-226
-235
-161
-176
-116
-254
-254
-110
-135
-229
-227
-230
-2
-2
-239
30
-255
-255
-237
-246
-228
-245
-253
-109
114
-201
-245
-244
-186
-185
-219
53
-230
-200
-163
-248
-199
-254
-254
-110
0
-185
-232
-234
19
16
-242
-101
-248
-232
-249
-210
-230
-251
-251
-107
238
-199
-241
-242
-58
-59
-239
-77
-241
-241
-226
-233
-209
-251
-251
-115
121
-239
-216
-219
5
4
-201
-77
-246
-246
-218
-187
-138
-255
-255
-110
-42
-231
-223
-219
-43
-42
-203
-196
-104
-224
-165
-125
-4
-253
-226
-108
128
-196
-241
-241
-41
-40
-214
6
-254
-255
-238
-244
-242
-247
-231
-112
108
-206
-248
-248
14
13
-231
6
-221
-243
-234
-238
-210
-253
-234
-103
-169
-246
-237
-249
-41
-43
-158
-184
-191
-244
-147
-125
-24
-254
-254
-112
0
-205
-243
-245
-168
-167
-229
-42
-227
68
-173
-250
-182
-252
-249
-109
229
-225
-238
-240
-146
-147
-221
-6
-206
-244
-199
-210
-115
-254
-254
-111
-213
-209
-248
-249
-60
-60
-242
-65
-234
-255
-243
-241
-235
-253
-229
-109
-166
-243
-252
-252
-15
-16
-251
-77
-244
-248
-243
-240
-243
-253
-254
-113
102
-150
-224
-226
16
15
-232
-148
-238
-237
-219
-193
-164
-159
-237
-109
83
-230
-248
-249
-6
-5
-190
-148
-247
-255
-243
-252
-216
-249
-254
-109
107
-242
-238
-240
-131
-132
-232
42
-162
-139
-230
-229
-218
-249
-245
-111
-102
-110
-223
-226
-166
-166
-223
-6
-182
-195
-120
-222
-149
-253
-239
-110
0
-224
-236
-237
-41
-40
-221
-113
-251
-255
-219
-245
-237
-251
-254
-111
67
-247
-237
-239
-34
-36
-243
-172
-191
-230
-188
-222
-21
-254
-250
-108
-105
-99
-217
-221
1
-2
-251
-89
-206
-171
-239
-164
-197
-230
-241
-108
-255
-246
-241
-242
11
9
-241
-113
-236
-231
-251
-246
-250
-253
-253
-112
0
-195
-247
-248
33
33
-242
-160
-254
-223
-234
-105
-217
-207
-178
-108
-92
-229
-216
-207
-166
-167
-214
-136
-197
-226
-134
-65
188
-254
-254
-112
74
-245
-243
-245
43
44
-243
65
-254
-237
-251
-210
-57
-251
-242
-110
-117
-216
-251
-252
-130
-130
-219
-65
-222
-198
-244
-225
-220
-246
-244
-106
-18
-150
-232
-234
8
8
-228
-184
-252
-250
-239
-212
-170
-251
-251
-110
-255
-206
-220
-214
-149
-148
-239
-65
-53
38
-218
-230
165
-253
-249
-110
98
-137
-241
-242
-93
-92
-238
-172
-241
-248
-253
-214
-215
-253
-253
-109
-255
-170
-246
-239
33
33
-221
-136
-253
-248
-229
-193
-217
-254
-255
-108
-41
-133
-217
-220
6
4
-236
-113
-253
-249
-239
-235
-223
-254
-250
-109
-110
-172
-228
-231
-79
-78
-231
-42
-248
-254
-252
-199
-239
-244
-240
-125
117
-248
-206
-212
-90
-91
-224
42
21
-229
-235
-59
-15
-251
-239
-105
255
-38
-237
-227
6
4
-225
-148
-249
-236
-231
-210
-198
-254
-151
-109
135
-210
-201
-206
-67
-66
-251
-53
-228
-255
-252
-219
-247
-250
-252
-110
0
-150
-250
-251
76
74
-207
-89
-254
-208
-241
-219
-231
-245
-250
-154
-48
-186
-243
-244
-59
-59
-233
101
-247
-254
-249
-250
-252
-255
-254
-110
-208
-123
-239
-243
-12
-12
-225
-65
-240
-240
-195
-239
-157
-253
-250
113
-27
-255
-211
-202
-56
-55
-240
-136
-236
-254
-232
-212
-221
-234
-253
-110
126
-207
-245
-246
-199
-198
-181
-42
-222
-246
-215
-221
-196
-254
-252
-111
156
-96
-238
-243
47
44
-238
18
-209
-115
-225
-206
-245
-252
-233
-110
-152
-251
-246
-247
-200
-200
-195
160
-243
-189
-242
-213
-237
-238
-236
-110
-204
-138
-233
-235
-57
-56
-233
-53
-251
-253
-254
-230
-244
-225
16
-8
79
-248
-230
-231
-34
-34
-237
-89
-226
-227
-208
-184
-107
-253
-204
-110
105
-195
-241
-243
-53
-53
-226
-148
-246
-253
-199
-248
-202
-255
-252
-110
222
-133
-249
-250
61
61
-203
-125
-254
-215
-253
-242
-239
-248
-53
-109
205
-196
-237
-238
49
48
-214
-208
-247
-206
-240
-228
-237
-248
-247
-111
-154
-13
-248
-249
-55
-54
-231
-65
-246
-253
-239
-230
-241
-245
-220
-111
18
-244
-247
-247
-224
-223
-220
-53
-245
-224
-252
-198
-244
-250
-252
-110
-255
-224
-242
-245
-126
-125
-214
-18
-112
-247
-236
-114
255
-252
-253
-109
-255
-246
-250
-250
-39
-41
-236
-160
-230
-248
-197
-228
-26
-255
-255
-110
122
-250
-235
-238
10
9
-237
-53
-255
-250
-240
-251
-239
-254
-254
-110
-255
-109
-255
-255
-86
-86
-236
-89
-238
-244
-253
-204
-218
-253
-253
-109
-37
-175
-236
-238
43
42
-238
-125
-253
-237
-242
-224
-237
-251
-219
-112
50
-241
-251
-252
-23
-23
-210
-65
-243
-253
-240
-248
-236
-254
-251
-111
153
-221
-231
-228
-30
-31
-246
-160
-248
-252
-248
-239
-203
-247
-253
-107
227
-216
-115
-129
26
26
-222
-77
-246
-249
-231
-130
-85
-253
-253
-110
181
-233
-254
-254
-176
-176
-194
-18
-218
-242
-184
-147
-63
-254
-254
-112
29
-199
-238
-239
-40
-40
-232
-125
-245
-254
-239
-241
-235
-254
-247
-112
-107
-199
-252
-252
39
37
-210
-208
-228
-156
-247
-179
-250
-252
-247
-109
206
-252
-249
-250
-30
-30
-235
-148
-225
-245
-173
-231
-157
-254
-243
-102
-245
-242
-253
-253
-40
-40
-245
-53
-232
-225
-161
-221
-197
-254
-226
-109
-76
-247
-227
-240
37
37
-231
-184
-250
-238
-152
-183
-235
-240
-235
-104
154
-183
-253
-253
-119
-118
-232
-6
-240
-242
-251
-173
-177
-213
-204
-75
-116
-247
-168
-160
-56
-55
-234
-160
-121
-239
-223
-96
-189
-252
-196
-111
161
-217
-238
-238
-111
-112
-220
-6
-195
-195
-247
-240
-211
-248
-238
-110
-51
-157
-254
-254
-68
-68
-215
-255
-250
-244
-255
-251
-252
-255
-254
-110
-188
-245
-249
-249
247
247
-118
-160
-253
-251
-254
-253
-236
-251
-247
-97
255
-241
-253
-254
58
58
-225
-148
-254
-198
-253
-227
-192
-252
-250
-110
-106
-187
-168
-181
-153
-153
-204
6
-243
-153
-242
-248
-239
-252
-251
-109
118
-178
-216
-221
-153
-157
-222
-53
-191
-216
-207
-198
-149
-250
-248
-111
-123
-39
-250
-250
-26
-26
-229
-136
-251
-252
-251
-249
-214
-253
-250
-108
0
-172
-246
-247
61
61
-237
-136
-253
-244
-241
-219
-197
-253
-254
-110
-79
-200
-250
-250
-111
-113
-237
160
-171
-176
-178
-68
-95
-254
-237
-110
-154
-206
-233
-235
-56
-56
255
-255
-239
-251
-249
-246
-254
-254
-251
-114
150
-226
-254
-254
-44
-45
-237
-113
-150
-115
-114
-113
-108
-254
-238
-108
123
-193
-248
-248
-77
-77
-251
-42
-239
-251
-251
-179
-8
-255
-254
-110
-117
88
-237
-242
-28
-28
-214
-196
169
-220
-125
-177
-119
-227
-227
-85
99
-204
-248
-249
48
47
-226
-125
-253
-222
-248
-213
-244
-249
-246
-111
-70
-207
-243
-244
24
24
-242
-101
-221
-252
-225
-179
-164
-252
-253
-110
67
-250
-217
-222
19
18
-243
42
-254
-247
-228
-248
-227
-254
-254
-110
178
-250
-242
-240
-39
-40
-240
18
-173
-246
-182
-115
41
-254
-243
-105
-118
-158
-236
-237
187
186
-221
-136
-254
-209
-242
-237
-205
-252
-245
-96
194
-234
-225
-228
-57
-58
-234
-125
-244
-251
-238
-232
-213
-220
-117
-116
70
-205
-243
-244
34
35
-223
-148
-255
-252
-253
-255
-252
-254
-252
-110
-98
-227
-251
-251
-215
-215
-143
6
-244
-250
-244
11
-155
-254
-253
-110
128
-172
-240
-239
37
36
-240
18
-218
-174
-221
-203
-168
-246
-244
-109
-173
-183
-231
-233
-169
-169
-232
-77
-228
-207
-221
-206
-141
-254
-254
-110
-255
-193
-250
-250
-127
-127
-217
-6
-95
-127
-234
-169
44
-254
-253
-110
255
-232
-223
-229
39
39
-231
-196
-254
-253
-237
54
-191
-253
-253
-111
77
-198
-249
-249
149
149
-226
-125
-255
-220
-227
-243
-179
-251
-242
-104
118
-150
-251
-251
-34
-35
-225
-101
-245
-244
-189
-225
-212
-252
-253
-110
97
-179
-222
-226
51
51
-230
-136
-217
-236
-254
-245
-245
-235
-38
-109
-224
-196
-245
-246
-39
-41
-245
53
-209
-243
-210
-158
-116
-139
-183
-111
-112
-239
-241
-242
-41
-41
-229
-184
-246
-252
-210
-249
-220
-245
-254
-113
107
-237
-246
-247
10
9
-225
-77
-236
-244
-239
-232
-243
-253
-254
-114
-107
-161
-255
-255
-117
-116
-238
160
-103
-232
-254
-158
-1
-254
-252
-109
-231
-236
-245
-247
-14
-14
-242
-30
-250
-254
-249
-249
-228
-245
-254
-109
116
255
-252
-252
-9
-9
-213
-65
-238
-248
-238
-250
-190
-253
-253
-111
-79
-177
-201
-194
-21
-22
-231
-42
-240
-248
-215
-187
-157
-254
-143
-110
-107
-213
-250
-251
63
63
-232
-113
-253
-244
-244
-134
-227
-253
-253
-110
-129
-95
-250
-251
-23
-23
-206
-101
-251
-250
-245
-251
-188
-252
-248
-151
0
-181
-215
-248
-69
-68
-192
18
-249
-253
-252
-198
-241
-125
-173
-123
35
