-212
-230
-86
-85
-192
-230
-250
-244
-137
-252
-238
91
-242
-247
-182
-181
-232
-239
-237
-141
-222
-254
-254
185
-244
-249
27
24
-215
-245
-225
-236
-158
-254
-253
-87
-119
-237
-4
-5
-206
-251
-252
-216
-240
-254
-255
-27
-200
-254
44
43
-226
-255
-236
-254
-255
-251
-240
0
-185
-246
-31
-31
-234
-246
-253
-209
-209
-249
-252
-84
-209
-231
-56
-56
-238
-238
-252
-236
-224
-253
-250
51
-23
-249
-28
-29
27
-252
-254
-243
-246
-254
-254
165
-233
-250
89
89
-237
-246
-231
-249
-250
-254
-254
0
-158
-244
-91
-91
-193
-229
-250
-251
-218
-253
-251
-108
-224
-244
74
74
-227
-254
-37
-241
-186
-141
-72
0
-178
-248
-29
-31
-240
-249
-249
-245
-220
-244
-51
-151
-200
-232
-68
-67
-237
-245
-251
-244
-153
-255
-253
1
-201
-242
46
45
-195
-254
-214
-238
-170
-246
-243
-185
-232
-251
-22
-22
-230
-255
-254
-233
-247
-251
-253
111
-218
-253
14
13
-215
-253
-246
-228
-239
-254
-245
-163
-223
-249
57
57
-240
-233
-242
-235
-152
-252
-252
144
-39
-250
-11
-11
-237
-238
-243
-139
-243
-253
-252
-101
-197
-247
-59
-58
-184
-247
-255
-252
-241
-250
-233
-62
-242
-234
-231
-231
-229
-248
-196
-236
-185
-243
-244
102
-201
-240
26
26
-237
-253
-241
-249
-254
-253
-242
105
-134
-240
-77
-77
-237
-222
-244
-251
-192
-222
-86
214
-251
-236
-223
-223
-219
-240
-205
-242
-124
-246
-249
51
142
-233
-30
-30
-230
-248
-233
-245
-243
-251
-222
118
-213
-219
-19
-20
-245
-229
-248
-236
-202
-237
-249
-109
-217
-244
-53
-52
-242
-254
-254
-247
-251
-251
-252
130
-204
-244
-109
-108
-236
-163
-235
-246
61
-177
-208
122
-195
-246
27
26
-195
-226
-246
-211
-137
-252
-253
-35
-103
-248
196
195
-209
-254
-233
-233
-243
-245
-232
238
-248
-234
-25
-26
-225
-216
-245
-213
-182
-253
-253
-99
-227
-250
219
218
-229
-253
-247
-253
-253
-253
-248
-108
-238
-253
66
66
-236
-218
-189
-250
-230
-253
-255
-107
-135
-242
-95
-94
-220
-225
-244
-248
-236
-253
-252
-110
-240
-244
-49
-49
-233
-240
-252
-213
-244
-238
-253
72
-204
-254
-46
-46
-141
-247
-253
-241
-234
-251
-210
170
-246
-220
-58
-58
-228
-170
-252
-238
-175
-253
-251
255
-201
-252
81
80
-195
-212
-108
-252
-241
-215
148
0
-149
-239
50
46
-124
-245
-228
-253
-213
-239
-252
-77
-250
-252
-55
-56
-234
-176
-240
-212
-163
-254
-242
-255
124
-242
185
183
-202
-252
-206
-246
-244
-252
-249
-115
-171
-241
-73
-74
-249
-250
-253
-244
-247
-253
-251
-114
-237
-227
-111
-110
-241
-196
-249
-254
-40
-254
-253
255
-194
-255
-123
-123
-220
-129
-238
-227
-189
-244
-34
77
-203
-165
-88
-87
-241
-206
-251
-254
-211
-250
-250
255
-115
-227
-128
-131
-253
-184
-207
-169
-145
-253
-220
-138
-97
-220
-34
-35
-244
-241
-253
-232
-216
-215
-238
114
-224
-246
-188
-188
-219
-231
-239
-190
-209
-253
-166
-142
-228
-234
-205
-205
-208
-237
-205
-249
-209
-250
-243
-153
-91
-240
-128
-131
-248
-158
-209
-207
-157
-254
-237
-201
-188
-232
-91
-92
-243
-179
-223
-228
-141
-251
-252
79
-192
-239
-98
-97
-184
-223
-249
-251
-119
-228
-212
111
-158
-235
8
7
-235
-238
-234
-189
-160
-252
-143
39
-219
-252
-71
-71
-233
-232
-250
-240
54
-255
-255
0
-240
-234
17
16
-234
-245
-230
-251
-235
-245
-204
172
-249
-211
-20
-21
-245
-128
-235
-186
-82
-254
-253
191
-128
-239
-59
-58
-243
-241
-252
-241
-246
-254
-251
-118
-226
-248
-173
-173
-170
-226
-235
-161
-176
-254
-254
-135
-229
-230
-2
-2
-239
-255
-255
-237
-246
-245
-253
114
-201
-244
-186
-185
-219
-230
-200
-163
-248
-254
-254
0
-185
-234
19
16
-242
-248
-232
-249
-210
-251
-251
238
-199
-242
-58
-59
-239
-241
-241
-226
-233
-251
-251
121
-239
-219
5
4
-201
-246
-246
-218
-187
-255
-255
-42
-231
-219
-43
-42
-203
-104
-224
-165
-125
-253
-226
128
-196
-241
-41
-40
-214
-254
-255
-238
-244
-247
-231
108
-206
-248
14
13
-231
-221
-243
-234
-238
-253
-234
-169
-246
-249
-41
-43
-158
-191
-244
-147
-125
-254
-254
0
-205
-245
-168
-167
-229
-227
68
-173
-250
-252
-249
229
-225
-240
-146
-147
-221
-206
-244
-199
-210
-254
-254
-213
-209
-249
-60
-60
-242
-234
-255
-243
-241
-253
-229
-166
-243
-252
-15
-16
-251
-244
-248
-243
-240
-253
-254
102
-150
-226
16
15
-232
-238
-237
-219
-193
-159
-237
83
-230
-249
-6
-5
-190
-247
-255
-243
-252
-249
-254
107
-242
-240
-131
-132
-232
-162
-139
-230
-229
-249
-245
-102
-110
-226
-166
-166
-223
-182
-195
-120
-222
-253
-239
0
-224
-237
-41
-40
-221
-251
-255
-219
-245
-251
-254
67
-247
-239
-34
-36
-243
-191
-230
-188
-222
-254
-250
-105
-99
-221
1
-2
-251
-206
-171
-239
-164
-230
-241
-255
-246
-242
11
9
-241
-236
-231
-251
-246
-253
-253
0
-195
-248
33
33
-242
-254
-223
-234
-105
-207
-178
-92
-229
-207
-166
-167
-214
-197
-226
-134
-65
-254
-254
74
-245
-245
43
44
-243
-254
-237
-251
-210
-251
-242
-117
-216
-252
-130
-130
-219
-222
-198
-244
-225
-246
-244
-18
-150
-234
8
8
-228
-252
-250
-239
-212
-251
-251
-255
-206
-214
-149
-148
-239
-53
38
-218
-230
-253
-249
98
-137
-242
-93
-92
-238
-241
-248
-253
-214
-253
-253
-255
-170
-239
33
33
-221
-253
-248
-229
-193
-254
-255
-41
-133
-220
6
4
-236
-253
-249
-239
-235
-254
-250
-110
-172
-231
-79
-78
-231
-248
-254
-252
-199
-244
-240
117
-248
-212
-90
-91
-224
21
-229
-235
-59
-251
-239
255
-38
-227
6
4
-225
-249
-236
-231
-210
-254
-151
135
-210
-206
-67
-66
-251
-228
-255
-252
-219
-250
-252
0
-150
-251
76
74
-207
-254
-208
-241
-219
-245
-250
-48
-186
-244
-59
-59
-233
-247
-254
-249
-250
-255
-254
-208
-123
-243
-12
-12
-225
-240
-240
-195
-239
-253
-250
-27
-255
-202
-56
-55
-240
-236
-254
-232
-212
-234
-253
126
-207
-246
-199
-198
-181
-222
-246
-215
-221
-254
-252
156
-96
-243
47
44
-238
-209
-115
-225
-206
-252
-233
-152
-251
-247
-200
-200
-195
-243
-189
-242
-213
-238
-236
-204
-138
-235
-57
-56
-233
-251
-253
-254
-230
-225
16
79
-248
-231
-34
-34
-237
-226
-227
-208
-184
-253
-204
105
-195
-243
-53
-53
-226
-246
-253
-199
-248
-255
-252
222
-133
-250
61
61
-203
-254
-215
-253
-242
-248
-53
205
-196
-238
49
48
-214
-247
-206
-240
-228
-248
-247
-154
-13
-249
-55
-54
-231
-246
-253
-239
-230
-245
-220
18
-244
-247
-224
-223
-220
-245
-224
-252
-198
-250
-252
-255
-224
-245
-126
-125
-214
-112
-247
-236
-114
-252
-253
-255
-246
-250
-39
-41
-236
-230
-248
-197
-228
-255
-255
122
-250
-238
10
9
-237
-255
-250
-240
-251
-254
-254
-255
-109
-255
-86
-86
-236
-238
-244
-253
-204
-253
-253
-37
-175
-238
43
42
-238
-253
-237
-242
-224
-251
-219
50
-241
-252
-23
-23
-210
-243
-253
-240
-248
-254
-251
153
-221
-228
-30
-31
-246
-248
-252
-248
-239
-247
-253
227
-216
-129
26
26
-222
-246
-249
-231
-130
-253
-253
181
-233
-254
-176
-176
-194
-218
-242
-184
-147
-254
-254
29
-199
-239
-40
-40
-232
-245
-254
-239
-241
-254
-247
-107
-199
-252
39
37
-210
-228
-156
-247
-179
-252
-247
206
-252
-250
-30
-30
-235
-225
-245
-173
-231
-254
-243
-245
-242
-253
-40
-40
-245
-232
-225
-161
-221
-254
-226
-76
-247
-240
37
37
-231
-250
-238
-152
-183
-240
-235
154
-183
-253
-119
-118
-232
-240
-242
-251
-173
-213
-204
-116
-247
-160
-56
-55
-234
-121
-239
-223
-96
-252
-196
161
-217
-238
-111
-112
-220
-195
-195
-247
-240
-248
-238
-51
-157
-254
-68
-68
-215
-250
-244
-255
-251
-255
-254
-188
-245
-249
247
247
-118
-253
-251
-254
-253
-251
-247
255
-241
-254
58
58
-225
-254
-198
-253
-227
-252
-250
-106
-187
-181
-153
-153
-204
-243
-153
-242
-248
-252
-251
118
-178
-221
-153
-157
-222
-191
-216
-207
-198
-250
-248
-123
-39
-250
-26
-26
-229
-251
-252
-251
-249
-253
-250
0
-172
-247
61
61
-237
-253
-244
-241
-219
-253
-254
-79
-200
-250
-111
-113
-237
-171
-176
-178
-68
-254
-237
-154
-206
-235
-56
-56
255
-239
-251
-249
-246
-254
-251
150
-226
-254
-44
-45
-237
-150
-115
-114
-113
-254
-238
123
-193
-248
-77
-77
-251
-239
-251
-251
-179
-255
-254
-117
88
-242
-28
-28
-214
169
-220
-125
-177
-227
-227
99
-204
-249
48
47
-226
-253
-222
-248
-213
-249
-246
-70
-207
-244
24
24
-242
-221
-252
-225
-179
-252
-253
67
-250
-222
19
18
-243
-254
-247
-228
-248
-254
-254
178
-250
-240
-39
-40
-240
-173
-246
-182
-115
-254
-243
-118
-158
-237
187
186
-221
-254
-209
-242
-237
-252
-245
194
-234
-228
-57
-58
-234
-244
-251
-238
-232
-220
-117
70
-205
-244
34
35
-223
-255
-252
-253
-255
-254
-252
-98
-227
-251
-215
-215
-143
-244
-250
-244
11
-254
-253
128
-172
-239
37
36
-240
-218
-174
-221
-203
-246
-244
-173
-183
-233
-169
-169
-232
-228
-207
-221
-206
-254
-254
-255
-193
-250
-127
-127
-217
-95
-127
-234
-169
-254
-253
255
-232
-229
39
39
-231
-254
-253
-237
54
-253
-253
77
-198
-249
149
149
-226
-255
-220
-227
-243
-251
-242
118
-150
-251
-34
-35
-225
-245
-244
-189
-225
-252
-253
97
-179
-226
51
51
-230
-217
-236
-254
-245
-235
-38
-224
-196
-246
-39
-41
-245
-209
-243
-210
-158
-139
-183
-112
-239
-242
-41
-41
-229
-246
-252
-210
-249
-245
-254
107
-237
-247
10
9
-225
-236
-244
-239
-232
-253
-254
-107
-161
-255
-117
-116
-238
-103
-232
-254
-158
-254
-252
-231
-236
-247
-14
-14
-242
-250
-254
-249
-249
-245
-254
116
255
-252
-9
-9
-213
-238
-248
-238
-250
-253
-253
-79
-177
-194
-21
-22
-231
-240
-248
-215
-187
-254
-143
-107
-213
-251
63
63
-232
-253
-244
-244
-134
-253
-253
-129
-95
-251
-23
-23
-206
-251
-250
-245
-251
-252
-248
0
-181
-248
-69
-68
-192
-249
-253
-252
-198
-125
-173
35
