-242
-254
-41
-166
-251
0
-193
-254
0
-186
-254
0
-254
-254
0
-240
-252
0
-255
-255
0
-242
-254
0
-228
-253
-51
-246
-254
60
-246
-253
0
-225
-255
0
-237
-240
86
-232
-255
44
-234
-253
-3
-234
-255
-25
-238
-250
0
-222
-255
25
-242
-254
-43
-210
-255
0
-250
-254
32
-247
-253
34
-249
-252
0
-221
-254
36
-253
-255
-35
-243
-254
25
-245
-255
0
-252
-254
-8
-199
-254
-37
-204
-255
6
-244
-254
56
-226
-254
-37
-244
-254
-48
-245
-255
0
-243
-255
-6
-233
-252
51
-231
-254
-51
-253
-254
0
-249
-254
0
-252
-254
-27
-251
-253
0
-243
-255
0
-221
-252
-48
-252
-255
0
-238
-254
-8
-232
-253
-4
-216
-253
0
-249
-254
-60
-249
-254
0
-247
-254
0
-244
-254
-8
-232
-255
-8
-244
-251
0
-227
-255
43
-231
-255
30
-245
-198
54
-242
-254
-51
-244
-229
-10
-229
-255
0
-249
-253
-10
-206
-255
1
-241
-255
-11
-230
-247
-6
-244
-254
0
-198
-255
44
-235
-255
0
-239
-255
114
-217
-255
0
-249
-253
65
-243
-219
-10
-224
-255
0
-222
-254
48
-235
-254
-36
-209
-255
35
-144
-255
81
-183
-254
46
-241
-252
0
-218
-254
-48
-232
-255
-11
-253
-254
-43
-251
-254
-30
-254
-255
73
-246
-254
72
-243
-254
-70
-229
-255
0
-238
-252
67
-244
-254
58
-245
-254
67
-248
-254
51
-227
-254
39
-255
-255
-3
-240
-255
57
-248
-208
56
-183
-254
60
-253
-254
75
-227
-254
0
-245
95
-118
-249
-218
42
-245
-255
65
-254
-254
-1
-253
-255
68
-248
-226
-122
-250
-254
22
-237
-255
46
-234
-253
82
-224
-254
60
-235
-255
76
-243
-255
58
-241
-255
-123
-220
-254
63
-221
-254
80
-203
-252
77
-251
-255
-126
-244
-254
73
-248
-255
51
-248
-253
41
-251
-254
58
-241
-255
79
-233
-254
-6
-247
-255
-124
-240
-253
18
-246
-255
-123
-238
-255
69
-237
-254
48
-253
-255
-130
-245
-255
-100
-252
255
-120
-243
-250
57
-229
-255
0
-245
-254
48
-254
-255
-131
-255
-255
73
-249
-255
0
-246
-255
72
-241
-253
-113
-239
-255
56
-235
-254
29
-251
-254
-134
-183
-253
55
-248
-254
58
-220
-255
58
-249
-255
68
-187
-251
50
-254
-253
0
-237
-255
81
-243
-255
51
-248
-250
-79
-227
-255
34
-233
-254
51
-242
-254
16
-253
-254
67
-244
-254
-72
-219
-254
84
-254
-254
60
-254
-254
73
-249
-254
0
-254
-255
-121
-227
-254
58
-246
-255
-51
-250
-255
68
-238
-255
67
-247
-255
67
-226
-255
84
