-8773
5871
-14262
11910
-10166
-5609
-15420
-1733
-16353
0
-13431
-5424
-14390
3299
-15781
10607
-16074
0
-13979
-6942
-11935
0
-14136
-9719
-9835
56
-10939
-11910
-15881
7101
-15333
-10496
-9793
9274
-15638
-6497
-15463
-3970
-11883
6553
-16308
6766
-12305
13717
-7977
3277
-15600
7608
-12981
-6989
-16134
8331
3950
7831
-8775
-2277
-15584
15272
-11688
-6387
-16281
-6942
-14776
-6878
-15160
-7053
-15647
4641
-15062
10903
-11250
16383
-15477
0
-13712
-4976
-10449
-16383
-15698
-7386
-15872
-7325
-2580
16383
-12171
4943
-13549
16383
-9330
-8890
-13850
7325
-13422
-9114
-13416
-9830
-10103
-12916
-9036
5054
-7664
7101
-10310
2516
3460
0
-15113
11052
-5288
12273
-15783
-7608
-11306
-8667
-15804
7325
-15924
0
-13461
15272
-14938
7772
-12021
-2721
-8051
8219
-15652
6942
-15273
-10830
-8053
0
-16086
14705
-13518
-13699
-15483
-10680
-15392
6553
-12423
5312
-16216
6878
-14685
-6553
-14241
0
-15743
4305
-14245
-6720
-10542
-16383
-15787
0
-6726
-5942
-4170
4753
-13480
-7497
-14427
-1166
-13649
-16383
-14785
6319
-13765
-16383
-12396
-2628
-15103
-7053
-12770
7548
-3761
16383
-13479
8667
-14057
0
-14094
-3075
-16092
-13384
-15331
-1721
-13622
8108
-14224
10009
-13231
-9785
-13704
-13106
-14764
5054
-11850
6766
-15943
14258
-15519
13140
-14658
-9897
-14771
1166
-12738
-16383
-7345
-16383
-14629
7831
-16097
-16383
-13136
-2388
-14369
3187
-15935
9830
-15326
14594
-8335
11607
-9431
1845
-15509
-6878
-11531
13252
-14869
-15717
-14207
-4865
-11761
9897
-11123
-7437
-6155
10344
-15443
-3277
-16127
-12051
-16249
16383
-14598
-6831
-15913
7608
-12736
-7884
-16021
0
-14044
-5054
-4390
-9897
-15812
9608
-7258
7884
-11472
-7548
-11340
6387
-13690
-4529
-11497
4276
-15913
11462
-7408
-7608
-15243
12495
-14893
4498
-16360
-6319
738
8219
-13047
-11127
-13246
-16383
-10861
16383
3458
4943
-15581
7608
-14456
6207
-15711
-14370
-10170
-7213
-16021
6878
-14932
-6878
-10121
-14817
-15985
7437
-16053
-5054
-11984
-6878
-8578
-8275
-16109
0
-12743
2277
