-212
-45
47
-228
-230
-172
-52
-86
-85
-192
-113
-230
-250
-206
-244
-249
-137
-204
-228
-252
-238
-110
-124
91
-242
100
111
-248
-247
29
-83
-182
-181
-232
-125
-239
-237
-254
-141
-186
-222
-148
-178
-254
-254
-111
-130
185
-244
83
-75
-248
-249
-150
-63
27
24
-215
-184
-245
-225
-242
-236
-236
-158
-55
-159
-254
-253
-110
106
-87
-119
3
-202
-227
-237
198
-99
-4
-5
-206
-172
-251
-252
-242
-216
-234
-240
-218
-210
-254
-255
-109
-81
-27
-200
-80
-66
-253
-254
-167
-52
44
43
-226
-125
-255
-236
-253
-254
-254
-255
-252
-245
-251
-240
-110
-93
0
-185
3
171
-248
-246
45
-80
-31
-31
-234
30
-246
-253
-235
-209
-180
-209
-145
-84
-249
-252
-110
41
-84
-209
-8
213
-223
-231
64
-70
-56
-56
-238
6
-238
-252
-226
-236
-179
-224
-198
-230
-253
-250
-115
-116
51
-23
-42
53
-249
-249
-134
-82
-28
-29
27
-255
-252
-254
-251
-243
-250
-246
-245
-238
-254
-254
-108
118
165
-233
78
-122
-249
-250
-28
-36
89
89
-237
-89
-246
-231
-243
-249
-245
-250
-249
-254
-254
-254
-110
69
0
-158
-168
222
-245
-244
-124
-54
-91
-91
-193
-101
-229
-250
-230
-251
-251
-218
-220
-245
-253
-251
-115
-124
-108
-224
-186
154
-241
-244
-54
-58
74
74
-227
-6
-254
-37
-210
-241
-224
-186
-88
-223
-141
-72
-110
0
0
-178
-40
151
-248
-248
-24
-57
-29
-31
-240
77
-249
-249
-241
-245
-225
-220
-207
-213
-244
-51
-107
115
-151
-200
151
155
-230
-232
-218
-46
-68
-67
-237
18
-245
-251
-142
-244
-109
-153
-140
-181
-255
-253
-110
105
1
-201
-104
156
-241
-242
48
-59
46
45
-195
-148
-254
-214
-242
-238
-226
-170
-112
-232
-246
-243
-110
137
-185
-232
45
149
-250
-251
-109
-18
-22
-22
-230
30
-255
-254
-252
-233
-220
-247
-243
-232
-251
-253
-109
-126
111
-218
-92
222
-252
-253
-183
-51
14
13
-215
-18
-253
-246
-251
-228
-228
-239
-219
-230
-254
-245
-108
-115
-163
-223
-5
74
-248
-249
-172
-95
57
57
-240
-30
-233
-242
-247
-235
-226
-152
-61
-219
-252
-252
-109
-137
144
-39
-95
247
-245
-250
-39
-38
-11
-11
-237
113
-238
-243
-232
-139
-124
-243
-223
-187
-253
-252
-96
86
-101
-197
-93
19
-246
-247
-159
-58
-59
-58
-184
-136
-247
-255
-236
-252
-218
-241
-244
-241
-250
-233
-108
90
-62
-242
151
152
-232
-234
180
-60
-231
-231
-229
208
-248
-196
-251
-236
-235
-185
-116
-154
-243
-244
-111
-51
102
-201
-139
232
-231
-240
-64
-64
26
26
-237
-125
-253
-241
-253
-249
-252
-254
-253
-243
-253
-242
-110
-215
105
-134
-55
47
-239
-240
-52
-44
-77
-77
-237
-6
-222
-244
-209
-251
-189
-192
-187
-130
-222
-86
-66
-11
214
-251
-89
220
-238
-236
43
-57
-223
-223
-219
125
-240
-205
-252
-242
-194
-124
-130
-187
-246
-249
-109
-102
51
142
255
-70
-231
-233
38
-32
-30
-30
-230
-101
-248
-233
-249
-245
-248
-243
-224
-186
-251
-222
-98
115
118
-213
82
-129
-215
-219
212
-28
-19
-20
-245
-113
-229
-248
-244
-236
-217
-202
-181
-183
-237
-249
-110
255
-109
-217
-25
160
-243
-244
-84
-59
-53
-52
-242
42
-254
-254
-206
-247
-214
-251
-252
-253
-251
-252
-110
-161
130
-204
-139
240
-238
-244
-126
-65
-109
-108
-236
-89
-163
-235
-207
-246
-234
61
12
216
-177
-208
-108
0
122
-195
33
161
-243
-246
-52
-82
27
26
-195
-125
-226
-246
-247
-211
-210
-137
-79
-82
-252
-253
-110
-77
-35
-103
18
160
-247
-248
-45
-40
196
195
-209
-113
-254
-233
-235
-233
-248
-243
-222
-214
-245
-232
-78
-132
238
-248
27
234
-250
-234
-127
-62
-25
-26
-225
-42
-216
-245
-232
-213
-114
-182
-99
-18
-253
-253
-91
-188
-99
-227
37
-89
-250
-250
-35
-10
219
218
-229
-160
-253
-247
-249
-253
-255
-253
-248
-245
-253
-248
-109
-58
-108
-238
32
245
-253
-253
-7
-60
66
66
-236
101
-218
-189
-246
-250
-234
-230
-233
-248
-253
-255
-111
0
-107
-135
-172
154
-239
-242
-30
-62
-95
-94
-220
-77
-225
-244
-244
-248
-245
-236
-218
-246
-253
-252
-116
-113
-110
-240
-162
26
-242
-244
56
-62
-49
-49
-233
-53
-240
-252
-242
-213
-216
-244
-217
-231
-238
-253
-114
97
72
-204
-44
246
-254
-254
-150
-50
-46
-46
-141
-219
-247
-253
-246
-241
-153
-234
-239
-247
-251
-210
-112
-77
170
-246
13
245
-223
-220
-127
-87
-58
-58
-228
-89
-170
-252
-183
-238
-43
-175
-182
-209
-253
-251
-109
105
255
-201
-94
246
-236
-252
-107
-59
81
80
-195
-172
-212
-108
-226
-252
-250
-241
-214
-213
-215
148
-108
0
0
-149
-125
-58
-238
-239
20
-55
50
46
-124
-255
-245
-228
-224
-253
-229
-213
-200
-240
-239
-252
-110
130
-77
-250
86
-119
-252
-252
-181
-27
-55
-56
-234
-89
-176
-240
-232
-212
-213
-163
-88
-202
-254
-242
-105
184
-255
124
-81
-121
-241
-242
-102
-74
185
183
-202
-184
-252
-206
-209
-246
-244
-244
-238
-206
-252
-249
-103
-137
-115
-171
93
-70
-240
-241
-78
-33
-73
-74
-249
-30
-250
-253
-234
-244
-234
-247
-246
-244
-253
-251
-111
236
-114
-237
-51
53
-225
-227
-97
-34
-111
-110
-241
18
-196
-249
-227
-254
-252
-40
243
31
-254
-253
-110
-255
255
-194
4
9
-255
-255
-152
-33
-123
-123
-220
-42
-129
-238
-251
-227
-223
-189
-104
-16
-244
-34
-110
139
77
-203
105
57
-156
-165
229
-73
-88
-87
-241
-30
-206
-251
-139
-254
-250
-211
-239
-232
-250
-250
-110
-4
255
-115
-12
-125
-224
-227
56
-66
-128
-131
-253
30
-184
-207
-224
-169
-55
-145
-133
-199
-253
-220
-111
178
-138
-97
35
143
-215
-220
-115
-61
-34
-35
-244
42
-241
-253
-242
-232
-192
-216
-206
-222
-215
-238
-113
98
114
-224
63
220
-230
-246
-186
-36
-188
-188
-219
77
-231
-239
-251
-190
-73
-209
-151
-29
-253
-166
-111
74
-142
-228
155
-136
-232
-234
-181
-4
-205
-205
-208
-30
-237
-205
-251
-249
-239
-209
-219
-231
-250
-243
-112
-51
-153
-91
31
-67
-239
-240
-168
-51
-128
-131
-248
-18
-158
-209
-212
-207
-173
-157
-25
-136
-254
-237
-110
191
-201
-188
16
-48
-230
-232
30
-91
-91
-92
-243
-53
-179
-223
-225
-228
-211
-141
-166
-166
-251
-252
-109
-89
79
-192
-3
216
-241
-239
-62
-85
-98
-97
-184
-184
-223
-249
-181
-251
-252
-119
-106
-232
-228
-212
-90
-8
111
-158
-112
232
-236
-235
10
-58
8
7
-235
-148
-238
-234
-223
-189
-207
-160
-184
-177
-252
-143
-108
-55
39
-219
-79
248
-240
-252
-62
-58
-71
-71
-233
-65
-232
-250
-178
-240
-148
54
-87
-209
-255
-255
-110
-114
0
-240
135
-80
-231
-234
87
1
17
16
-234
-125
-245
-230
-246
-251
-253
-235
-227
-192
-245
-204
-106
0
172
-249
43
129
-213
-211
-61
11
-20
-21
-245
-101
-128
-235
-236
-186
-80
-82
174
-111
-254
-253
-110
91
191
-128
-141
24
-238
-239
-86
-59
-59
-58
-243
-18
-241
-252
-245
-241
-222
-246
-246
-245
-254
-251
-114
-106
-118
-226
39
112
-246
-248
-7
-96
-173
-173
-170
-18
-226
-235
-251
-161
-118
-176
-103
-116
-254
-254
-110
74
-135
-229
7
128
-227
-230
-20
-70
-2
-2
-239
30
-255
-255
-254
-237
-237
-246
-237
-228
-245
-253
-109
-119
114
-201
9
193
-245
-244
-107
-65
-186
-185
-219
53
-230
-200
-253
-163
-120
-248
-233
-199
-254
-254
-110
0
0
-185
16
91
-232
-234
-86
-56
19
16
-242
-101
-248
-232
-237
-249
-234
-210
-223
-230
-251
-251
-107
115
238
-199
55
159
-241
-242
-129
-59
-58
-59
-239
-77
-241
-241
-233
-226
-220
-233
-233
-209
-251
-251
-115
83
121
-239
107
-73
-216
-219
106
-55
5
4
-201
-77
-246
-246
-245
-218
-217
-187
-169
-138
-255
-255
-110
58
-42
-231
32
242
-223
-219
-57
-50
-43
-42
-203
-196
-104
-224
-179
-165
255
-125
-140
-4
-253
-226
-108
81
128
-196
-156
95
-241
-241
-113
-57
-41
-40
-214
6
-254
-255
-247
-238
-143
-244
-232
-242
-247
-231
-112
15
108
-206
-29
248
-248
-248
-192
-58
14
13
-231
6
-221
-243
-250
-234
-229
-238
-208
-210
-253
-234
-103
148
-169
-246
35
232
-237
-249
-214
-58
-41
-43
-158
-184
-191
-244
-217
-147
-73
-125
1
-24
-254
-254
-112
-72
0
-205
-50
-28
-243
-245
-22
-64
-168
-167
-229
-42
-227
68
-254
-173
-230
-250
-243
-182
-252
-249
-109
-130
229
-225
26
-119
-238
-240
-77
-103
-146
-147
-221
-6
-206
-244
-249
-199
-190
-210
-181
-115
-254
-254
-111
123
-213
-209
135
-71
-248
-249
26
-79
-60
-60
-242
-65
-234
-255
-226
-243
-186
-241
-219
-235
-253
-229
-109
159
-166
-243
-20
139
-252
-252
-144
-75
-15
-16
-251
-77
-244
-248
-236
-243
-245
-240
-231
-243
-253
-254
-113
-204
102
-150
-28
42
-224
-226
23
-77
16
15
-232
-148
-238
-237
-232
-219
-235
-193
-148
-164
-159
-237
-109
44
83
-230
15
-76
-248
-249
-125
-107
-6
-5
-190
-148
-247
-255
-255
-243
-247
-252
-244
-216
-249
-254
-109
-133
107
-242
-22
24
-238
-240
-27
-71
-131
-132
-232
42
-162
-139
-234
-230
-224
-229
-225
-218
-249
-245
-111
-153
-102
-110
108
-78
-223
-226
34
-84
-166
-166
-223
-6
-182
-195
-236
-120
-9
-222
-144
-149
-253
-239
-110
107
0
-224
-207
54
-236
-237
-7
-57
-41
-40
-221
-113
-251
-255
-244
-219
-191
-245
-235
-237
-251
-254
-111
-222
67
-247
-6
-79
-237
-239
-47
-41
-34
-36
-243
-172
-191
-230
-247
-188
-205
-222
-123
-21
-254
-250
-108
106
-105
-99
24
-77
-217
-221
147
-61
1
-2
-251
-89
-206
-171
-224
-239
-227
-164
-138
-197
-230
-241
-108
180
-255
-246
-94
-132
-241
-242
-61
-75
11
9
-241
-113
-236
-231
-253
-251
-249
-246
-234
-250
-253
-253
-112
0
0
-195
-1
-149
-247
-248
-112
22
33
33
-242
-160
-254
-223
-240
-234
-211
-105
-176
-217
-207
-178
-108
70
-92
-229
-61
240
-216
-207
-98
36
-166
-167
-214
-136
-197
-226
-250
-134
-65
-65
137
188
-254
-254
-112
0
74
-245
93
176
-243
-245
-27
-88
43
44
-243
65
-254
-237
-253
-251
-254
-210
-191
-57
-251
-242
-110
87
-117
-216
23
25
-251
-252
-167
-20
-130
-130
-219
-65
-222
-198
-238
-244
-247
-225
-194
-220
-246
-244
-106
0
-18
-150
-72
-137
-232
-234
134
-63
8
8
-228
-184
-252
-250
-246
-239
-227
-212
-229
-170
-251
-251
-110
151
-255
-206
128
146
-220
-214
46
10
-149
-148
-239
-65
-53
38
-252
-218
-245
-230
-198
165
-253
-249
-110
-8
98
-137
19
-135
-241
-242
66
-22
-93
-92
-238
-172
-241
-248
-113
-253
-246
-214
-152
-215
-253
-253
-109
0
-255
-170
-14
-98
-246
-239
45
-65
33
33
-221
-136
-253
-248
-251
-229
-231
-193
-114
-217
-254
-255
-108
119
-41
-133
-51
-128
-217
-220
18
-65
6
4
-236
-113
-253
-249
-252
-239
-237
-235
-227
-223
-254
-250
-109
96
-110
-172
-52
-30
-228
-231
-97
-64
-79
-78
-231
-42
-248
-254
-224
-252
-231
-199
-230
-239
-244
-240
-125
98
117
-248
105
69
-206
-212
153
-21
-90
-91
-224
42
21
-229
-219
-235
-202
-59
115
-15
-251
-239
-105
112
255
-38
-91
-198
-237
-227
159
-59
6
4
-225
-148
-249
-236
-242
-231
-207
-210
-176
-198
-254
-151
-109
36
135
-210
18
-90
-201
-206
37
-70
-67
-66
-251
-53
-228
-255
-226
-252
-168
-219
-230
-247
-250
-252
-110
-255
0
-150
-101
161
-250
-251
-60
-59
76
74
-207
-89
-254
-208
-187
-241
-207
-219
-225
-231
-245
-250
-154
178
-48
-186
-182
-54
-243
-244
-31
-55
-59
-59
-233
101
-247
-254
-247
-249
-226
-250
-251
-252
-255
-254
-110
102
-208
-123
-93
155
-239
-243
-71
-58
-12
-12
-225
-65
-240
-240
-240
-195
-194
-239
-243
-157
-253
-250
113
65
-27
-255
-247
151
-211
-202
-14
-69
-56
-55
-240
-136
-236
-254
-235
-232
-170
-212
-236
-221
-234
-253
-110
-232
126
-207
62
-103
-245
-246
-102
-26
-199
-198
-181
-42
-222
-246
-253
-215
-94
-221
-234
-196
-254
-252
-111
69
156
-96
-85
219
-238
-243
-130
-55
47
44
-238
18
-209
-115
-195
-225
-213
-206
-215
-245
-252
-233
-110
-137
-152
-251
-36
-53
-246
-247
68
-46
-200
-200
-195
160
-243
-189
-253
-242
-230
-213
-209
-237
-238
-236
-110
-102
-204
-138
-66
-76
-233
-235
-125
33
-57
-56
-233
-53
-251
-253
-217
-254
-211
-230
-219
-244
-225
16
-8
79
79
-248
-66
-32
-230
-231
-86
-59
-34
-34
-237
-89
-226
-227
-126
-208
3
-184
-198
-107
-253
-204
-110
-83
105
-195
33
-25
-241
-243
74
-51
-53
-53
-226
-148
-246
-253
-248
-199
-94
-248
-228
-202
-255
-252
-110
-135
222
-133
9
99
-249
-250
-119
-74
61
61
-203
-125
-254
-215
-248
-253
-253
-242
-246
-239
-248
-53
-109
109
205
-196
-81
26
-237
-238
27
-59
49
48
-214
-208
-247
-206
-245
-240
-235
-228
-188
-237
-248
-247
-111
255
-154
-13
-87
-28
-248
-249
-140
-68
-55
-54
-231
-65
-246
-253
-214
-239
-190
-230
-222
-241
-245
-220
-111
0
18
-244
157
-130
-247
-247
34
-78
-224
-223
-220
-53
-245
-224
-254
-252
-236
-198
-179
-244
-250
-252
-110
-102
-255
-224
-71
150
-242
-245
-187
-55
-126
-125
-214
-18
-112
-247
-248
-236
-251
-114
31
255
-252
-253
-109
155
-255
-246
21
-72
-250
-250
-198
-39
-39
-41
-236
-160
-230
-248
-240
-197
-178
-228
-112
-26
-255
-255
-110
48
122
-250
8
-133
-235
-238
29
-61
10
9
-237
-53
-255
-250
-251
-240
-229
-251
-248
-239
-254
-254
-110
57
-255
-109
-89
-116
-255
-255
-95
-85
-86
-86
-236
-89
-238
-244
-230
-253
-238
-204
-179
-218
-253
-253
-109
23
-37
-175
-123
-133
-236
-238
-20
-83
43
42
-238
-125
-253
-237
-226
-242
-217
-224
-196
-237
-251
-219
-112
97
50
-241
56
94
-251
-252
-14
-22
-23
-23
-210
-65
-243
-253
-250
-240
-232
-248
-250
-236
-254
-251
-111
102
153
-221
-31
123
-231
-228
-95
-58
-30
-31
-246
-160
-248
-252
-253
-248
-236
-239
-218
-203
-247
-253
-107
-126
227
-216
52
-52
-115
-129
-109
-203
26
26
-222
-77
-246
-249
-245
-231
-217
-130
-121
-85
-253
-253
-110
-91
181
-233
26
54
-254
-254
-24
9
-176
-176
-194
-18
-218
-242
-252
-184
-121
-147
-177
-63
-254
-254
-112
-126
29
-199
-56
-121
-238
-239
-22
-62
-40
-40
-232
-125
-245
-254
-241
-239
-211
-241
-244
-235
-254
-247
-112
111
-107
-199
-70
56
-252
-252
-131
-53
39
37
-210
-208
-228
-156
-244
-247
-231
-179
-220
-250
-252
-247
-109
156
206
-252
110
-133
-249
-250
-59
-177
-30
-30
-235
-148
-225
-245
-246
-173
-210
-231
-144
-157
-254
-243
-102
125
-245
-242
96
-126
-253
-253
-42
-8
-40
-40
-245
-53
-232
-225
-183
-161
-106
-221
-214
-197
-254
-226
-109
93
-76
-247
-202
237
-227
-240
-23
-52
37
37
-231
-184
-250
-238
-234
-152
-196
-183
-155
-235
-240
-235
-104
86
154
-183
-7
155
-253
-253
-172
-72
-119
-118
-232
-6
-240
-242
-248
-251
-251
-173
-192
-177
-213
-204
-75
98
-116
-247
11
116
-168
-160
-140
-60
-56
-55
-234
-160
-121
-239
-137
-223
154
-96
74
-189
-252
-196
-111
-196
161
-217
32
123
-238
-238
-103
-63
-111
-112
-220
-6
-195
-195
-232
-247
-249
-240
-195
-211
-248
-238
-110
-102
-51
-157
-125
-132
-254
-254
-75
41
-68
-68
-215
-255
-250
-244
-251
-255
-218
-251
-251
-252
-255
-254
-110
194
-188
-245
62
46
-249
-249
-133
-132
247
247
-118
-160
-253
-251
-250
-254
-255
-253
-250
-236
-251
-247
-97
-255
255
-241
23
-132
-253
-254
-158
27
58
58
-225
-148
-254
-198
-253
-253
-254
-227
-231
-192
-252
-250
-110
39
-106
-187
123
-94
-168
-181
113
-4
-153
-153
-204
6
-243
-153
-249
-242
-238
-248
-226
-239
-252
-251
-109
115
118
-178
61
-147
-216
-221
-82
-24
-153
-157
-222
-53
-191
-216
-232
-207
-205
-198
-72
-149
-250
-248
-111
79
-123
-39
-46
-70
-250
-250
-52
-57
-26
-26
-229
-136
-251
-252
-254
-251
-252
-249
-244
-214
-253
-250
-108
0
0
-172
26
-186
-246
-247
-101
-130
61
61
-237
-136
-253
-244
-249
-241
-218
-219
-218
-197
-253
-254
-110
30
-79
-200
-3
-64
-250
-250
-95
-25
-111
-113
-237
160
-171
-176
-195
-178
-150
-68
-102
-95
-254
-237
-110
81
-154
-206
-162
52
-233
-235
54
-59
-56
-56
255
-255
-239
-251
-244
-249
-215
-246
-252
-254
-254
-251
-114
-144
150
-226
69
37
-254
-254
5
-177
-44
-45
-237
-113
-150
-115
-82
-114
-191
-113
-108
-108
-254
-238
-108
-98
123
-193
-70
-132
-248
-248
16
191
-77
-77
-251
-42
-239
-251
-219
-251
-138
-179
-174
-8
-255
-254
-110
8
-117
88
-141
250
-237
-242
-83
-62
-28
-28
-214
-196
169
-220
-240
-125
-116
-177
-200
-119
-227
-227
-85
0
99
-204
-157
-70
-248
-249
-108
-67
48
47
-226
-125
-253
-222
-249
-248
-250
-213
-211
-244
-249
-246
-111
76
-70
-207
48
-46
-243
-244
-158
-66
24
24
-242
-101
-221
-252
-251
-225
-227
-179
-109
-164
-252
-253
-110
-181
67
-250
99
148
-217
-222
59
-60
19
18
-243
42
-254
-247
-250
-228
-227
-248
-236
-227
-254
-254
-110
154
178
-250
-8
220
-242
-240
-78
-66
-39
-40
-240
18
-173
-246
-225
-182
-128
-115
-77
41
-254
-243
-105
-105
-118
-158
78
44
-236
-237
-21
-56
187
186
-221
-136
-254
-209
-246
-242
-253
-237
-217
-205
-252
-245
-96
-158
194
-234
-164
-78
-225
-228
-147
-51
-57
-58
-234
-125
-244
-251
-228
-238
-203
-232
-207
-213
-220
-117
-116
49
70
-205
-53
-140
-243
-244
-116
-87
34
35
-223
-148
-255
-252
-255
-253
-255
-255
-255
-252
-254
-252
-110
22
-98
-227
119
26
-251
-251
-97
-62
-215
-215
-143
6
-244
-250
-254
-244
-143
11
56
-155
-254
-253
-110
72
128
-172
-17
245
-240
-239
36
-57
37
36
-240
18
-218
-174
-217
-221
-192
-203
-71
-168
-246
-244
-109
119
-173
-183
90
-157
-231
-233
-120
0
-169
-169
-232
-77
-228
-207
-253
-221
-229
-206
-195
-141
-254
-254
-110
0
-255
-193
7
153
-250
-250
-47
-67
-127
-127
-217
-6
-95
-127
-232
-234
-227
-169
57
44
-254
-253
-110
95
255
-232
29
115
-223
-229
-39
-60
39
39
-231
-196
-254
-253
-250
-237
-201
54
-22
-191
-253
-253
-111
-77
77
-198
-55
-23
-249
-249
-15
-81
149
149
-226
-125
-255
-220
-213
-227
-244
-243
-237
-179
-251
-242
-104
-165
118
-150
14
-97
-251
-251
208
-57
-34
-35
-225
-101
-245
-244
-227
-189
-176
-225
-191
-212
-252
-253
-110
-88
97
-179
70
-142
-222
-226
100
-35
51
51
-230
-136
-217
-236
-252
-254
-252
-245
-244
-245
-235
-38
-109
128
-224
-196
-16
215
-245
-246
4
-59
-39
-41
-245
53
-209
-243
-228
-210
-193
-158
-146
-116
-139
-183
-111
91
-112
-239
-75
-26
-241
-242
29
-68
-41
-41
-229
-184
-246
-252
-248
-210
-224
-249
-242
-220
-245
-254
-113
-198
107
-237
56
142
-246
-247
17
-72
10
9
-225
-77
-236
-244
-253
-239
-244
-232
-233
-243
-253
-254
-114
-70
-107
-161
15
-52
-255
-255
-112
-59
-117
-116
-238
160
-103
-232
-229
-254
-252
-158
12
-1
-254
-252
-109
-231
-231
-236
-69
26
-245
-247
-101
-62
-14
-14
-242
-30
-250
-254
-252
-249
-237
-249
-239
-228
-245
-254
-109
-104
116
255
-157
223
-252
-252
-135
-60
-9
-9
-213
-65
-238
-248
-251
-238
-249
-250
-237
-190
-253
-253
-111
-13
-79
-177
21
31
-201
-194
183
-57
-21
-22
-231
-42
-240
-248
-235
-215
-174
-187
-116
-157
-254
-143
-110
-43
-107
-213
0
-102
-250
-251
-87
-30
63
63
-232
-113
-253
-244
-247
-244
-229
-134
-215
-227
-253
-253
-110
101
-129
-95
-80
161
-250
-251
-146
-63
-23
-23
-206
-101
-251
-250
-252
-245
-244
-251
-235
-188
-252
-248
-151
94
0
-181
-203
243
-215
-248
-107
-57
-69
-68
-192
18
-249
-253
-106
-252
-216
-198
-233
-241
-125
-173
-123
0
35
