-242
-231
-254
-41
-166
-175
-251
0
-193
-213
-254
0
-186
-255
-254
0
-254
-203
-254
0
-240
-247
-252
0
-255
-251
-255
0
-228
-226
-253
-51
-246
-224
-254
60
-246
-143
-253
0
-225
-244
-255
0
-237
-238
-240
86
-232
-254
-255
44
-234
-255
-253
-3
-234
-255
-255
-25
-238
-215
-250
0
-222
-203
-255
25
-242
-235
-254
-43
-210
-252
-255
0
-250
-244
-254
32
-247
-250
-253
34
-249
-181
-252
0
-221
-254
-254
36
-253
-241
-255
-35
-243
-228
-254
25
-245
-220
-255
0
-252
-255
-254
-8
-199
-254
-254
-37
-204
-240
-255
6
-244
-249
-254
56
-226
-250
-254
-37
-244
-239
-254
-48
-247
-254
-254
-68
-245
-183
-255
0
-243
-255
-255
-6
-233
-243
-252
51
-244
-254
-254
-61
-253
-252
-254
0
-249
-114
-254
0
-252
-211
-254
-27
-251
-239
-253
0
-243
-254
-255
0
-221
-236
-252
-48
-252
-194
-255
0
-238
-254
-254
-8
-232
-252
-253
-4
-216
-254
-253
0
-249
-254
-254
-60
-249
-252
-254
0
-247
-166
-254
0
-244
-240
-254
-8
-232
-255
-255
-8
-244
-121
-251
0
-227
-208
-255
43
-231
-238
-255
30
-245
-242
-198
54
-242
-247
-254
-51
-244
-253
-229
-10
-229
-254
-255
0
-249
-251
-253
-10
-206
-238
-255
1
-241
-240
-255
-11
-230
-255
-247
-6
-244
-220
-254
0
-198
-221
-255
44
-235
-172
-255
0
-239
-187
-255
114
-217
-227
-255
0
-249
-244
-253
65
-243
-254
-219
-10
-224
-255
-255
0
-222
-254
-254
48
-235
-168
-254
-36
-209
-149
-255
35
-144
-180
-255
81
-183
-248
-254
46
-241
-242
-252
0
-218
-255
-254
-48
-232
-254
-255
-11
-251
-192
-254
-30
-254
-214
-255
73
-246
-248
-254
72
-243
-238
-254
-70
-229
-255
-255
0
-238
-200
-252
67
-247
-220
-255
82
-244
-245
-254
58
-245
-254
-254
67
-248
-209
-254
51
-227
-243
-254
39
-255
-245
-255
-3
-240
-238
-255
57
-248
-227
-208
56
-183
-248
-254
60
-227
-251
-254
0
-245
-244
95
-118
-249
-204
-218
42
-245
-247
-255
65
-209
-117
-252
95
-254
-255
-254
-1
-253
-252
-255
68
-248
-248
-226
-122
-250
-254
-254
22
-237
-244
-255
46
-224
-246
-254
60
-235
-247
-255
76
-243
-245
-255
58
-241
-252
-255
-123
-220
-228
-254
63
-221
-252
-254
80
-203
-245
-252
77
-251
-247
-255
-126
-244
-230
-254
73
-245
-200
-253
86
-248
-254
-255
51
-248
-251
-253
41
-251
-246
-254
58
-251
-195
-249
77
-241
-193
-255
79
-233
-254
-254
-6
-247
-252
-255
-124
-240
-252
-253
18
-246
-248
-255
-123
-238
-248
-255
69
-237
-254
-254
48
-253
-250
-255
-130
-245
-255
-255
-100
-252
-251
255
-120
-243
-240
-250
57
-229
-224
-255
0
-245
-252
-254
48
-254
-253
-255
-131
-249
-254
-255
0
-246
-244
-255
72
-241
-247
-253
-113
-239
-251
-255
56
-235
-247
-254
29
-251
-253
-254
-134
-183
-253
-253
55
-248
-241
-254
58
-220
-199
-255
58
-249
-255
-255
68
-187
-251
-251
50
-254
-239
-253
0
-243
-247
-255
51
-248
-253
-250
-79
-227
-245
-255
34
-233
-197
-254
51
-242
-252
-254
16
-253
-253
-254
67
-244
-248
-254
-72
-254
-253
-254
60
-254
-124
-254
73
-249
-255
-254
0
-254
-249
-255
-121
-227
-117
-254
58
-246
-253
-255
-51
-250
-209
-255
68
-238
-174
-255
67
-247
-252
-255
67
-239
-155
-255
91
