-125
-255
-255
-255
-255
-255
-255
-255
-255
-255
-255
-255
-255
-255
-255
-255
-255
-255
-255
-255
-255
-255
-255
-255
-83
-255
-255
-255
-255
-255
-127
-115
-255
-255
-255
-109
-255
-255
-255
-255
-255
-255
-255
-255
-255
-255
-176
-255
-255
-255
-255
-255
-255
-255
-255
-255
-255
255
6
255
255
163
255
118
255
255
255
170
255
105
255
255
255
255
173
255
255
255
255
255
48
255
255
255
255
255
37
255
255
109
255
255
255
255
255
255
255
255
255
113
255
255
255
255
255
255
255
255
255
255
255
255
255
255
203
255
255
