-255
-255
-255
-255
-255
-255
-255
-255
-255
-255
-255
-255
-255
-255
-255
-255
-255
-255
-255
-255
-255
-255
-255
-255
-255
-255
-255
-255
-255
-255
-255
-255
-255
-112
-255
-255
-255
-255
-255
-255
-255
-255
-255
-255
-255
-255
-255
-255
-255
-255
-255
-255
-255
-255
-255
-255
-255
-255
-255
-255
-255
-255
-255
-255
-255
-255
-255
-255
-255
-255
-255
-255
-255
-255
-255
-255
-255
-255
-255
-255
-255
-255
255
255
255
255
255
255
255
255
255
255
255
255
255
255
255
255
255
255
255
255
112
255
255
255
255
255
255
255
255
255
255
255
255
255
255
255
255
255
255
255
255
255
255
255
255
255
255
255
255
255
255
255
255
255
255
255
255
255
255
255
255
255
255
255
255
255
255
255
255
255
255
255
255
255
255
255
255
255
255
255
255
255
