-230
-85
-137
91
-247
-181
-222
185
-249
24
-158
-87
-237
-5
-240
-27
-254
43
-255
0
-246
-31
-209
-84
-231
-56
-224
51
-249
-29
-246
165
-250
89
-250
0
-244
-91
-218
-108
-244
74
-186
0
-248
-31
-220
-151
-232
-67
-153
1
-242
45
-170
-185
-251
-22
-247
111
-253
13
-239
-163
-249
57
-152
144
-250
-11
-243
-101
-247
-58
-241
-62
-234
-231
-185
102
-240
26
-254
105
-240
-77
-192
214
-236
-223
-124
51
-233
-30
-243
118
-219
-20
-202
-109
-244
-52
-251
130
-244
-108
61
122
-246
26
-137
-35
-248
195
-243
238
-234
-26
-182
-99
-250
218
-253
-108
-253
66
-230
-107
-242
-94
-236
-110
-244
-49
-244
72
-254
-46
-234
170
-220
-58
-175
255
-252
80
-241
0
-239
46
-213
-77
-252
-56
-163
-255
-242
183
-244
-115
-241
-74
-247
-114
-227
-110
-40
255
-255
-123
-189
77
-165
-87
-211
255
-227
-131
-145
-138
-220
-35
-216
114
-246
-188
-209
-142
-234
-205
-209
-153
-240
-131
-157
-201
-232
-92
-141
79
-239
-97
-119
111
-235
7
-160
39
-252
-71
54
0
-234
16
-235
172
-211
-21
-82
191
-239
-58
-246
-118
-248
-173
-176
-135
-230
-2
-246
114
-244
-185
-248
0
-234
16
-210
238
-242
-59
-233
121
-219
4
-187
-42
-219
-42
-125
128
-241
-40
-244
108
-248
13
-238
-169
-249
-43
-125
0
-245
-167
-250
229
-240
-147
-210
-213
-249
-60
-241
-166
-252
-16
-240
102
-226
15
-193
83
-249
-5
-252
107
-240
-132
-229
-102
-226
-166
-222
0
-237
-40
-245
67
-239
-36
-222
-105
-221
-2
-164
-255
-242
9
-246
0
-248
33
-105
-92
-207
-167
-65
74
-245
44
-210
-117
-252
-130
-225
-18
-234
8
-212
-255
-214
-148
-230
98
-242
-92
-214
-255
-239
33
-193
-41
-220
4
-235
-110
-231
-78
-199
117
-212
-91
-59
255
-227
4
-210
135
-206
-66
-219
0
-251
74
-219
-48
-244
-59
-250
-208
-243
-12
-239
-27
-202
-55
-212
126
-246
-198
-221
156
-243
44
-206
-152
-247
-200
-213
-204
-235
-56
-230
79
-231
-34
-184
105
-243
-53
-248
222
-250
61
-242
205
-238
48
-228
-154
-249
-54
-230
18
-247
-223
-198
-255
-245
-125
-114
-255
-250
-41
-228
122
-238
9
-251
-255
-255
-86
-204
-37
-238
42
-224
50
-252
-23
-248
153
-228
-31
-239
227
-129
26
-130
181
-254
-176
-147
29
-239
-40
-241
-107
-252
37
-179
206
-250
-30
-231
-245
-253
-40
-221
-76
-240
37
-183
154
-253
-118
-173
-116
-160
-55
-96
161
-238
-112
-240
-51
-254
-68
-251
-188
-249
247
-253
255
-254
58
-227
-106
-181
-153
-248
118
-221
-157
-198
-123
-250
-26
-249
0
-247
61
-219
-79
-250
-113
-68
-154
-235
-56
-246
150
-254
-45
-113
123
-248
-77
-179
-117
-242
-28
-177
99
-249
47
-213
-70
-244
24
-179
67
-222
18
-248
178
-240
-40
-115
-118
-237
186
-237
194
-228
-58
-232
70
-244
35
-255
-98
-251
-215
11
128
-239
36
-203
-173
-233
-169
-206
-255
-250
-127
-169
255
-229
39
54
77
-249
149
-243
118
-251
-35
-225
97
-226
51
-245
-224
-246
-41
-158
-112
-242
-41
-249
107
-247
9
-232
-107
-255
-116
-158
-231
-247
-14
-249
116
-252
-9
-250
-79
-194
-22
-187
-107
-251
63
-134
-129
-251
-23
-251
0
-248
-68
-198
35
