-230
-137
91
-247
-222
185
-249
-158
-87
-237
-240
-27
-254
-255
0
-246
-209
-84
-231
-224
51
-249
-246
165
-250
-250
0
-244
-218
-108
-244
-186
0
-248
-220
-151
-232
-153
1
-242
-170
-185
-251
-247
111
-253
-239
-163
-249
-152
144
-250
-243
-101
-247
-241
-62
-234
-185
102
-240
-254
105
-240
-192
214
-236
-124
51
-233
-243
118
-219
-202
-109
-244
-251
130
-244
61
122
-246
-137
-35
-248
-243
238
-234
-182
-99
-250
-253
-108
-253
-230
-107
-242
-236
-110
-244
-244
72
-254
-234
170
-220
-175
255
-252
-241
0
-239
-213
-77
-252
-163
-255
-242
-244
-115
-241
-247
-114
-227
-40
255
-255
-189
77
-165
-211
255
-227
-145
-138
-220
-216
114
-246
-209
-142
-234
-209
-153
-240
-157
-201
-232
-141
79
-239
-119
111
-235
-160
39
-252
54
0
-234
-235
172
-211
-82
191
-239
-246
-118
-248
-176
-135
-230
-246
114
-244
-248
0
-234
-210
238
-242
-233
121
-219
-187
-42
-219
-125
128
-241
-244
108
-248
-238
-169
-249
-125
0
-245
-250
229
-240
-210
-213
-249
-241
-166
-252
-240
102
-226
-193
83
-249
-252
107
-240
-229
-102
-226
-222
0
-237
-245
67
-239
-222
-105
-221
-164
-255
-242
-246
0
-248
-105
-92
-207
-65
74
-245
-210
-117
-252
-225
-18
-234
-212
-255
-214
-230
98
-242
-214
-255
-239
-193
-41
-220
-235
-110
-231
-199
117
-212
-59
255
-227
-210
135
-206
-219
0
-251
-219
-48
-244
-250
-208
-243
-239
-27
-202
-212
126
-246
-221
156
-243
-206
-152
-247
-213
-204
-235
-230
79
-231
-184
105
-243
-248
222
-250
-242
205
-238
-228
-154
-249
-230
18
-247
-198
-255
-245
-114
-255
-250
-228
122
-238
-251
-255
-255
-204
-37
-238
-224
50
-252
-248
153
-228
-239
227
-129
-130
181
-254
-147
29
-239
-241
-107
-252
-179
206
-250
-231
-245
-253
-221
-76
-240
-183
154
-253
-173
-116
-160
-96
161
-238
-240
-51
-254
-251
-188
-249
-253
255
-254
-227
-106
-181
-248
118
-221
-198
-123
-250
-249
0
-247
-219
-79
-250
-68
-154
-235
-246
150
-254
-113
123
-248
-179
-117
-242
-177
99
-249
-213
-70
-244
-179
67
-222
-248
178
-240
-115
-118
-237
-237
194
-228
-232
70
-244
-255
-98
-251
11
128
-239
-203
-173
-233
-206
-255
-250
-169
255
-229
54
77
-249
-243
118
-251
-225
97
-226
-245
-224
-246
-158
-112
-242
-249
107
-247
-232
-107
-255
-158
-231
-247
-249
116
-252
-250
-79
-194
-187
-107
-251
-134
-129
-251
-251
0
-248
-198
35
