-248
-203
-246
-242
-248
-247
-231
-196
-254
-231
-232
-254
-253
-254
-233
-41
-248
-223
-166
-166
-168
-164
-175
-220
-254
-196
-223
-252
-238
-251
-193
0
-203
-111
-200
-186
-206
-183
-255
-211
-253
-215
-153
-175
-253
-254
-251
0
-255
-209
-254
-254
-254
-254
-203
-243
-255
-250
-252
-255
-253
-254
-246
0
-249
-207
-239
-240
-240
-240
-247
-247
-207
-243
-253
-254
-198
-252
-251
0
-243
-90
-254
-255
-254
-255
-251
-239
-249
-237
-251
-255
-255
-255
-254
0
-248
-223
-237
-242
-244
-241
255
95
255
74
255
-255
-254
-254
-246
0
-239
-70
-246
-246
-246
-246
-224
-247
-248
-248
-248
-254
-253
-254
-241
60
-239
-193
-223
-225
-225
-224
-244
-235
-236
-250
-251
-255
-255
-255
-255
0
-242
-76
-239
-237
-240
-237
-238
-242
-254
-244
-250
-255
-221
-240
-251
86
-254
-204
-230
-232
-230
-231
-254
-248
-186
-243
-243
-255
-255
-255
-246
44
-248
-204
-233
-234
-234
-234
-255
-253
-174
-254
-254
-255
-254
-253
-243
-3
-252
-121
-233
-234
-234
-234
-255
-255
-163
-251
-253
-255
-255
-255
-252
-25
-189
-207
-237
-238
-238
-237
-215
57
-253
-143
-230
-254
-247
-250
-226
0
-243
-213
-219
-222
-222
-221
-203
-203
-234
-250
-244
-255
-254
-255
-250
25
-243
-208
-240
-242
-243
-245
-235
-224
-255
-241
-239
-255
-254
-254
-234
-43
-208
-194
-208
-210
-210
-209
-252
-251
-236
-254
-251
-255
-255
-255
-250
0
-235
-146
-243
-243
-243
-243
-248
-253
-248
-180
-204
-252
11
-55
-233
-163
-253
-170
-250
-250
-250
-250
-244
-252
-255
-252
-241
-251
-246
-254
-234
32
-220
-121
-246
-247
-247
-246
-250
-253
-255
-251
-253
-255
-255
-253
-247
34
-252
-205
-247
-249
-251
-252
-181
-216
-255
-223
-229
-252
-247
-252
-219
0
-250
-185
-209
-221
-212
-220
-254
-239
-206
-241
-241
-255
-254
-254
-249
36
-254
-198
-253
-253
-253
-253
-241
-253
-255
-253
-253
-255
-254
-255
-253
-35
-252
-206
-213
-243
-219
-238
-228
-251
-255
-249
-244
-255
-254
-254
-250
25
-207
-216
-244
-245
-245
-244
-220
-185
-197
-250
-249
-255
-255
-255
-255
0
-252
-171
-252
-252
-252
-252
-255
-254
-254
-254
-253
-255
-255
-254
-246
-8
-246
-226
-203
-204
-208
-202
-240
-239
-244
-254
-255
-254
-254
-255
-251
6
-243
-207
-244
-244
-244
-244
-249
-241
-254
-247
-246
-255
-253
-254
-251
56
-246
-216
-233
-226
-237
-241
-250
-231
-251
-234
-221
-255
-253
-254
-212
-37
-250
-172
-238
-244
-242
-242
-239
-219
-255
-228
-237
-255
-254
-254
-231
-48
-255
-198
-244
-245
-245
-244
-183
-64
-254
-210
-234
-255
-254
-255
-254
0
-252
-178
-245
-243
-242
-243
-255
-252
-251
-251
-248
-255
-255
-255
-250
-6
-252
-209
-240
-242
-242
-241
-250
-251
-253
-245
-240
-239
-255
-255
-246
-82
-197
-161
-233
-233
-233
-233
-243
-248
-249
-253
-252
-255
-254
-252
-243
51
-231
-217
-245
-244
-245
-246
-254
-252
-205
-247
-252
-254
-253
-254
-249
-61
-225
-173
-247
-253
-254
-252
-252
-244
-253
-254
-251
-254
-254
-254
-244
0
-198
-194
-249
-249
-249
-249
-114
-195
-224
-242
-203
-251
-252
-254
-250
0
-255
-209
-252
-252
-252
-252
-211
-241
-255
-238
-251
-255
-254
-254
-251
-27
-219
-137
-251
-251
-251
-251
-239
-42
-243
-157
-207
-254
-250
-253
-253
0
-243
-200
-239
-243
-244
-242
-254
-252
-212
-255
-255
-255
-254
-255
-248
0
-255
-209
-252
-252
-252
-252
-194
-130
-248
-245
-243
-255
-255
-255
-255
0
-204
-126
-237
-238
-237
-237
-254
-250
-249
-253
-252
-255
-255
-254
-247
-8
-190
-215
-230
-232
-231
-231
-252
-248
-234
-254
-248
-255
-255
-253
-242
-4
-234
-190
-214
-216
-217
-215
-254
-243
-253
-250
-252
-255
-255
-253
-245
0
-249
-215
-249
-249
-249
-249
-254
-253
-251
-255
-255
-253
-255
-254
-252
-60
-253
-180
-250
-249
-249
-250
-252
-217
-253
-215
-219
-207
-252
-254
-246
0
-171
-216
-245
-244
-245
-246
-240
-251
-254
-252
-251
-254
-254
-254
-247
-8
-214
-112
-230
-232
-234
-231
-255
-250
-255
-245
-229
-255
-255
-255
-252
-8
-253
-159
-245
-244
-246
-246
-121
-206
-255
-222
-244
-248
-235
-251
-202
0
-235
-201
-225
-227
-229
-225
-208
-236
-254
-248
-250
-255
-253
-255
-254
43
-223
-157
-224
-231
-234
-229
-238
-182
-255
-241
-245
-255
-254
-255
-252
30
-244
-108
-245
-245
-245
-245
-242
-251
-255
-253
-254
-254
-119
-198
-247
54
-251
-173
-242
-242
-242
-241
-247
-200
-254
-241
-251
-255
-255
-254
-250
-51
-243
-192
-244
-244
-244
-244
-253
-248
-254
-252
-246
-255
-242
-229
149
-10
-246
-206
-227
-229
-229
-228
-254
-253
-136
-251
-251
-254
-253
-255
-250
0
-248
-145
-248
-249
-249
-249
-251
-243
-245
-253
-248
-55
-245
-253
-240
-10
-251
-227
-203
-206
-206
-205
-238
62
-245
-138
-44
-255
-254
-255
-251
1
-225
-216
-240
-241
-241
-240
-240
-227
-248
-245
-252
-255
-254
-255
-251
-11
-247
-211
-227
-230
-229
-228
-255
-253
-255
-254
-253
-255
-249
-247
-156
-6
-228
-92
-243
-244
-245
-243
-220
-210
-119
-243
-237
-253
-254
-254
-250
0
-254
-243
-187
-198
-194
-191
-221
-219
-255
-247
-233
-255
-255
-255
-252
44
-183
-170
-235
-235
-235
-235
-172
-157
-247
-210
-240
-255
-253
-255
-254
0
-252
-148
-239
-239
-238
-238
-187
-221
-251
-250
-250
-255
-253
-255
-248
114
-233
-102
-224
-217
-227
-215
-227
-241
-254
-245
-253
-254
-254
-255
-249
0
-252
-190
-249
-249
-249
-249
-244
-246
-254
-249
-249
-255
-252
-253
-250
65
-255
-210
-245
-246
-246
-245
-249
-184
-252
-240
-241
-255
-254
-255
-254
-68
-227
-196
-217
-222
-226
-223
-254
-249
-87
-244
-252
-254
-254
-254
-240
48
-254
-217
-238
-235
-233
-235
-168
242
-252
-103
-131
-255
-254
-254
-249
-36
-252
-195
-210
-209
-208
-208
-149
-230
-255
-249
-246
-255
-254
-255
-251
35
-236
-212
-164
-144
-174
-144
-180
-201
-244
-248
-247
-254
-253
-255
-246
81
-225
-115
-182
-183
-185
-181
-248
-235
-255
-243
-241
-255
-253
-254
-249
46
-231
-202
-241
-241
-241
-241
-242
-232
-242
-251
-251
-255
-255
-252
-252
0
-243
-225
-216
-218
-218
-217
-255
-244
-254
-245
-238
-255
-254
-254
-251
-48
-186
-7
-231
-232
-235
-231
-254
-211
-255
-189
-211
-228
-253
-255
-251
-11
-255
-154
-253
-253
-254
-253
-131
143
-252
25
-103
-255
-253
-254
-249
-43
-254
-203
-250
-251
-251
-251
-192
198
-249
-87
-90
-255
-254
-254
-251
-30
-254
-209
-252
-253
-252
-253
-226
-126
-134
-248
-255
-254
-252
-255
-251
94
-253
-177
-254
-254
-254
-254
-214
-245
-254
-248
-251
-255
-255
-255
-254
73
-227
-197
-243
-243
-244
-243
-238
-240
-252
-124
-175
-157
-251
-254
-251
-70
-251
-223
-226
-229
-229
-228
-255
-255
-225
-244
-219
-254
-252
-255
-253
0
-250
-198
-236
-238
-238
-238
-200
-192
-254
-228
-219
-251
-237
-252
-212
67
-226
-167
-244
-247
-250
-250
-220
-96
-253
-218
-216
-255
-254
-255
-253
82
-142
-173
-246
-247
-247
-247
-246
-231
-243
-249
-252
-254
-252
-253
-248
91
-253
-78
-243
-244
-244
-244
-245
-210
-236
-246
-247
-205
-252
-254
-204
58
-250
-224
-248
-248
-248
-248
-209
-199
-253
-243
-248
-255
-255
-254
-246
51
-250
-215
-225
-227
-227
-226
-243
-237
-221
-253
-254
-255
-254
-254
-248
39
-255
-216
-255
-255
-255
-255
-245
-245
-253
-249
-249
-255
-255
-255
-249
-3
-252
-218
-248
-248
-248
-248
-227
-223
-251
-251
-246
-255
-254
-208
-244
56
-246
-235
-181
-183
-182
-181
-248
-182
-248
-215
-197
-254
-254
-254
-250
60
-202
-200
-225
-227
-227
-226
-251
-246
-246
-251
-249
-255
-255
-254
-240
0
-241
-182
-244
-245
-245
-245
-244
-252
-254
-174
-213
-249
238
95
-223
-118
-250
-165
-249
-249
-249
-249
-204
-244
-253
-252
-253
-255
-254
-218
-249
42
-253
-225
-243
-245
-247
-245
-247
-246
-192
-253
-253
-255
-253
-255
-249
65
-253
-217
-206
-209
-209
-208
-117
-97
-251
-182
-159
-254
-254
-252
-232
95
-216
-104
-235
-237
-236
-236
-255
-252
-254
-247
-244
-255
-255
-255
-250
102
-250
-158
-247
-248
-247
-248
-248
-249
-252
-129
-144
-241
-212
-226
-249
-122
-248
-168
-249
-250
-250
-249
-254
-207
-252
-231
-184
-250
-252
-254
-246
22
-243
-183
-236
-237
-238
-237
-244
-218
-252
-240
-243
-255
-255
-255
-254
46
-234
-125
-233
-234
-234
-233
-253
-225
-255
-244
-248
-255
-255
-253
-247
82
-239
-209
-222
-224
-223
-223
-246
-245
-195
-241
-244
-255
-252
-254
-243
60
-242
-63
-243
-244
-244
-243
-208
-186
-244
-250
-246
-255
-254
-254
-247
100
-240
-233
-242
-243
-243
-243
-245
-247
-254
-253
-253
-255
-254
-255
-250
58
-98
-105
-231
-233
-233
-232
-227
-41
-250
-133
-239
-255
-251
-254
-253
98
-254
-171
-240
-241
-241
-240
-252
-247
-254
-253
-254
-255
-255
-255
-254
-123
-253
-217
-219
-220
-222
-218
-228
-241
-255
-245
-252
-255
-253
-254
-245
63
-254
-200
-215
-221
-218
-213
-252
-216
-254
-243
-246
-255
-255
-254
-248
80
-187
-218
-189
-203
-195
-200
-245
118
-254
-108
-66
-254
-244
-252
-246
77
-254
-161
-253
-251
-253
-251
-247
-233
-255
-246
-251
-255
-254
-255
-252
-126
-253
-225
-247
-248
-248
-248
-254
-254
-162
-242
-253
-255
-255
-255
-245
51
-240
-162
-232
-248
-235
-245
-251
-196
-255
-206
-209
-254
-244
-253
-249
41
-242
-198
-247
-251
-252
-250
-246
-193
-75
-253
-255
-254
-253
-254
-246
58
-252
-190
-251
-251
-251
-251
-195
-229
-222
-252
-251
-255
-255
-249
-250
77
-253
-216
-239
-241
-242
-240
-193
-176
-250
-219
-246
-255
-254
-255
-251
79
-249
-205
-232
-233
-233
-232
-254
-230
-255
-251
-201
-255
-250
-254
-253
-6
-253
-191
-246
-247
-247
-247
-252
-238
-255
-243
-249
-255
-255
-255
-252
-124
-207
-206
-237
-240
-241
-239
-252
-224
-254
-252
-199
-187
-247
-253
-240
18
-252
-193
-241
-246
-246
-245
-248
-238
-252
-247
-250
-255
-254
-255
-252
-123
-241
-190
-237
-238
-238
-238
-248
-253
-255
-253
-254
-255
-253
-255
-252
69
-254
-218
-235
-237
-237
-236
-254
-198
-254
-222
-240
-255
-255
-254
-253
48
-254
-184
-253
-253
-253
-253
-250
-236
-254
-252
-254
-255
-254
-255
-254
-130
-251
-212
-244
-245
-245
-245
-255
-251
-255
-253
-249
-255
-254
-255
-252
-100
-208
-225
-243
-243
-243
-243
-240
-238
-240
-245
-244
-254
-226
-250
-231
57
-251
-189
-227
-229
-229
-228
-224
-183
-255
-232
-240
-255
-255
-255
-248
0
-254
-204
-244
-245
-245
-245
-252
-252
-248
-254
-255
-253
-252
-254
-244
48
-255
-190
-254
-254
-254
-254
-253
-241
-255
-250
-250
-255
-255
-255
-254
-131
-255
-84
-255
-255
-255
-255
-255
-255
-251
-252
-254
-247
-255
-255
-251
73
-230
-197
-249
-249
-249
-249
-254
-191
-255
-165
-145
-255
-255
-255
-253
0
-248
-141
-246
-246
-246
-246
-244
-253
-255
-252
-254
-255
-254
-255
-253
72
-254
-197
-240
-241
-241
-240
-247
-254
-254
-174
-219
-195
-250
-253
-254
-113
-254
-210
-238
-239
-238
-238
-251
-253
-163
-253
-254
-254
-253
-255
-251
56
-230
-218
-239
-235
-241
-237
-247
-236
-254
-239
-249
-255
-254
-254
-239
29
-252
-141
-251
-251
-250
-251
-253
-252
-254
-138
-202
-252
-254
-254
-254
-134
-237
-205
-198
-183
-207
-183
-253
-211
-253
-235
-239
-255
-255
-253
-249
55
-255
-222
-218
-220
-221
-219
-199
-222
-254
-233
-240
-255
-254
-255
-253
58
-251
-190
-187
-187
-188
-185
-251
-209
-255
-228
-213
-254
-235
-251
-244
50
-249
-148
-249
-254
-255
-253
-239
-75
-254
-220
-243
-255
-254
-253
-242
0
-241
-62
-236
-237
-237
-237
-255
-240
-255
-245
-240
-255
-255
-255
-255
81
-249
-201
-243
-243
-243
-243
-247
-248
-243
-254
-249
-255
-254
-255
-253
51
-221
-200
-232
-232
-232
-233
-196
104
-248
-113
-195
-254
-251
-253
-248
101
-237
-214
-247
-248
-248
-247
-253
-254
-255
-126
-167
-60
-242
-250
-248
-79
-252
-202
-225
-227
-227
-226
-245
-254
-255
-254
-254
-255
-254
-255
-253
34
-251
-199
-232
-233
-233
-233
-197
-13
-250
-122
-192
-255
-254
-254
-251
51
-218
-159
-242
-242
-242
-242
-252
-204
-255
-148
-225
-250
-250
-254
-250
16
-212
-186
-244
-244
-244
-244
-248
-247
-253
-222
-213
-174
-252
-254
-249
-72
-248
-202
-254
-254
-255
-254
-124
-139
-251
-241
-244
-243
-253
-254
-250
73
-253
-188
-249
-249
-249
-249
-255
-249
-254
-253
-234
-255
-250
-254
-253
0
-254
-171
-253
-254
-254
-255
-249
-227
-236
-251
-249
-255
-254
-255
-251
-121
-254
-206
-228
-227
-229
-230
-117
-24
-245
-157
-165
-255
-254
-254
-250
58
-252
-190
-245
-246
-245
-245
-253
-241
-212
-245
-246
-255
-254
-255
-246
-51
-230
-152
-237
-239
-240
-238
-155
-208
-240
-218
-207
-255
-255
-255
-251
91
