-91
-255
-255
-255
-79
-11
-36
-255
-255
-255
-255
-255
-222
-25
-255
-255
-147
-96
-117
-255
-255
-255
-255
-255
-255
-255
-217
-16
-255
-255
-255
-255
-208
-255
-255
-145
-74
-255
-255
-255
-71
-255
-187
-115
-28
-255
-255
-65
-206
-255
-255
-255
-255
-255
-255
-255
-255
-216
-255
-255
-63
-108
-7
-255
-255
-237
-255
-68
-255
-255
-14
-255
-37
-118
-255
-255
-255
-34
-255
64
67
255
255
255
255
77
255
255
255
99
255
255
252
255
255
59
226
255
255
255
255
255
29
255
20
255
255
255
255
162
255
25
255
255
255
255
255
255
255
118
255
255
255
255
73
255
255
255
255
255
255
255
119
255
255
149
255
95
53
255
255
29
130
255
215
255
234
255
255
255
255
255
