-244
-203
-227
-228
-228
-228
-254
-243
-252
-253
-250
-255
-255
-254
-251
-124
-254
-220
-248
-247
-249
-247
-253
-252
-194
-254
-254
-255
-253
-254
-249
-130
-253
-223
-248
-248
-248
-248
-218
-243
-251
-253
-253
-255
-254
-254
-248
106
-238
-194
-211
-230
-224
-226
-249
-221
-255
-244
-244
-255
-255
-255
-253
-81
-249
-121
-253
-253
-253
-253
-246
-253
-255
-254
-253
-255
-254
-255
-250
-93
-252
-206
-243
-240
-247
-248
-243
-177
-255
-228
-228
-255
-254
-254
-243
41
-249
-196
-230
-227
-224
-227
-252
-202
-255
-198
-218
-255
-254
-253
-251
-116
-228
-149
-248
-248
-249
-248
-249
-248
-254
-239
-249
-255
-255
-255
-254
118
-251
-224
-249
-249
-249
-249
-225
-250
-253
-252
-250
-255
-255
-254
-250
69
-206
-71
-241
-244
-245
-243
-254
-251
-254
-254
-253
-255
-254
-253
-244
-124
-248
-85
-241
-242
-243
-241
-191
-247
-255
-245
-245
-248
-238
-252
-210
0
-254
-199
-248
-248
-247
-248
-248
-248
-254
-247
-243
-254
80
-110
-236
115
-208
-227
-228
-229
-229
-230
-255
-227
-255
-243
-141
-255
-255
-255
-251
105
-233
-157
-241
-241
-241
-241
-167
-237
-255
-243
-251
-255
-254
-255
-247
137
-253
-197
-250
-250
-251
-250
-251
-231
-255
-249
-246
-255
-255
-255
-252
-126
-254
-181
-253
-252
-252
-252
-242
-232
-254
-239
-245
-255
-254
-254
-251
-115
-253
-198
-248
-248
-249
-248
-182
-244
-243
-251
-251
-255
-253
-166
-241
-137
-223
-103
-245
-250
-246
-249
-187
80
-246
-94
-206
-255
-254
-254
-251
86
-246
-178
-246
-246
-246
-246
-255
-215
-255
-247
-226
-255
-254
-255
-251
90
-249
-225
-230
-230
-231
-232
-255
-254
-205
-204
-208
-254
-250
-254
-249
-51
-233
-181
-245
-250
-251
-248
-239
-242
-254
-249
-251
-255
-252
-254
-247
-215
-238
-173
-239
-239
-240
-240
-252
-226
-248
-237
-226
-177
-244
-251
-221
-11
-247
-206
-230
-236
-239
-234
-255
-253
-198
-221
-233
-254
-252
-254
-247
-102
255
-232
-230
-231
-232
-230
-251
-243
-253
-237
-246
-255
-254
-254
-251
115
-230
-208
-214
-216
-217
-215
-234
-207
-249
-247
-234
-255
-254
-255
-251
255
-239
-200
-242
-242
-243
-243
-254
-178
-254
-232
-69
-255
-253
-255
-252
-161
-242
-142
-247
-250
-251
-250
-253
-244
-251
-252
-252
-234
-251
-254
-235
0
-254
-207
-246
-245
-244
-245
-159
-225
-250
-248
-250
-255
-252
-172
-243
-77
-212
-201
-246
-246
-246
-247
-250
-251
-248
-89
-183
-234
-9
-124
-238
-132
-255
-199
-249
-233
-248
-236
-168
-22
-248
-227
-211
-254
-251
-253
-253
-188
-253
-202
-249
-250
-250
-250
-254
-253
-252
-243
-250
-251
-255
-254
-245
-58
-254
-208
-253
-252
-253
-252
-69
-118
-230
-249
-249
-255
-255
-254
-245
0
-229
-76
-238
-239
-241
-238
-253
-249
-254
-254
-252
-255
-254
-253
-241
-113
-246
-85
-242
-243
-242
-242
-251
-205
-254
-236
-229
-255
-255
-255
-254
97
-250
-195
-255
-255
-255
-255
-254
-132
-251
-197
-191
-255
-255
-254
-250
-77
-255
-155
-212
-212
-213
-211
-250
68
-254
-214
-195
-247
-252
-253
-252
105
-241
-148
-236
-250
-238
-247
-246
-243
-205
-248
-242
-254
-254
-253
-245
0
-249
-120
-237
-237
-237
-237
-226
-236
-247
-254
-253
-255
-254
-255
-250
130
-255
-210
-252
-252
-252
-252
-220
-107
-238
-246
-224
-244
-254
-255
-252
184
-210
-166
-241
-241
-241
-241
-243
-249
-249
-211
-210
-250
-254
-253
-253
-137
-234
-204
-239
-240
-240
-240
-254
-234
-255
-241
-241
-255
-253
-254
-251
236
-230
-200
-224
-225
-227
-226
-255
-255
-255
-254
-252
-255
-255
-255
-251
-255
-254
-203
-255
-254
-255
-255
-239
-200
-240
-253
-253
-248
-254
-254
-242
139
-229
-224
-150
-158
-158
-155
-255
-250
-252
-250
-241
-255
-254
-255
-253
-4
-213
-175
-223
-225
-225
-224
-254
-217
-215
-225
-197
-255
-255
-255
-244
178
-200
-194
-212
-211
-214
-216
-242
-215
-254
-227
-229
-255
-254
-254
-246
98
-252
-212
-230
-244
-233
-241
-242
-238
-210
-253
-251
-254
-253
-254
-248
74
-238
-222
-232
-232
-232
-232
-253
-246
-213
-240
-251
-255
-255
-255
-251
-51
-168
-202
-239
-239
-240
-239
-252
-227
-234
-231
-237
-255
-255
-255
-252
191
-248
-210
-229
-231
-231
-230
-244
-228
-238
-249
-243
-255
-255
-255
-248
-89
-254
-199
-235
-234
-235
-234
-255
-253
-254
-254
-254
-255
-252
-249
-210
-8
-234
-186
-241
-237
-231
-234
-222
-199
-251
-224
-245
-254
-254
-253
-156
-55
-236
-177
-240
-251
-242
-249
-255
-225
-254
-235
-163
-255
-255
-254
-251
-114
-250
-218
-231
-232
-232
-231
-237
-238
-250
-243
-244
-252
-252
-254
-251
0
-254
-199
-216
-211
-221
-209
-167
-59
-236
-200
-212
-255
-254
-254
-254
91
-241
-144
-237
-238
-238
-237
-253
-228
-254
-249
-244
-255
-254
-253
-245
-106
-253
-216
-245
-246
-247
-247
-250
-248
-218
-252
-253
-255
-253
-255
-249
74
-254
-197
-228
-231
-230
-227
-245
-236
-255
-250
-252
-255
-254
-255
-251
-119
-251
-199
-242
-244
-245
-244
-247
-244
-143
-253
-253
-254
-253
-255
-250
0
-240
-197
-231
-232
-232
-232
-238
-229
-250
-249
-246
-255
-213
-237
-249
115
-226
-197
-240
-240
-241
-241
-246
-200
-248
-231
-223
-255
-255
-254
-251
83
-252
-222
-215
-216
-216
-216
-206
-217
-254
-247
-243
-255
-254
-255
-252
58
-254
-202
-209
-209
-209
-208
-242
255
-248
255
-43
-254
-254
-254
-250
81
-208
-34
-239
-240
-241
-240
-254
-192
-255
-160
-197
-254
-254
-255
-252
15
-244
-203
-248
-248
-248
-247
-227
-231
-241
-244
-246
-255
-253
-253
-250
148
-254
-210
-236
-248
-238
-245
-225
-144
-251
-218
-212
-255
-254
-255
-250
-72
-242
-204
-243
-243
-243
-243
-254
-253
-210
-255
-255
-255
-254
-255
-250
-130
-253
-218
-238
-239
-239
-238
-225
-208
-214
-252
-252
-255
-254
-255
-253
123
-248
-229
-248
-248
-248
-248
-248
-205
-252
-235
-240
-255
-255
-253
-251
159
-254
-193
-252
-252
-252
-252
-211
-192
-253
-238
-250
-255
-255
-254
-239
-204
-226
-187
-222
-223
-225
-223
-186
-212
-246
-246
-249
-254
-254
-254
-245
44
-253
-200
-248
-248
-248
-248
-247
-238
-253
-251
-254
-255
-255
-255
-254
-133
-245
-202
-238
-239
-238
-238
-253
-244
-226
-251
-251
-254
-254
-255
-246
-153
-156
-215
-223
-224
-223
-223
-254
-249
-180
-250
-246
-255
-254
-252
-242
107
-234
-77
-236
-236
-237
-235
-253
-199
-255
-217
-228
-255
-255
-255
-254
-222
-255
-192
-236
-237
-237
-237
-158
-102
-242
-231
-245
-253
-254
-255
-254
106
-165
-150
-216
-218
-217
-216
-182
-166
-214
-247
-248
-255
-254
-255
-248
180
-251
-189
-240
-240
-240
-240
-222
-226
-252
-250
-248
-255
-255
-253
-251
0
-251
-180
-247
-248
-248
-248
-198
-220
-254
-233
-233
-253
-248
-253
-234
70
-254
-200
-204
-197
-202
-199
-245
-232
-201
-249
-250
-255
-253
-254
-248
0
-254
-217
-244
-243
-243
-243
-200
-249
-254
-252
-253
-255
-254
-255
-251
87
-255
-207
-251
-252
-251
-252
-249
-244
-246
-254
-253
-254
-252
-255
-249
0
-223
-233
-231
-233
-232
-232
-211
-239
-253
-247
-252
-255
-255
-255
-251
151
-232
-217
-221
-212
-225
-211
-253
-252
-215
-254
-255
-254
-254
-254
-244
-8
-217
-199
-240
-241
-241
-240
-252
-250
-251
-253
-251
-255
-255
-255
-251
0
-255
-205
-243
-249
-247
-250
-228
-240
-255
-245
-245
-255
-255
-255
-252
119
-231
-171
-217
-217
-218
-217
-249
-248
-254
-249
-252
-255
-253
-254
-254
96
-250
-177
-229
-229
-229
-229
-255
-248
-255
-248
-243
-255
-250
-246
-186
98
-254
-213
-206
-208
-208
-207
-245
-183
-250
-235
-245
-244
-244
-207
-251
112
-247
-172
-231
-206
-234
-248
-234
-240
-253
-240
-245
-255
-254
-254
-241
36
-248
-205
-199
-203
-203
-201
-254
-204
-254
-228
-143
-255
-252
-254
-252
-255
-242
-157
-250
-249
-250
-250
-211
-241
-254
-248
-243
-255
-254
-254
-247
178
-222
-30
-243
-243
-243
-243
-255
-236
-255
-248
-250
-255
-255
-254
-249
102
-176
-152
-239
-240
-241
-239
-153
40
-252
-152
-207
-255
-254
-255
-252
65
-241
47
-213
-200
-217
-198
-251
-197
-255
-217
-212
-255
-255
-255
-253
-232
-249
-219
-245
-245
-245
-245
-247
-245
-229
-253
-253
-255
-254
-254
-251
69
-253
-175
-244
-240
-238
-241
-183
-212
-236
-233
-221
-255
-254
-255
-250
-137
-247
-206
-246
-247
-247
-247
-255
-252
-188
-237
-247
-254
-246
-254
-251
-102
-238
-143
-233
-234
-234
-233
-253
-221
-255
-220
-214
255
-231
-252
-220
79
-252
-213
-228
-228
-228
-227
-232
63
-249
-31
-123
-255
-254
-254
-251
-83
-235
-208
-241
-242
-242
-241
-254
-204
-255
-192
-156
-255
-255
-255
-252
-135
-229
-183
-249
-249
-250
-249
-241
-253
-255
-253
-253
-254
-254
-253
-243
109
-254
-168
-236
-237
-238
-236
-226
-241
-255
-248
-250
-255
-254
-255
-244
255
-230
-142
-248
-248
-248
-247
-252
-231
-255
-226
-218
-237
-254
-255
-253
0
-251
-222
-246
-247
-247
-246
-255
-254
-221
-224
-240
-255
-254
-255
-250
-102
-250
-163
-242
-243
-244
-242
-255
-253
-252
-255
-254
-255
-255
-254
-252
155
-253
-204
-249
-250
-250
-249
-236
-194
-253
-235
-242
-255
-255
-255
-252
48
-250
-238
-234
-234
-236
-234
-251
-224
-255
-248
-249
-255
-255
-255
-254
57
-251
-132
-255
-255
-255
-255
-254
-240
-253
-252
-232
-255
-255
-255
-254
23
-254
-118
-236
-237
-237
-237
-225
-239
-254
-250
-251
-254
-251
-254
-248
97
-253
-216
-251
-251
-251
-251
-235
-151
-254
-234
-236
-255
-255
-254
-248
102
-248
-203
-231
-227
-236
-227
-244
-234
-252
-252
-253
-255
-254
-255
-252
-126
-247
-213
-114
-132
-150
-149
-194
-227
-253
-252
-248
-255
-254
-248
-249
-91
-254
-212
-254
-254
-254
-254
-241
-242
-209
-252
-254
-255
-254
-255
-250
-126
-232
-171
-237
-239
-239
-238
-251
-217
-255
-234
-229
-255
-254
-255
-252
111
-253
-170
-252
-252
-252
-252
-194
-217
-251
-230
-237
-255
-254
-255
-252
156
-255
-215
-250
-250
-250
-250
-237
-114
-252
-242
-247
-199
-253
-254
-254
125
-254
-219
-253
-253
-253
-253
-241
-17
-245
-167
-106
-255
-254
-254
-251
93
-221
13
-247
-253
-254
-252
-180
-215
-254
-234
-243
-255
-253
-255
-241
86
-251
-198
-253
-253
-253
-253
-255
-254
-254
-254
-253
-255
-251
-238
197
98
-251
-220
-187
-165
-192
-165
-246
167
-246
-55
59
-255
-251
-253
-251
-196
-253
-209
-238
-238
-237
-238
-247
-239
-247
-243
-249
-254
-252
-254
-248
-102
-249
-74
-254
-254
-254
-254
-254
-234
-253
-251
-244
-255
-255
-254
-250
194
-254
-200
-248
-249
-249
-249
-254
-255
-253
-251
-253
-201
-254
-254
-245
-255
-254
-180
-253
-253
-253
-253
-238
-249
-255
-251
-252
-255
-254
-255
-253
39
-241
-229
-167
-174
-169
-171
-249
-248
-248
-254
-251
-254
-254
-254
-250
115
-226
-198
-215
-216
-216
-215
-251
-242
-238
-245
-244
-255
-254
-254
-245
79
-218
-160
-250
-250
-250
-250
-250
-248
-250
-250
-251
-255
-255
-254
-253
0
-252
-203
-246
-246
-246
-246
-217
-243
-254
-253
-252
-255
-254
-239
-246
30
-250
-206
-249
-249
-250
-250
-246
-227
-236
-245
-227
-255
-254
-255
-251
81
-227
-105
-232
-233
-234
-232
-245
-219
-251
-248
-242
-255
-254
-253
-248
-144
-255
-216
-254
-254
-254
-254
-220
17
-242
-162
-213
-254
-255
-255
-252
-98
-252
-185
-247
-248
-248
-248
-251
-235
-249
-221
-209
-255
-255
-255
-253
8
-160
-91
-244
-246
-247
-246
-143
121
-164
-114
-221
-253
-250
-253
-245
0
-244
-138
-247
-248
-248
-248
-218
-245
-255
-251
-251
-255
-255
-254
-249
76
-248
-220
-242
-243
-243
-242
-192
-210
-251
-250
-251
-255
-254
-236
-245
-181
-252
-244
-213
-215
-217
-219
-238
-221
-255
-246
-246
-255
-254
-255
-252
154
-253
-195
-236
-240
-243
-239
-221
-58
-249
-203
-216
-254
-254
-255
-252
-105
-228
-217
-235
-236
-237
-235
-251
-254
-254
-157
-161
-225
-254
-254
-252
-158
-209
-34
-224
-225
-225
-225
-253
-228
-254
-222
-234
-166
-245
-252
-237
49
-244
-187
-243
-243
-243
-243
-244
-253
-255
-254
-254
-255
-254
-255
-253
22
-254
-229
-250
-251
-251
-251
-252
-252
-236
-250
-252
-254
-254
-254
-248
72
-226
-199
-240
-238
-240
-238
-162
-183
-233
-240
-239
-255
-254
-255
-245
119
-242
-221
-230
-231
-231
-231
-251
-251
-221
-253
-254
-255
-254
-255
-252
0
-254
-212
-250
-251
-250
-250
-254
-247
-236
-251
-253
-255
-254
-253
-240
95
-253
-202
-222
-228
-225
-227
-175
-239
-254
-245
-252
-255
-254
-245
-246
-77
-245
-148
-249
-249
-249
-249
-245
-251
-254
-211
-185
-233
-251
-252
-252
-165
-253
-220
-248
-248
-248
-251
-243
-199
-253
-230
-236
-255
-254
-254
-216
-88
-235
-206
-221
-223
-223
-222
-240
-253
-226
-253
-254
-255
-255
-255
-252
128
-248
-207
-245
-245
-245
-245
-224
-199
-248
-233
-241
-254
-252
-254
-241
91
-255
-181
-241
-242
-242
-241
-252
-203
-254
-239
-236
-255
-255
-255
-254
-198
-253
-214
-246
-247
-247
-246
-181
-210
-253
-246
-244
-255
-255
-254
-239
-70
-253
-209
-255
-255
-255
-255
-255
-254
-253
-254
-253
-255
-254
-255
-252
-231
-251
-177
-245
-246
-246
-246
-243
-232
-253
-249
-252
-255
-255
-255
-253
-104
-231
32
-252
-252
-253
-252
-248
-238
-246
-243
-252
-254
-255
-255
-253
-13
-250
-218
-166
-226
-200
-201
-232
-185
-254
-226
-233
-255
-254
-254
-242
-43
-255
-198
-250
-250
-250
-250
-229
-247
-254
-253
-253
-255
-254
-229
-249
101
-250
-157
-250
-251
-250
-250
-252
-247
-252
-239
-247
-243
-254
-254
-236
94
-191
54
-215
-244
-220
-239
-254
-239
-254
-243
-204
-250
-253
-255
-249
0
