-219
-254
-194
51
-209
113
-253
-253
-253
-253
-253
-62
-59
-59
32
-73
-138
-203
-202
-179
-213
81
151
-237
65
-240
-178
-197
-236
-228
-134
-228
-199
-255
-255
-255
-244
-228
-216
-218
-55
-200
-224
-221
-240
-247
-255
-255
248
-254
-243
-252
-247
-252
-255
-252
-254
112
82
-246
-249
-111
94
-86
-158
-248
-92
-100
-203
212
-236
-251
-243
-242
-247
8
-71
-71
73
-194
-182
-11
-12
-20
-229
44
-80
-234
18
-248
-251
-239
-240
-253
-254
-242
-222
-232
-217
-232
-172
-162
-140
-216
-193
-208
-161
-159
-199
-253
-255
-252
248
-251
-250
-102
77
138
-254
-239
-251
110
78
-253
-247
-110
-41
0
-143
-231
-104
8
-199
-135
-248
-245
-246
-246
-245
-116
-71
-71
175
-201
-217
177
175
20
-239
-168
-212
-243
-196
196
-248
-253
-255
-254
-253
-223
-235
-235
-230
-209
-166
-206
-222
-247
-247
-246
-245
-227
-247
-251
-255
-254
248
-246
-240
-242
-244
-244
-252
-250
-252
112
83
-251
-242
-111
-217
0
-244
-253
-238
78
-216
-73
-251
-250
-250
-250
-250
-21
-93
-93
8
-51
-193
18
17
-2
-231
-56
-104
-237
-113
-220
-253
-242
-238
-253
-254
-226
-225
-252
-251
-250
-236
-235
-239
-249
-240
-248
-242
-240
-246
-253
-255
-255
248
-253
-253
-251
-253
-231
-255
-247
-252
110
77
-255
-253
-111
153
0
169
-226
36
-52
-167
-164
-249
-250
-249
-247
-250
121
-67
-67
-20
-126
-230
-30
-31
-76
-225
-143
-64
-231
-172
-224
-254
-150
-199
-247
-253
-249
-249
-216
-237
-240
-249
-203
-162
-213
-227
-213
-224
-171
-254
-254
-255
-255
248
-254
-253
-253
-251
-252
-254
-253
-255
111
82
-254
-249
-105
82
27
-243
-255
-251
14
-195
154
-248
-246
-247
-246
-246
-92
-74
-74
-64
-33
-133
-26
-25
-130
-209
6
-70
-223
-30
-249
-230
-200
-231
-250
-253
-253
-248
-214
-225
-238
-219
-184
-152
-186
-105
-212
-222
-79
-248
-250
-254
-255
247
-221
-232
-244
-249
-253
-241
-249
-253
110
81
-252
-242
-104
101
0
-221
-254
-232
101
-222
-163
-254
-253
-253
-253
-253
-94
-100
-100
52
-135
-163
-210
-208
-205
-236
-44
161
-246
-53
-133
-241
-250
-248
-247
-232
-252
-249
-254
-254
-254
-249
-243
-239
-231
-121
-216
-199
-248
-224
-254
-255
-255
248
-254
-254
-255
-255
-253
-255
-253
-254
111
81
-254
-249
-110
123
-111
-88
-239
-171
-138
-70
157
-248
-246
-247
-246
-246
-25
-56
-56
56
-214
-166
34
31
80
-66
-255
-111
-125
-255
-252
-238
-232
-214
-245
-248
-226
-158
-248
-245
-249
-198
-228
-244
-251
-240
-238
-218
-222
-232
-250
-252
-251
245
-243
-238
225
244
255
-254
-223
-253
111
81
-252
-241
-108
60
-41
-230
-253
-238
93
-218
-168
-246
-243
-244
-243
-243
-44
10
10
98
-112
-143
-199
-200
-58
-172
-56
152
-150
-89
-123
-248
-251
-245
-244
-235
-253
-243
-254
-254
-255
-234
-243
-235
-218
-115
-101
-131
-143
-217
-253
-255
-254
248
-254
-254
-254
-255
-251
-255
-252
-254
112
81
-254
-248
-110
166
-88
166
-193
-51
-167
-120
224
-249
-247
-247
-246
-246
-65
-55
-55
-15
-216
-255
-19
-19
-131
-230
-6
-76
-238
-53
-249
-234
-117
-178
-184
-227
-242
-242
-174
-214
-249
-226
-129
-126
-135
-150
-227
-223
-124
-219
-230
-254
-253
247
-205
-190
-202
-216
-238
-232
-238
-246
109
79
-238
-176
-69
0
0
-176
-239
-101
22
-193
15
-232
-225
-227
-225
-224
-29
-68
-68
53
-166
-174
3
3
-151
-183
-93
-96
-202
-113
-235
-254
-237
-228
-238
-236
-238
-234
-251
-248
-250
-230
-229
-229
-251
-251
-245
-205
-152
-251
-255
-255
-255
248
-254
-254
-255
-255
-254
-255
-254
-255
112
82
-255
-254
-108
0
0
-54
-189
-131
-69
-207
94
-242
-238
-239
-238
-237
-27
-58
-58
85
-228
-229
-9
-8
-214
-242
-31
-87
-248
-42
-250
-250
-223
-242
-251
-253
-252
-251
-230
-247
-252
-250
-221
-83
-140
-176
-251
-246
-201
-237
-246
-254
-254
247
-238
-238
-236
-243
-246
-248
-251
-253
111
82
-250
-219
-107
0
0
-202
-239
-186
31
-209
12
-231
-222
-227
-224
-223
-10
-64
-64
9
-130
-132
-145
-146
-4
-168
-81
71
-227
-77
-231
-253
-236
-143
-161
-195
-193
-44
-244
-247
-230
175
-99
-76
-80
-142
-148
-111
6
-183
-202
-255
-252
249
-248
-248
6
-67
-100
-254
-237
-253
111
79
-253
-237
-111
60
-37
-236
-252
-222
12
-205
49
-246
-244
-247
-249
-252
-79
-61
-61
-18
-151
-209
29
28
-11
-238
-31
-114
-244
-53
-235
-254
-222
-249
-255
-255
-188
-176
-229
-229
-186
-60
-134
-159
-222
-201
-189
-103
-160
-190
-216
-75
52
71
-200
-180
-167
-207
-227
-251
-245
-247
112
78
-238
-149
-111
0
0
-248
-252
-243
11
-206
237
-248
-213
-247
-243
-238
-123
-55
-55
62
-178
-169
87
87
-69
-244
44
-159
-248
18
-246
-252
-254
-254
-255
-255
-161
-172
-244
-237
-211
-211
-237
-245
-251
-252
-231
-168
-106
-242
-252
-255
-254
248
-251
-248
-249
-250
-249
-254
-250
-254
112
82
-152
-249
-110
25
4
-205
-215
-194
78
-207
-145
-224
-213
-217
-212
-211
-174
65
65
-73
-178
-195
15
10
182
-186
-180
-89
-190
-255
-217
-177
-248
-221
-248
-250
-241
-226
-250
-251
-250
-238
-246
-236
-243
-241
-233
-233
-237
-254
-254
-255
-255
248
-251
-249
-253
-254
-251
-254
-252
-255
112
84
-254
-251
-107
101
0
97
-98
-196
-161
-105
-69
-238
-232
-234
-233
-232
-48
-57
-57
-150
-95
-255
-18
-18
-153
-213
-106
-78
-229
-113
-226
-254
-212
-232
-251
-250
-250
-251
-239
-246
-235
-235
-211
-202
-202
-204
-230
-230
-215
-252
-253
-255
-255
248
-251
-252
-251
-251
-253
-254
-254
-255
112
82
-254
-244
-103
98
0
-222
-254
-224
12
-171
-135
-244
-240
-242
-241
-240
-95
-16
-16
-9
-119
-153
-28
-29
-77
-244
-143
-66
-248
-148
-223
-252
-249
-253
-254
-254
-255
-255
-254
-254
-253
-251
-243
-233
-243
-246
-243
-242
-238
-248
-254
-255
-255
248
-249
-251
-254
-254
-249
-255
-253
-255
111
82
-255
-253
-109
-123
117
-213
-249
-227
-146
-103
-68
-249
-247
-248
-248
-247
-132
-61
-61
-149
-59
-180
-3
-2
-174
-227
-106
-92
-237
-113
-224
-254
-253
-254
-255
-255
-255
-254
-253
-255
-254
-244
-242
-232
-239
-245
-253
-248
-224
-249
-254
-255
-255
248
-250
-252
-254
-255
-253
-255
-254
-255
111
82
-255
-253
-109
-138
119
-216
-253
-176
-35
-182
-139
-255
-254
-255
-255
-254
-162
48
48
-39
12
-165
-171
-170
-177
-228
-56
100
-243
-65
-121
-172
-236
-220
-185
-191
-188
-183
-254
-254
-253
-215
-181
-174
-174
-207
-243
-208
-161
-247
-251
-255
-255
248
-254
-251
-254
-252
-250
-255
-253
-254
112
83
-252
-252
-110
115
-46
-218
-254
-223
-53
-161
243
-252
-253
-251
-251
-251
-181
-25
-25
-117
-47
-149
-5
-5
-170
-225
31
-89
-237
18
-248
-253
-254
-255
-255
-255
-255
-254
-251
-254
-254
-242
-232
-226
-224
-239
-251
-243
-204
-248
-254
-255
-255
248
-246
-248
-253
-254
-250
-255
-253
-254
111
82
-254
-251
-109
-126
102
-177
-234
-149
-124
-144
245
-248
-240
-246
-245
-244
-52
-57
-57
-22
-166
-224
-67
-66
-164
-231
-44
-31
-241
-53
-226
-254
-180
-229
-253
-253
-247
-246
-207
-181
-186
-246
-250
-245
-245
-218
-215
-223
-232
-150
-221
-255
-254
249
-248
-251
-246
-253
-249
-253
-248
-254
112
84
-245
-198
-114
-128
0
-243
-254
-242
1
-205
-83
-253
-253
-253
-253
-253
-183
-169
-169
11
-115
-193
2
1
-1
-231
-81
-91
-238
-136
-223
-253
-244
-238
-253
-254
-248
-238
-252
-253
-253
-241
-237
-250
-246
-247
-246
-239
-245
-248
-254
-255
-255
248
-254
-254
-254
-254
-235
-255
-248
-252
110
80
-255
-253
-112
102
0
120
-198
22
-113
-194
-68
-250
-249
-249
-249
-249
-116
-61
-61
28
-208
-255
-14
-17
75
-131
-255
-70
-120
-255
-225
-201
-99
-176
-224
-224
-236
-207
-203
-202
-215
-86
-177
-138
-245
-194
-195
-36
-133
-252
-252
-255
-254
248
-254
-255
-251
-250
-249
-254
-252
-252
111
85
-254
-190
-68
0
4
22
-219
34
-85
-137
-130
-252
-251
-251
-251
-251
-131
-56
-56
-173
31
119
-29
-29
-167
-223
-131
-68
-234
-136
-223
-254
-187
-226
-243
-243
-244
-241
-207
-225
-240
-246
-238
-216
-214
-124
-248
-253
-230
-250
-251
-255
-255
248
-248
-251
-247
-251
-253
-252
-254
-254
111
82
-254
-234
-96
0
0
-213
-243
-219
-37
-200
220
-246
-244
-243
-243
-242
-102
-57
-57
-37
-162
-166
-148
-147
-181
-235
93
66
-246
77
-236
-246
-249
-126
-90
-212
-10
-85
-255
-255
-251
-43
-69
-146
-205
-247
-206
-150
43
-170
-251
-255
-253
248
-252
-251
-249
-251
-243
-254
-228
-254
111
81
-253
-247
-110
0
-112
-224
-248
-193
-57
-182
244
-253
-247
-253
-252
-251
-95
-55
-55
-128
-51
-144
28
28
-32
-227
-44
-114
-241
-89
-248
-192
-198
-188
-221
-227
-239
-217
-253
-242
-248
-211
-235
-245
-251
-252
-252
-248
-233
-225
-250
-255
-254
248
-251
-250
-232
-251
-242
-254
-251
-253
112
84
-254
-247
-109
-243
-36
-226
-253
-250
-9
-176
217
-239
-237
-234
-234
-232
-31
-43
-43
-26
-133
-72
243
243
-161
-221
-68
-249
-233
-89
-218
-253
-255
-254
-254
-253
-252
-241
-249
-250
-250
-215
-246
-250
-254
-254
-250
-249
-224
-203
-252
-255
-254
248
-252
-250
-250
-250
-250
-254
-252
-145
32
-25
-246
-224
-109
-179
0
-229
-252
-230
-12
-193
209
-247
-247
-245
-246
-245
-61
-62
-62
-37
-58
-145
-15
-15
-132
-238
31
-80
-246
18
-248
-249
-248
-247
-253
-252
-255
-253
-250
-251
-251
-237
-239
-233
-240
-238
-246
-237
-229
-250
-254
-255
-255
248
-242
-243
-254
-254
-252
-255
-252
-254
111
82
-254
-251
-109
-123
100
-207
-251
-214
72
-217
-141
-233
-225
-228
-225
-224
40
-66
-66
39
-135
-211
-49
-51
3
-241
-56
-42
-242
-89
-107
-248
-233
-176
-250
-231
-251
-238
-245
-251
-247
-237
-242
-244
-241
-183
-236
-172
-225
-247
-255
-255
-255
248
-253
-253
-254
-255
-253
-255
-253
-255
112
82
-255
-253
-110
-248
111
-103
-226
-128
-118
-73
25
-244
-240
-242
-240
-240
34
-60
-60
-79
-93
-122
37
35
16
-81
-193
-118
-87
-255
-228
-255
-251
-250
-252
-252
-237
-155
-250
-249
-248
-207
-237
-246
-251
-251
-250
-245
-243
-244
-250
-255
-255
248
-249
-246
-57
-40
-84
-254
-234
-253
111
80
-253
-249
-109
151
-64
-239
-251
-232
8
-189
9
-235
-228
-231
-229
-228
-127
-44
-44
38
-124
-85
-16
-16
-84
-236
56
-78
-241
30
-239
-251
-236
-243
-254
-255
-246
-246
-240
-249
-252
-230
-234
-245
-249
-231
-246
-235
-246
-247
-254
-255
-254
248
-254
-253
-253
-254
-230
-255
-242
-252
110
77
-255
-254
-112
0
0
-209
-241
-208
92
-215
-129
-234
-227
-230
-228
-227
63
-2
-2
-59
-31
-135
-72
-71
-141
-229
-131
-25
-239
-148
-107
-179
-194
-224
-241
-245
-246
-244
-238
-218
-230
-226
-245
-249
-248
-214
-216
-212
-227
-211
-232
-254
-254
248
-247
-247
-230
-250
-243
-253
-251
-253
127
92
-243
-246
-121
-159
-39
-207
-240
-218
-89
-176
247
-251
-238
-250
-249
-247
-132
-63
-63
-160
-164
-141
-49
-48
-226
-236
6
-50
-245
-6
-224
-244
-213
-252
-254
-255
-253
-253
-3
-143
-201
-250
-251
-243
-245
-163
-253
-254
-253
-250
-252
-255
-255
248
-245
-247
-252
-253
-239
-254
-246
-254
112
82
-254
-253
-110
-144
1
-178
-207
-173
-92
-175
11
-228
-217
-223
-218
-217
-160
-54
-54
-79
-118
-166
-52
-52
-135
-223
-68
-45
-235
-101
-23
-252
-241
-244
-253
-254
-253
-254
-159
-221
-247
-245
-252
-249
-237
-168
-223
-233
-221
-5
255
-245
-227
253
-91
-31
195
-80
-176
-98
-57
60
-99
-17
-230
11
-217
-101
-54
-181
-241
-213
-20
-195
218
-243
-241
-239
-239
-238
-89
-58
-58
29
-193
-161
-151
-152
-32
-193
6
78
-238
42
-236
-252
-227
-110
-163
-170
-104
-23
-245
-244
-224
55
2
129
-103
-109
-166
-55
-35
-190
-230
-255
-252
248
-254
-253
-221
-230
-220
-255
-237
-253
111
79
-254
-237
-112
-74
-65
-228
-253
-210
42
-216
-146
-252
-251
-252
-252
-251
-106
-25
-25
69
-63
-168
93
91
20
-225
-155
-160
-231
-196
-207
-215
-240
-246
-252
-251
-251
-240
-244
-235
-233
-231
-231
-231
-235
-205
-216
-226
-205
-216
-254
-255
-255
248
-253
-252
-254
-253
-179
-255
-253
-252
156
191
-254
-252
-110
-105
0
-237
-246
-219
-192
-10
245
-249
-234
-248
-247
-244
-69
-56
-56
-128
-144
-112
57
56
-47
-235
68
-137
-240
53
-247
-255
-250
-251
-254
-255
-175
-55
-245
-226
-161
-117
-73
-129
-196
-168
-93
-129
-90
-218
-233
-153
-150
147
-223
-212
-207
-226
-235
-252
-247
-250
112
81
-244
-195
-110
0
0
-212
-255
-225
-2
-190
-57
-254
-254
-254
-254
-254
-135
-59
-59
-101
-6
-113
-28
-28
-122
-230
143
-68
-236
125
-244
-252
-252
-254
-255
-255
-255
-255
-250
-251
-252
-250
-247
-238
-248
-236
-247
-250
-239
-248
-254
-255
-255
248
-251
-252
-254
-254
-253
-255
-254
-255
111
82
-255
-253
-109
-131
107
-62
-214
-220
-164
-112
152
-237
-231
-236
-232
-231
-124
-58
-58
-136
-147
-88
-81
-80
-167
-238
6
-15
-245
-42
-226
-255
-201
-238
-254
-255
-254
-253
-229
-115
-104
-247
-249
-249
-252
-210
-122
-94
-12
-238
-250
-255
-255
248
-255
-255
-255
-254
-253
-255
-254
-253
111
81
-254
-250
-110
-8
-10
-228
-255
-240
-52
-84
-113
-255
-255
-255
-255
-255
-225
-14
-14
-118
47
-45
255
255
-170
-238
-168
-255
-247
-172
255
-254
-255
-254
-254
-251
-252
-249
-254
-252
-253
-236
-252
-254
-254
-254
-254
-254
-227
-210
-252
-255
-255
248
-254
-254
-253
-254
-254
-254
-254
-235
97
62
-255
-233
-110
73
0
-230
-253
-218
-89
-159
202
-244
-247
-249
-244
-246
-102
-62
-62
-58
-66
43
29
29
-88
-203
-106
-116
-218
-136
-249
-255
-240
-245
-254
-255
-226
-163
-244
-246
-231
67
-94
-108
-215
-225
-43
46
-143
-84
-147
223
188
-224
-106
-92
-14
-128
-214
-250
-242
-241
115
83
-210
33
-108
0
-65
-247
-253
-244
11
-209
147
-248
-245
-247
-246
-245
-91
-37
-37
-16
-128
-132
3
2
-25
-237
19
-92
-248
6
-247
-254
-240
-252
-255
-255
-241
-211
-233
-239
-233
-211
-220
-225
-247
-239
-242
-211
-137
-243
-251
-255
-254
248
-250
-247
-205
-246
-249
-253
-250
-254
112
82
-121
-248
-111
-84
6
-253
-255
-242
74
-222
-4
-227
-220
-222
-220
-219
14
-60
-60
-35
-126
66
17
16
-31
-241
-81
-105
-245
-101
-232
-244
-226
-247
-253
-254
-232
-221
-240
-244
-238
-120
-201
-200
-219
-188
-162
-12
-141
-252
-252
-255
-255
248
-255
-253
-254
-253
-252
-255
-253
-247
108
70
-254
-253
-110
58
25
-152
-237
-149
-79
-170
246
-253
-244
-253
-252
-251
-74
-58
-58
-107
-114
-204
-156
-156
-112
-220
168
81
-243
160
-238
-254
-227
-98
-101
-124
-87
21
-245
-246
-242
255
255
3
-17
25
-143
10
-104
-196
-158
-255
-252
251
-253
-252
-224
-244
-241
-254
-243
-252
110
78
-253
-229
-113
-74
-60
-172
-218
-172
-97
-159
-54
-245
-242
-243
-242
-242
-33
-56
-56
-101
-148
-184
-30
-30
-165
-185
19
-67
-211
-53
-244
-248
-250
-248
-254
-255
-254
-254
-225
-251
-248
-251
-248
-225
-238
-164
-242
-239
-239
-154
-191
-254
-255
249
255
255
-126
-216
-245
-133
-235
-251
111
81
-252
-123
-49
16
18
-118
-212
-29
-55
-186
-68
-247
-244
-245
-244
-244
-46
-68
-68
-79
-49
-148
171
169
59
-199
-68
-208
-203
-160
-197
-254
-252
-254
-253
-253
-210
-235
-213
-184
-202
-221
-234
-233
-240
-240
-250
-237
-203
-237
-243
-252
-253
245
-248
-241
-233
-242
-248
-253
-251
-114
9
5
-252
-219
-90
-72
61
-206
-254
-221
43
-189
-129
-254
-254
-254
-254
-254
-112
-255
-255
-32
20
-107
-3
-3
-108
-243
-93
-90
-249
-89
-220
-253
-252
-254
-255
-254
-254
-253
-251
-252
-254
-242
-245
-243
-251
-245
-244
-238
-235
-254
-254
-255
-255
248
-253
-253
-254
-255
-253
-255
-254
-255
112
82
-255
-254
-109
-137
116
-212
-247
-220
-6
-197
-81
-241
-236
-237
-236
-236
-49
-37
-37
-9
-7
-153
-191
-190
-162
-156
-68
131
-225
-53
-99
-202
-230
-217
-222
-152
-209
-137
-251
-251
-250
-236
-213
-202
-193
-156
-226
-238
-229
-249
-252
-255
-255
248
-254
-250
-251
-247
-248
-255
-253
-254
112
82
-251
-246
-106
153
-48
-227
-255
-242
-28
-195
160
-251
-249
-250
-250
-249
-191
-78
-78
-112
-56
-147
239
237
-2
-222
-193
-245
-229
-196
-208
-252
-253
-251
-253
-250
-246
-228
-250
-242
-246
-247
-250
-251
-253
-253
-253
-251
-222
-210
-253
-255
-254
248
-253
-253
-252
-253
-251
-254
-250
-218
85
38
-254
-221
-97
-131
0
-230
-254
-213
-69
-171
214
-252
-255
-255
-254
-255
-92
56
56
16
-99
-152
-24
-23
-117
-219
-168
-72
-232
-219
-222
-249
-248
-247
-242
-236
-249
-250
-249
-253
-253
-253
-248
-212
-233
-229
-248
-222
-228
-248
-254
-255
-254
248
-246
-245
-252
-253
-250
-255
-249
-254
112
82
-254
-249
-109
-121
112
-192
-216
-243
-214
11
-140
-234
-225
-229
-224
-225
-105
-55
-55
-173
93
-255
-64
-64
-148
-214
-118
-33
-226
-125
-115
-255
-227
-248
-253
-254
-254
-255
-224
-228
-207
-246
-252
-252
-248
-236
-235
-224
-245
-253
-254
-255
-255
248
-254
-253
-251
-252
-253
-255
-253
-243
103
76
-254
-253
-108
0
-15
-173
-242
-95
23
-228
-255
-221
-241
-240
-230
-238
194
-112
-112
20
-116
-109
-22
-23
-31
-247
-56
-71
-250
-89
-223
-234
-246
-244
-254
-255
-253
-247
-246
-244
-233
-208
-202
-232
-240
-225
-190
-167
-175
-247
-254
-255
-252
248
-253
-253
-251
-253
-245
-254
-229
-252
110
74
-254
-251
-110
128
4
-198
-249
-201
-44
-165
159
-253
-252
-253
-252
-252
-110
-66
-66
-100
-145
-166
-158
-158
-52
-213
-6
87
-241
30
-234
-250
-222
-165
-147
-190
-130
-115
-247
-249
-242
178
101
-81
-156
-90
-139
24
-38
-157
-220
-255
-251
249
-251
-250
254
126
-20
-254
-226
-252
111
78
-252
-234
-112
81
-185
-183
-243
-200
69
-225
135
-227
-217
-221
-218
-217
120
-65
-65
115
-187
-198
-88
-88
-138
-218
31
-7
-229
6
-227
-250
-185
-229
-252
-254
-251
-250
-238
-218
-204
-227
-243
-241
-249
-216
-158
-174
-224
-237
-254
-255
-254
248
-254
-252
-251
-251
-240
-255
-252
-252
110
80
-247
-250
-119
-48
-64
-173
-186
-166
-189
-7
152
-237
-231
-236
-232
-231
-146
-55
-55
-112
-173
-193
-47
-46
-160
-229
81
-51
-238
30
-222
-254
-214
-250
-254
-255
-254
-255
-211
-175
-227
-252
-247
-240
-230
-177
-242
-222
-238
-225
-197
-255
-255
249
-245
-248
-200
-241
-249
-250
-253
-199
71
70
-253
-248
-116
-11
0
-221
-248
-174
-18
-223
157
-212
-183
-180
-166
-164
-33
-65
-65
16
-108
-214
57
55
20
-236
-106
-135
-241
-113
-211
-254
-242
-245
-253
-254
-212
-78
-223
-179
-191
-16
-63
-107
-217
-206
-97
-138
-37
-98
-155
160
240
-161
-118
-112
-35
-143
-204
-248
-236
-244
117
87
-218
12
-110
0
106
-229
-252
-232
58
-216
-36
-249
-247
-247
-247
-246
-17
-8
-8
-13
-102
-121
-22
-22
-143
-219
-44
-74
-230
-77
-231
-254
-252
-254
-254
-254
-255
-254
-251
-253
-254
-252
-245
-241
-244
-229
-252
-248
-233
-253
-255
-255
-255
248
-248
-247
-254
-254
-254
-255
-252
-255
112
82
-255
-253
-109
-135
130
-223
-255
-233
78
-216
-38
-255
-255
-255
-255
-255
-176
-106
-106
-78
-86
-112
-203
-202
-171
-223
-31
150
-235
-65
-236
-220
-250
-240
-247
-208
-251
-245
-253
-255
-255
-234
-227
-234
-198
-51
-200
-36
-226
-225
-254
-255
-254
248
-254
-254
-254
-255
-251
-255
-250
-254
112
82
-254
-248
-110
-255
97
-165
-253
-35
-100
-78
-25
-246
-243
-244
-244
-244
-148
-53
-53
35
-183
-255
-16
-18
21
-113
-218
-72
-112
-255
-230
-254
-238
-192
-219
-236
-245
-240
-247
-251
-246
-242
-237
-242
-244
-250
-245
-224
-208
-230
-211
-255
-254
249
-245
-239
-217
-231
-249
-249
-252
-190
65
48
-252
-223
-255
58
155
-87
-242
-210
-55
-160
251
-237
-229
-230
-228
-227
-6
-68
-68
162
-227
-124
37
37
-137
-216
-131
-123
-230
-172
-214
-255
-254
-253
-254
-254
-239
-180
-247
-250
-252
-155
-221
-240
-251
-252
-245
-223
-236
-129
-248
-255
-254
248
-243
-237
255
255
245
-253
-213
-252
111
81
-252
-238
-110
-51
-25
-227
-252
-199
64
-218
80
-249
-248
-249
-248
-248
-30
-81
-81
-5
-41
-127
81
80
-29
-226
-31
-154
-232
-113
-244
-218
-243
-243
-250
-251
-237
-235
-246
-229
-205
-172
-208
-209
-230
-160
-179
-152
-205
-200
-252
-255
-254
248
-250
-248
-252
-252
-193
-254
-250
-250
142
166
-253
-246
-110
56
129
-194
-254
-188
-7
-204
49
-237
-230
-233
-232
-231
-62
-64
-64
-74
-51
-164
-180
-181
-43
-219
6
122
-244
30
-235
-254
-220
-211
-205
-186
-181
-188
-243
-234
-241
-31
-93
-170
-174
-80
-190
-172
-115
-198
-219
-255
-252
249
-252
-253
-212
-241
-232
-254
-237
-253
111
81
-254
-238
-112
44
102
103
-235
-209
29
-230
39
-207
-187
-194
-190
-188
188
-47
-47
-46
-176
-148
-14
-15
4
-227
-180
-76
-234
-208
-242
-211
22
255
-75
-44
-140
-106
-236
-235
-239
-210
-175
-190
-226
-230
-212
-189
-147
-140
-233
-253
-254
247
-248
-250
-242
-250
-234
-253
-239
-253
111
76
-254
-246
-111
-215
37
-254
-255
-240
14
-208
11
-249
-247
-248
-248
-247
-175
-57
-57
-46
-62
-149
-55
-55
-103
-224
-56
-41
-232
-101
-5
-244
-188
-227
-248
-250
-248
-247
-207
-230
-212
-219
-216
-222
-212
-119
-147
-129
-145
-251
-255
-255
-255
248
-255
-253
-255
-251
-252
-255
-251
-252
110
80
-254
-253
-110
-124
80
-208
-248
-110
-82
-168
160
-251
-249
-250
-250
-249
-50
-62
-62
-124
-41
-107
-74
-74
-103
-235
-56
-21
-240
-136
-225
-184
-218
-228
-247
-252
-241
-247
-184
-201
-227
-219
-235
-237
-249
-172
-205
-178
-186
-226
-217
-251
-254
245
-246
-247
-207
-236
-240
-247
-247
-245
106
79
-252
-247
-116
22
42
-209
-243
-228
-68
-183
-70
-242
-237
-238
-237
-237
11
-67
-67
26
-176
-202
-48
-48
-69
-235
-106
-47
-241
-148
-77
-222
-244
-245
-251
-252
-249
-253
-243
-245
-241
-213
-225
-240
-234
-227
-233
-242
-225
-246
-254
-255
-255
247
-252
-252
-254
-254
-247
-255
-253
-254
111
81
-253
-253
-111
46
105
-106
-242
-164
-157
-63
55
-246
-243
-244
-244
-243
0
-58
-58
52
-195
-198
49
49
-130
-195
-118
-133
-208
-160
-230
-254
-183
-190
-238
-244
-198
-164
-246
-243
-243
-216
-234
-241
-247
-247
-233
-223
-201
-228
-248
-253
-254
246
-222
-225
69
-78
36
-254
-241
-254
112
83
-253
-240
-108
100
77
-245
-254
-249
124
-205
22
-245
-240
-242
-241
-241
-66
-55
-55
-123
82
-112
-49
-49
-134
-233
-68
-48
-244
-77
-24
-231
-75
-214
-253
-254
-253
-253
-201
-203
-208
-230
-228
-219
-231
-131
-184
-162
-187
-254
-253
-255
-255
248
-253
-252
-252
-252
-254
-255
-254
-200
72
67
-254
-251
-109
-226
118
104
-254
-242
-3
-233
-69
-248
-246
-247
-247
-247
-83
-62
-62
135
-210
-255
42
36
212
-236
-143
-112
-230
-231
-216
-254
-250
-250
-254
-255
-245
-244
-253
-245
-242
-236
-235
-244
-251
-234
-240
-235
-237
-247
-249
-255
-252
248
-254
-253
-253
-253
-239
-255
-245
-253
111
80
-255
-252
-110
234
121
-162
-243
-132
-29
-207
152
-247
-244
-245
-244
-244
-88
-57
-57
113
-191
12
23
21
39
-246
68
-107
-249
30
-249
-241
-249
-254
-255
-254
-232
-226
-246
-244
-241
-221
-240
-228
-241
-226
-231
-207
-238
-247
-253
-255
-255
248
-253
-253
-232
-244
-247
-248
-252
-254
113
87
-254
-234
-96
56
70
-179
-246
-171
21
-216
22
-236
-235
-246
-226
-241
83
-72
-72
-116
-56
-4
-54
-55
-50
-217
-56
-40
-242
-65
-5
-249
-210
-232
-251
-251
-250
-244
-221
-228
-218
-220
-235
-231
-245
-207
-182
-135
-179
-246
-254
-255
-251
248
-253
-252
-205
-138
122
-254
-223
-251
110
72
-254
-252
-110
-37
53
-179
-250
-140
-96
-172
-63
-250
-244
-244
-244
-242
67
-76
-76
-29
-118
-203
-23
-24
-35
-241
-31
-70
-248
-42
-232
-247
-231
-243
-254
-255
-250
-239
-237
-236
-235
-233
-195
-232
-240
-174
-227
-157
-185
-246
-255
-255
-252
248
-253
-252
-227
-177
-207
-253
-233
-253
111
76
-254
-253
-109
-48
81
-205
-216
-242
-216
255
231
-221
-222
-237
-252
-250
15
-68
-68
-130
-58
-255
-64
-64
-124
-243
-93
-32
-248
-113
-118
-251
-210
-220
-254
-254
-254
-252
-249
-231
-242
-245
-250
-250
-248
-210
-241
-245
-246
-236
-253
-255
-254
248
-254
-253
-253
-252
-236
-254
-238
-253
111
81
-254
-250
-110
-153
120
-248
-254
-243
43
-207
136
-246
-243
-244
-244
-243
-64
-42
-42
-65
-38
-120
62
62
-138
-239
-19
-142
-245
-42
-249
-247
-254
-254
-254
-254
-160
-95
-252
-251
-251
-195
-241
-240
-252
-254
-223
-153
-146
-234
-245
-255
-254
248
-243
-239
-223
-241
-245
-251
-250
-254
113
83
174
-234
-110
73
118
-1
-156
-255
-255
-255
151
-214
-211
-201
-199
-198
-21
-66
-66
-161
163
-255
-38
-37
-151
-233
-81
-60
-245
-89
-222
-252
-199
-251
-254
-255
-255
-252
-237
-216
-249
-246
-245
-217
-244
-213
-247
-239
-238
-246
-254
-255
-255
248
-254
-253
-254
-254
-252
-255
-251
-252
110
75
-254
-251
-110
-72
123
-244
-255
-251
57
-198
147
-247
-244
-245
-245
-244
-41
-46
-46
-112
39
-74
-13
-13
-87
-229
44
-81
-235
30
-250
-221
-200
-235
-252
-254
-253
-242
-234
-222
-233
-125
-176
-173
-149
-123
-177
-50
-180
-254
-254
-255
-255
248
-254
-253
-253
-253
-254
-255
-254
-254
111
82
-254
-254
-110
0
113
-229
-252
-242
90
-209
91
-245
-242
-243
-242
-241
-89
-47
-47
-33
-86
-63
221
220
-89
-231
-180
-238
-239
-243
-203
-251
-251
-251
-252
-253
-247
-237
-240
-251
-250
-226
-243
-249
-252
-253
-251
-248
-235
-221
-253
-255
-255
248
-253
-252
-252
-253
-252
-254
-253
-215
83
39
-254
-234
-107
-82
125
-99
-197
-115
17
-161
-74
-238
-233
-235
-233
-233
-27
-63
-63
-96
-157
-206
57
57
-104
-250
-44
-139
-253
-53
-215
-246
-244
-237
-249
-249
-200
-212
-252
-253
-251
-238
-244
-244
-253
-254
-253
-248
-237
-235
-252
-253
-245
246
-244
-239
-80
-62
-122
-243
-231
-252
111
79
-253
-250
-109
51
51
-183
-238
-149
-17
-178
51
-238
-232
-234
-233
-233
-90
-57
-57
-60
-141
-111
-50
-50
-150
-243
6
-47
-247
-6
-7
-255
-226
-250
-255
-254
-254
-254
-236
-220
-227
-249
-252
-251
-234
-173
-235
-236
-242
-197
-241
-255
-255
248
-239
-244
-251
-254
-250
-254
-246
-240
120
82
-246
-229
-113
102
111
-241
-252
-221
10
-207
218
-250
-243
-250
-249
-248
-143
-36
-36
-43
-97
-151
-147
-147
-125
-193
-6
67
-208
-30
-236
-152
-249
-222
-227
-244
-138
-202
-252
-247
-250
-132
-161
-202
-241
-244
-246
-233
-176
-247
-253
-255
-255
248
-253
-243
-249
-245
-248
-254
-251
-254
112
83
-251
-250
-110
-102
0
-229
-252
-219
-21
-190
-89
-252
-251
-251
-251
-251
-127
-72
-72
-42
37
-182
44
44
-146
-207
-93
-129
-221
-125
-217
-215
-216
-193
-225
-222
-250
-235
-251
-251
-253
-116
-194
-209
-242
-241
-167
-135
-210
-242
-254
-255
-255
248
-254
-252
-254
-253
-245
-255
-254
-252
118
100
-255
-252
-110
77
108
109
-252
-243
3
-237
238
-246
-241
-244
-243
-242
-49
-63
-63
-43
-181
-150
2
-1
91
-155
-143
-84
-138
-243
-249
-246
-216
-204
-233
-237
-246
-227
-241
-235
-239
-178
-217
-191
-238
-243
-209
-187
-204
-242
-250
-255
-255
247
-254
-247
-251
-251
-249
-255
-244
-253
110
78
-251
-249
-110
-123
0
-216
-253
-231
13
-191
87
-249
-246
-247
-247
-247
-130
-64
-64
-46
-87
-105
-28
-28
-125
-215
-106
-68
-237
-101
-254
-253
-253
-254
-255
-255
-255
-253
-249
-251
-251
-252
-251
-248
-243
-211
-238
-242
-247
-247
-254
-255
-255
248
-246
-250
-254
-254
-250
-255
-251
-254
111
81
-254
-251
-109
-124
123
-39
-204
-50
-98
-126
-73
-242
-237
-239
-238
-237
-79
-74
-74
-166
-16
-255
-91
-91
-144
-221
-180
-3
-233
-196
-86
-255
-213
-239
-249
-249
-236
-248
-252
-174
-107
-212
-215
-231
-251
-246
-186
-99
-172
-246
-249
-255
-254
248
-255
-254
-253
-255
-239
-255
-242
-253
111
70
-255
-252
-110
-8
126
-197
-207
-141
-155
-206
243
-233
-230
-235
-240
-239
-46
-63
-63
-151
-39
-182
-76
-75
-180
-239
-31
-21
-245
-42
-120
-253
-169
-241
-253
-254
-253
-253
-199
-157
-181
-243
-251
-249
-254
-241
-54
-194
-195
242
-43
-254
-254
253
-208
-210
-114
-187
-231
-236
-247
-144
36
-23
-242
-223
-135
18
73
-223
-254
-228
15
-184
57
-253
-253
-253
-253
-253
-160
-72
-72
-46
-115
-152
-13
-13
-140
-158
-143
-82
-191
-184
-243
-252
-254
-254
-254
-254
-255
-254
-254
-254
-253
-251
-245
-228
-226
-246
-252
-249
-234
-249
-255
-255
-255
248
-248
-249
-254
-254
-253
-255
-254
-254
111
82
-254
-252
-110
-130
130
-228
-253
-242
56
-210
-136
-251
-250
-250
-250
-250
-115
45
45
-50
-43
-135
235
235
-188
-254
-93
-246
-254
-101
211
-254
-255
-255
-254
-254
-255
-250
-254
-253
-255
-236
-234
-254
-255
-255
-250
-254
-246
-227
-254
-255
-255
248
-254
-254
-254
-254
-254
-255
-254
-233
95
58
-255
-240
-109
134
77
-200
-208
-196
186
-225
-129
-246
-243
-244
-243
-243
103
-38
-38
-12
-199
-229
-135
-138
64
-255
6
65
-255
-42
-123
-79
-229
-233
-238
-240
-247
-244
-244
-242
-234
-242
-248
-243
-242
-221
-208
-224
-231
-223
-220
-254
-254
248
-226
-222
-84
-147
-209
-249
-248
-251
133
85
-225
-212
-142
57
65
-181
-231
-176
-37
-197
-55
-246
-244
-244
-244
-244
51
-56
-56
-66
-161
-195
-45
-45
-95
-245
155
-51
-250
113
-231
-254
-240
-249
-255
-255
-254
-253
-237
-243
-235
-237
-243
-231
-239
-227
-235
-234
-245
-150
-241
-254
-255
248
-233
-225
-249
-254
-253
-254
-254
-255
112
84
-253
-220
-111
97
107
-167
-210
-110
11
-160
-70
-246
-244
-245
-243
-243
-152
-87
-87
-78
-144
-255
59
56
64
-221
-243
-134
-226
-255
-214
-231
-185
-184
-235
-215
26
-18
-251
-240
-192
-191
-182
-206
-243
-218
-218
-228
-244
-234
-240
-255
-252
248
-252
-252
-192
-233
-247
-253
-221
-253
111
78
-250
-252
-110
-217
37
-174
-199
-163
9
-220
-133
255
255
255
255
255
255
-62
-62
170
-204
-130
9
7
-8
-235
-93
-97
-241
-125
-217
-237
-236
-232
-244
-245
-237
-190
-240
-241
-234
-213
-205
-147
-231
-221
-199
-169
-98
-231
-254
-255
-253
248
-253
-252
-214
-230
-186
-255
-228
-253
111
82
-254
-251
-110
-67
36
-214
-250
-186
-13
-165
243
-245
-238
-237
-233
-233
-109
-64
-64
-26
-2
-161
24
24
-103
-228
-131
-113
-236
-148
-216
-232
-236
-246
-251
-253
-243
-233
-250
-245
-240
-49
-137
-122
-199
-216
-53
-9
-208
-191
-250
-255
-254
248
-250
-248
-250
-250
-166
-254
-228
-251
178
222
-253
-241
-109
-224
86
-19
-171
-107
120
-216
161
-247
-245
-247
-244
-246
-72
-66
-66
-89
-189
-209
70
69
-101
-240
44
-147
-245
18
-247
-254
-253
-253
-254
-254
-169
-154
-251
-252
-241
-212
-242
-247
-252
-252
-249
-247
-236
-231
-253
-255
-254
247
-250
-250
-231
-224
-185
-255
-245
-252
111
78
-254
-244
-108
-8
81
-231
-254
-223
-59
-187
-34
-254
-255
-255
-254
-255
-35
-86
-86
-13
-110
-152
50
50
-85
-216
-81
-133
-226
-101
-219
-255
-247
-252
-255
-255
-156
-51
-236
-247
-244
-131
-195
-207
-244
-203
-118
-145
-232
-150
-187
44
98
-47
-161
-144
-106
-163
-224
-252
-246
-245
114
83
-225
-75
-109
-68
92
-211
-247
-199
-18
-201
22
-242
-239
-240
-239
-238
-133
-61
-61
-32
-26
-76
-134
-133
-148
-202
-6
48
-235
30
-230
-254
-239
-101
-175
-247
-101
-213
-248
-252
-251
-98
-162
-203
-238
-245
-162
-85
45
-186
-251
-254
-251
247
-252
-251
-251
-251
-223
-254
-215
-252
112
86
-253
-248
-109
-131
0
-240
-255
-223
59
-224
12
-248
-247
-248
-247
-247
-77
-103
-103
6
-75
-107
-152
-151
-124
-222
19
74
-240
6
-233
-131
-249
-249
-253
-252
-195
-226
-253
-252
-251
-195
-203
-199
-232
-244
-230
-222
-174
-226
-253
-255
-255
248
-252
-244
-246
-246
-247
-252
-251
-254
112
82
-252
-247
-108
-179
30
-64
-212
-149
-75
-192
96
-246
-243
-244
-243
-243
-9
-62
-62
59
-188
-216
1
1
-181
-240
-19
-95
-248
-30
-249
-249
-254
-254
-255
-255
-253
-249
-251
-253
-254
-239
-190
-194
-230
-228
-241
-241
-219
-247
-252
-255
-255
248
-254
-253
-254
-254
-253
-255
-252
-243
103
58
-254
-252
-110
123
123
-242
-251
-243
-153
-173
-25
-245
-242
-243
-242
-241
-103
-59
-59
100
-218
-208
-48
-48
-84
-244
-31
-48
-249
-42
-53
-248
-184
-225
-254
-254
-250
-252
-251
-243
-239
-248
-246
-244
-250
-245
-233
-243
-244
-245
-254
-255
-255
248
-254
-253
-254
-254
-231
-255
-245
-252
110
78
-255
-253
-112
-51
102
-237
-251
-210
-66
-173
-74
-252
-251
-251
-251
-251
-174
-83
-83
64
-160
-97
-60
-60
-58
-204
-168
-34
-220
-208
-81
-225
-216
-250
-251
-252
-252
-251
-234
-227
-252
-246
-245
-246
-244
-203
-244
-247
-240
-251
-254
-255
-255
248
-254
-253
-244
-251
-251
-254
-254
-255
112
83
-252
-253
-110
77
51
-220
-246
-212
-96
-149
59
-250
-249
-249
-249
-249
-147
-65
-65
-74
-177
-159
2
2
-167
-178
-143
-95
-205
-148
-240
-254
-253
-255
-255
-255
-254
-252
-254
-254
-253
-247
-241
-224
-245
-253
-255
-254
-230
-243
-250
-255
-254
248
-253
-252
-229
-252
-247
-254
-251
-254
111
81
-254
-252
-110
-217
119
151
-216
5
-37
-201
48
-234
-227
-230
-228
-228
82
-63
-63
-171
-13
-37
-43
-42
-189
-235
-44
-56
-244
-53
-250
-252
-129
-239
-253
-254
-251
-252
-112
-191
-201
-242
-251
-245
-228
-71
-234
-237
-237
-252
-251
-255
-255
248
-251
-250
-250
-249
-251
-253
-253
-254
111
82
-254
-239
-101
181
129
-244
-249
-242
-135
-148
238
-233
-233
-243
-254
-253
-118
-62
-62
-46
-146
-171
-21
-21
-120
-231
-106
-75
-241
-113
-221
-204
-175
-231
-249
-254
-246
-243
-243
-246
-250
-238
-224
-226
-233
-220
-222
-238
-229
-240
-253
-255
-254
248
-254
-253
-254
-253
-223
-255
-242
-249
109
75
-254
-251
-115
0
102
215
-221
-100
22
-200
153
-239
-233
-235
-232
-233
48
-63
-63
-136
-43
-123
-21
-21
-134
-216
-6
-75
-227
-42
-249
-249
-118
-167
-245
-248
-247
-237
-195
-215
-243
-221
-185
-164
-143
-159
-249
-225
-191
-252
-252
-255
-254
248
-253
-253
-250
-248
-246
-254
-251
-254
112
87
-253
-4
68
101
94
-227
-252
-241
114
-206
148
-245
-241
-244
-242
-241
-61
-54
-54
-52
-90
-158
225
224
-87
-212
-44
-240
-224
-77
-210
-254
-255
-254
-254
-253
-250
-246
-246
-250
-250
-191
-245
-247
-253
-255
-251
-247
-239
-203
-252
-255
-254
248
-253
-251
-251
-252
-251
-254
-252
-184
60
15
-254
-224
-110
-105
174
-245
-251
-243
-51
-199
-80
-239
-233
-235
-233
-233
-129
-114
-114
11
-150
-90
-20
-20
-121
-226
-131
-76
-235
-136
-226
-234
-196
-209
-249
-250
-227
-229
-192
-189
-225
-174
-149
-92
-158
-175
-148
-204
-122
-230
-251
-255
-255
248
-253
-252
-232
-247
-245
-254
-253
-253
113
85
-254
-241
-110
51
46
-188
-226
-150
-81
-96
19
-233
-225
-228
-226
-225
-244
14
14
-182
-141
-211
8
8
-91
-230
-44
-99
-240
-53
-234
-198
-227
-236
-236
-237
-225
-196
-243
-240
-246
-190
-196
-204
-210
-232
-223
-222
-218
-249
-248
-255
-254
248
-248
-242
-28
-103
-187
-253
-244
-253
112
83
-251
-223
-95
148
96
255
-248
-148
6
-202
28
-254
-254
-255
-254
-254
-32
-71
-71
-79
-103
-197
-6
-6
-75
-224
-155
-86
-235
-172
-236
-250
-188
-169
-250
-251
-238
-230
-244
-241
-219
-168
-119
-52
-197
-248
-211
-158
-147
-223
-208
-254
-254
248
-243
-247
-211
-237
-245
-245
-252
-217
85
64
-251
-160
-49
73
103
-234
-253
-231
-80
-160
-84
-245
-241
-243
-241
-241
-58
-180
-180
-62
-13
18
58
58
-106
-227
-81
-139
-236
-125
-215
-255
-251
-254
-255
-255
-190
-48
-246
-250
-230
-55
-165
-218
-244
-221
-178
-99
-220
-218
-231
-140
-114
134
-220
-221
-202
-222
-240
-252
-250
-250
112
81
-246
-187
-110
165
80
166
-225
11
-111
-173
-52
-250
-249
-249
-249
-249
-84
-57
-57
-49
-171
-29
-21
-21
-106
-243
143
-74
-248
77
-243
-254
-152
-241
-252
-254
-253
-251
-235
-233
-213
-222
-194
-171
-205
-201
-227
-221
-216
-251
-252
-255
-255
248
-254
-254
-249
-250
-252
-254
-254
-254
112
82
-254
255
255
208
117
-237
-253
-212
-73
-149
-76
-250
-248
-249
-248
-248
-151
-174
-174
-60
-114
-180
76
75
14
-243
-106
-149
-246
-125
-212
-255
-247
-253
-255
-255
-136
-185
-224
-197
-221
-168
-148
-205
-213
-193
-231
-211
-165
-174
-211
-53
255
49
-195
-172
-158
-177
-210
-250
-242
-243
114
83
-233
-138
-108
92
70
-173
-227
-164
17
-196
202
-206
-194
-211
-222
-223
165
149
149
-5
-87
-136
-183
-183
-129
-203
-106
120
-235
-113
-134
-251
-243
-180
-176
-87
-123
49
-252
-244
-227
-54
-89
87
9
43
-144
-211
-185
-160
-219
-255
-251
249
-253
-252
-243
-251
-204
-254
-222
-249
108
72
-253
-231
-112
48
64
-251
-254
-250
-19
-206
152
-236
-230
-232
-227
-230
-120
-58
-58
-65
-77
-97
-14
-15
-34
-236
44
-78
-239
-6
-249
-189
-118
-133
-243
-245
-183
-182
-165
-110
-209
189
-84
-58
-180
-174
-140
174
-11
-222
-246
-255
-255
248
-253
-251
-204
-233
-241
-254
-253
-253
114
86
-254
-236
-110
58
30
-185
-252
-244
-15
-190
-70
-248
-245
-246
-246
-245
-37
-53
-53
28
-185
-201
-141
-143
22
-237
-6
68
-248
6
-91
-254
-235
-209
-230
-212
-172
-173
-246
-240
-248
-222
-224
-238
-239
-212
-246
-246
-216
-234
-243
-255
-254
248
-251
-250
-240
-251
-238
-82
-223
-254
112
82
-254
-246
-110
-51
0
-238
-252
-223
-44
-195
70
-220
-207
-213
-209
-208
-57
-59
-59
-7
-171
-223
34
34
-72
-193
-118
-120
-209
-148
-240
-254
-248
-247
-253
-255
-208
-134
-246
-250
-252
18
-145
-129
-212
-241
-91
-4
-171
-248
-252
-241
-240
234
-250
-244
-248
-251
-251
-254
-250
-253
113
83
-253
-246
-109
35
82
-197
-247
-194
-77
-150
224
-245
-210
-243
-239
-234
12
-67
-67
-65
-25
-70
-90
-89
-155
-223
93
-5
-231
30
-229
-174
-209
-193
-244
-252
-248
-252
-249
-237
-236
-250
-250
-248
-252
-249
-234
-202
-247
-210
-253
-255
-254
248
-254
-254
-251
-253
-243
-254
-248
-255
112
83
-251
-243
-118
-117
0
-102
-233
-165
-130
-177
-26
-245
-241
-243
-242
-241
-13
-60
-60
3
-197
-54
45
45
-65
-245
-56
-128
-249
-65
-221
-255
-254
-254
-254
-254
-220
-188
-251
-253
-248
-241
-242
-246
-251
-248
-250
-249
-234
-243
-248
-248
-246
241
-234
-227
8
48
-59
-254
-243
-253
111
82
-253
-246
-109
93
51
-253
-255
-247
68
-218
151
-251
-249
-250
-250
-249
-216
-58
-58
6
-180
-174
-21
-22
-13
-206
-168
-70
-218
-219
-250
-233
-238
-233
-248
-244
-251
-243
-228
-243
-235
-162
-40
-118
-150
-146
-138
-158
88
-252
-255
-255
-254
248
-255
-253
-253
-251
-249
-255
-249
-252
115
89
-254
-253
-110
68
155
-226
-246
-236
-38
-192
50
-239
-234
-236
-234
-234
-105
-51
-51
-32
-152
-157
-108
-108
-85
-237
31
19
-247
18
-228
-247
-230
-177
-243
-251
-236
-248
-251
-250
-243
-133
-202
-209
-230
-211
-90
-82
-8
-234
-254
-255
-255
247
-252
-246
-253
-254
-253
-255
-254
-254
112
82
-253
-248
-109
-124
0
-215
-255
-140
-88
-146
248
-231
-215
-212
-202
-200
-119
-64
-64
-46
-66
-118
26
26
-92
-231
-118
-114
-238
-136
-215
-239
-239
-242
-251
-252
-209
37
-243
-238
-239
38
-90
-162
-228
-219
-168
-207
-222
-172
-246
-255
-254
248
-243
-247
-224
-241
-225
-253
-249
-254
112
82
-250
-249
-111
-175
0
