-122
-255
-255
-255
-255
-255
-71
-255
-255
-255
-255
-255
-255
-254
-255
-255
-136
-255
-255
-255
-255
-255
-255
-255
-255
-90
-255
-255
-255
-255
-255
-84
-255
-255
-2
-255
-255
-255
-255
-152
-255
-73
-255
-255
-255
-255
-255
-255
-255
-255
-255
-255
-63
-232
-255
-255
-255
-255
-255
-255
-255
-255
-255
-255
-255
-255
-255
-255
-255
-255
-255
-138
-255
-255
-255
255
255
255
255
255
255
255
255
255
255
255
255
29
255
255
255
255
255
255
255
255
255
255
255
255
255
255
255
12
113
255
255
255
255
255
255
255
255
255
255
255
255
255
255
255
255
255
255
255
255
255
255
255
255
255
255
255
255
255
255
255
255
255
255
136
255
255
255
255
255
255
105
