-255
-255
-255
-255
-120
-255
-255
-255
-127
-255
-255
-255
-255
-255
-255
-255
-30
-255
-255
-255
-255
-255
-255
-255
-255
-255
-255
-255
-255
-255
-97
-255
-255
-255
-255
-255
-255
-255
-255
-255
-255
-255
-255
-255
-255
-255
-255
-255
-255
-255
-255
-255
-255
-255
-255
-255
-255
-255
255
165
255
255
201
255
255
255
255
255
255
255
255
255
255
255
255
255
255
255
255
255
255
255
255
255
255
255
84
255
255
255
255
255
255
255
255
255
255
255
255
255
255
255
255
255
214
255
255
255
255
255
255
255
219
255
255
