-244
-212
-203
-227
-228
-228
-228
-99
-254
-243
-252
-247
-253
-250
-206
-237
-251
-137
-255
-255
-254
-253
-251
-124
-254
-242
-220
-248
-247
-249
-247
-128
-253
-252
-194
-255
-254
-254
-254
-221
-168
-222
-255
-253
-254
-244
-249
-130
-253
-244
-223
-248
-248
-248
-248
-159
-218
-243
-251
-253
-253
-253
-242
-135
-143
-158
-255
-254
-254
-238
-248
106
-238
-119
-194
-211
-230
-224
-226
-128
-249
-221
-255
-254
-244
-244
-242
-229
-244
-240
-255
-255
-255
-252
-253
-81
-249
-200
-121
-253
-253
-253
-253
-255
-246
-253
-255
-255
-254
-253
-253
-243
-244
-255
-255
-254
-255
-233
-250
-93
-252
-185
-206
-243
-240
-247
-248
-121
-243
-177
-255
-252
-228
-228
-235
-219
-199
-209
-255
-254
-254
-249
-243
41
-249
-209
-196
-230
-227
-224
-227
-118
-252
-202
-255
-247
-198
-218
-226
-235
-239
-224
-255
-254
-253
-221
-251
-116
-228
-23
-149
-248
-248
-249
-248
64
-249
-248
-254
-252
-239
-249
-251
-252
-253
-246
-255
-255
-255
-250
-254
118
-251
-233
-224
-249
-249
-249
-249
-165
-225
-250
-253
-247
-252
-250
-243
-239
-246
-250
-255
-255
-254
-252
-250
69
-206
-158
-71
-241
-244
-245
-243
-128
-254
-251
-254
-220
-254
-253
-230
-240
-250
-218
-255
-254
-253
-243
-244
-124
-248
-224
-85
-241
-242
-243
-241
-96
-191
-247
-255
-253
-245
-245
-210
-71
64
-186
-248
-238
-252
54
-210
0
-254
-178
-199
-248
-248
-247
-248
-90
-248
-248
-254
-247
-247
-243
-241
-226
-240
-220
-254
80
-110
-214
-236
115
-208
-200
-227
-228
-229
-229
-230
0
-255
-227
-255
-231
-243
-141
-142
-240
-244
-153
-255
-255
-255
-251
-251
105
-233
-201
-157
-241
-241
-241
-241
-120
-167
-237
-255
-253
-243
-251
-242
-44
-32
-170
-255
-254
-255
-233
-247
137
-253
-232
-197
-250
-250
-251
-250
-25
-251
-231
-255
-255
-249
-246
-252
-253
-244
-247
-255
-255
-255
-246
-252
-126
-254
-218
-181
-253
-252
-252
-252
-32
-242
-232
-254
-254
-239
-245
-251
-229
-201
-239
-255
-254
-254
-248
-251
-115
-253
-223
-198
-248
-248
-249
-248
-85
-182
-244
-243
-251
-251
-251
-247
-111
-75
-152
-255
-253
-166
-231
-241
-137
-223
-39
-103
-245
-250
-246
-249
0
-187
80
-246
-242
-94
-206
-232
-244
-207
-243
-255
-254
-254
-206
-251
86
-246
-197
-178
-246
-246
-246
-246
-106
-255
-215
-255
-252
-247
-226
-236
-251
-254
-241
-255
-254
-255
-246
-251
90
-249
-242
-225
-230
-230
-231
-232
-128
-255
-254
-205
-249
-204
-208
-251
-247
-252
-185
-254
-250
-254
-244
-249
-51
-233
-201
-181
-245
-250
-251
-248
-255
-239
-242
-254
-254
-249
-251
-253
-242
-222
-254
-255
-252
-254
-199
-247
-215
-238
-134
-173
-239
-239
-240
-240
-165
-252
-226
-248
-226
-237
-226
-209
-200
-227
-192
-177
-244
-251
-105
-221
-11
-247
-251
-206
-230
-236
-239
-234
-57
-255
-253
-198
-250
-221
-233
-252
-248
-247
-124
-254
-252
-254
-245
-247
-102
255
142
-232
-230
-231
-232
-230
-18
-251
-243
-253
-245
-237
-246
-249
-243
-243
-243
-255
-254
-254
-240
-251
115
-230
-213
-208
-214
-216
-217
-215
-128
-234
-207
-249
-246
-247
-234
-244
-220
-200
-202
-255
-254
-255
-244
-251
255
-239
-217
-200
-242
-242
-243
-243
-149
-254
-178
-254
-252
-232
-69
-206
-251
-251
-251
-255
-253
-255
-251
-252
-161
-242
-204
-142
-247
-250
-251
-250
-113
-253
-244
-251
-203
-252
-252
-207
-158
-187
61
-234
-251
-254
-178
-235
0
-254
-195
-207
-246
-245
-244
-245
-175
-159
-225
-250
-252
-248
-250
-247
-98
-74
-137
-255
-252
-172
-228
-243
-77
-212
-103
-201
-246
-246
-246
-247
-140
-250
-251
-248
-121
-89
-183
-235
-168
-176
-243
-234
-9
-124
-170
-238
-132
-255
-248
-199
-249
-233
-248
-236
-64
-168
-22
-248
-248
-227
-211
-232
-220
-122
-182
-254
-251
-253
-217
-253
-188
-253
-227
-202
-249
-250
-250
-250
-80
-254
-253
-252
-247
-243
-250
-249
-217
-223
-253
-251
-255
-254
-244
-245
-58
-254
-238
-208
-253
-252
-253
-252
-112
-69
-118
-230
-218
-249
-249
-246
-186
-182
-230
-255
-255
-254
-250
-245
0
-229
-135
-76
-238
-239
-241
-238
-116
-253
-249
-254
-211
-254
-252
-244
-247
-247
-236
-255
-254
-253
-244
-241
-113
-246
-240
-85
-242
-243
-242
-242
-255
-251
-205
-254
-250
-236
-229
-242
-239
-238
-244
-255
-255
-255
-232
-254
97
-250
-204
-195
-255
-255
-255
-255
-32
-254
-132
-251
-254
-197
-191
-246
-246
-234
-234
-255
-255
-254
-252
-250
-77
-255
-246
-155
-212
-212
-213
-211
-77
-250
68
-254
-232
-214
-195
-183
-241
-247
-175
-247
-252
-253
-238
-252
105
-241
-201
-148
-236
-250
-238
-247
-68
-246
-243
-205
-239
-248
-242
-226
-225
-226
-241
-254
-254
-253
-229
-245
0
-249
-149
-120
-237
-237
-237
-237
-102
-226
-236
-247
-246
-254
-253
-224
-179
-188
-213
-255
-254
-255
-243
-250
130
-255
-250
-210
-252
-252
-252
-252
0
-220
-107
-238
-234
-246
-224
-232
-225
-227
-163
-244
-254
-255
-246
-252
184
-210
124
-166
-241
-241
-241
-241
0
-243
-249
-249
-213
-211
-210
-209
-202
-150
-244
-250
-254
-253
-226
-253
-137
-234
-171
-204
-239
-240
-240
-240
-159
-254
-234
-255
-251
-241
-241
-234
-230
-191
-247
-255
-253
-254
-247
-251
236
-230
-237
-200
-224
-225
-227
-226
-165
-255
-255
-255
-180
-254
-252
-227
-67
-189
-40
-255
-255
-255
-252
-251
-255
-254
-194
-203
-255
-254
-255
-255
-118
-239
-200
-240
-224
-253
-253
-251
-162
-142
-189
-248
-254
-254
-236
-242
139
-229
-203
-224
-150
-158
-158
-155
-85
-255
-250
-252
-231
-250
-241
-139
-197
-236
-211
-255
-254
-255
-251
-253
-4
-213
-115
-175
-223
-225
-225
-224
-64
-254
-217
-215
-243
-225
-197
-224
-186
-190
-145
-255
-255
-255
-248
-244
178
-200
-97
-194
-212
-211
-214
-216
-105
-242
-215
-254
-250
-227
-229
-242
-225
-205
-216
-255
-254
-254
-232
-246
98
-252
-224
-212
-230
-244
-233
-241
-149
-242
-238
-210
-254
-253
-251
-251
-230
-208
-209
-254
-253
-254
-240
-248
74
-238
-228
-222
-232
-232
-232
-232
-102
-253
-246
-213
-249
-240
-251
-251
-246
-241
-209
-255
-255
-255
-249
-251
-51
-168
-91
-202
-239
-239
-240
-239
212
-252
-227
-234
-239
-231
-237
-212
-149
-83
-157
-255
-255
-255
-251
-252
191
-248
-188
-210
-229
-231
-231
-230
-55
-244
-228
-238
-234
-249
-243
-225
-236
-204
-141
-255
-255
-255
-244
-248
-89
-254
-192
-199
-235
-234
-235
-234
-85
-255
-253
-254
-233
-254
-254
-181
-241
-248
-119
-255
-252
-249
-231
-210
-8
-234
-158
-186
-241
-237
-231
-234
-64
-222
-199
-251
-252
-224
-245
-223
-171
-174
-160
-254
-254
-253
-244
-156
-55
-236
-219
-177
-240
-251
-242
-249
-61
-255
-225
-254
-218
-235
-163
-178
-227
-225
54
-255
-255
-254
-249
-251
-114
-250
-240
-218
-231
-232
-232
-231
-111
-237
-238
-250
-249
-243
-244
-246
-221
-217
-235
-252
-252
-254
-238
-251
0
-254
-249
-199
-216
-211
-221
-209
-102
-167
-59
-236
-232
-200
-212
-236
-160
-104
-82
-255
-254
-254
-243
-254
91
-241
-128
-144
-237
-238
-238
-237
-64
-253
-228
-254
-242
-249
-244
-245
-247
-248
-246
-255
-254
-253
-244
-245
-106
-253
-226
-216
-245
-246
-247
-247
-102
-250
-248
-218
-253
-252
-253
-251
-192
-178
-176
-255
-253
-255
-245
-249
74
-254
-229
-197
-228
-231
-230
-227
-96
-245
-236
-255
-255
-250
-252
-254
-245
-222
-246
-255
-254
-255
-243
-251
-119
-251
-201
-199
-242
-244
-245
-244
-128
-247
-244
-143
-249
-253
-253
-253
-239
-226
-248
-254
-253
-255
-147
-250
0
-240
-185
-197
-231
-232
-232
-232
-93
-238
-229
-250
-250
-249
-246
-237
-219
-231
-210
-255
-213
-237
-243
-249
115
-226
-199
-197
-240
-240
-241
-241
-128
-246
-200
-248
-252
-231
-223
-233
-244
-212
-233
-255
-255
-254
-218
-251
83
-252
-239
-222
-215
-216
-216
-216
-157
-206
-217
-254
-253
-247
-243
-245
-193
-106
-187
-255
-254
-255
-235
-252
58
-254
-231
-202
-209
-209
-209
-208
-42
-242
255
-248
-125
255
-43
-179
-170
-175
-125
-254
-254
-254
-242
-250
81
-208
-196
-34
-239
-240
-241
-240
-85
-254
-192
-255
-251
-160
-197
-247
-250
-250
-244
-254
-254
-255
-252
-252
15
-244
-206
-203
-248
-248
-248
-247
-153
-227
-231
-241
-251
-244
-246
-250
-217
-184
-238
-255
-253
-253
-245
-250
148
-254
-246
-210
-236
-248
-238
-245
-51
-225
-144
-251
-243
-218
-212
-217
-194
-180
-125
-255
-254
-255
-228
-250
-72
-242
-205
-204
-243
-243
-243
-243
-80
-254
-253
-210
-245
-255
-255
-254
-195
-151
-250
-255
-254
-255
-238
-250
-130
-253
-225
-218
-238
-239
-239
-238
-156
-225
-208
-214
-253
-252
-252
-249
-215
-189
-210
-255
-254
-255
-251
-253
123
-248
-209
-229
-248
-248
-248
-248
-85
-248
-205
-252
-251
-235
-240
-226
-247
-254
-241
-255
-255
-253
-251
-251
159
-254
-243
-193
-252
-252
-252
-252
-128
-211
-192
-253
-253
-238
-250
-236
-243
-207
-240
-255
-255
-254
-251
-239
-204
-226
-150
-187
-222
-223
-225
-223
-73
-186
-212
-246
-246
-246
-249
-232
-95
-179
-193
-254
-254
-254
-230
-245
44
-253
-230
-200
-248
-248
-248
-248
-109
-247
-238
-253
-255
-251
-254
-255
-252
-246
-252
-255
-255
-255
-251
-254
-133
-245
-242
-202
-238
-239
-238
-238
-128
-253
-244
-226
-205
-251
-251
-234
-195
-213
-229
-254
-254
-255
-245
-246
-153
-156
-110
-215
-223
-224
-223
-223
-85
-254
-249
-180
-247
-250
-246
-236
-140
-147
-222
-255
-254
-252
-247
-242
107
-234
-224
-77
-236
-236
-237
-235
-255
-253
-199
-255
-252
-217
-228
-244
-249
-248
-245
-255
-255
-255
-226
-254
-222
-255
-247
-192
-236
-237
-237
-237
0
-158
-102
-242
-243
-231
-245
-247
-183
-161
-222
-253
-254
-255
-246
-254
106
-165
-99
-150
-216
-218
-217
-216
-255
-182
-166
-214
-253
-247
-248
-224
-190
-153
-164
-255
-254
-255
-234
-248
180
-251
-246
-189
-240
-240
-240
-240
-51
-222
-226
-252
-248
-250
-248
-253
-238
-226
-246
-255
-255
-253
-251
-251
0
-251
-195
-180
-247
-248
-248
-248
-70
-198
-220
-254
-254
-233
-233
-240
-40
-133
-105
-253
-248
-253
-132
-234
70
-254
-229
-200
-204
-197
-202
-199
-116
-245
-232
-201
-244
-249
-250
-250
-99
-101
-65
-255
-253
-254
-246
-248
0
-254
-245
-217
-244
-243
-243
-243
-133
-200
-249
-254
-254
-252
-253
-253
-179
-173
-210
-255
-254
-255
-241
-251
87
-255
-216
-207
-251
-252
-251
-252
-113
-249
-244
-246
-212
-254
-253
-238
-220
-230
-225
-254
-252
-255
-190
-249
0
-223
-150
-233
-231
-233
-232
-232
-255
-211
-239
-253
-253
-247
-252
-246
-234
-188
-212
-255
-255
-255
-247
-251
151
-232
-206
-217
-221
-212
-225
-211
-196
-253
-252
-215
-219
-254
-255
-252
12
-12
-230
-254
-254
-254
-235
-244
-8
-217
-137
-199
-240
-241
-241
-240
128
-252
-250
-251
-248
-253
-251
-113
-218
-192
-214
-255
-255
-255
-252
-251
0
-255
-170
-205
-243
-249
-247
-250
-107
-228
-240
-255
-254
-245
-245
-251
-154
-135
-193
-255
-255
-255
-251
-252
119
-231
-133
-171
-217
-217
-218
-217
-139
-249
-248
-254
-252
-249
-252
-252
-228
-242
-235
-255
-253
-254
-251
-254
96
-250
-172
-177
-229
-229
-229
-229
-164
-255
-248
-255
-248
-248
-243
-224
-236
-243
-199
-255
-250
-246
-243
-186
98
-254
-248
-213
-206
-208
-208
-207
-140
-245
-183
-250
-216
-235
-245
-219
-74
-118
-59
-244
-244
-207
-222
-251
112
-247
-38
-172
-231
-206
-234
-248
-146
-234
-240
-253
-253
-240
-245
-242
-183
-195
-210
-255
-254
-254
-251
-241
36
-248
-210
-205
-199
-203
-203
-201
-135
-254
-204
-254
-231
-228
-143
-226
-243
-254
-219
-255
-252
-254
-252
-252
-255
-242
-150
-157
-250
-249
-250
-250
-106
-211
-241
-254
-248
-248
-243
-187
-199
-196
-219
-255
-254
-254
-235
-247
178
-222
-186
-30
-243
-243
-243
-243
-64
-255
-236
-255
-246
-248
-250
-247
-253
-251
-250
-255
-255
-254
-248
-249
102
-176
-123
-152
-239
-240
-241
-239
-137
-153
40
-252
-252
-152
-207
-240
-251
-245
-239
-255
-254
-255
22
-252
65
-241
-255
47
-213
-200
-217
-198
-255
-251
-197
-255
-247
-217
-212
-235
-223
-251
-212
-255
-255
-255
-231
-253
-232
-249
-207
-219
-245
-245
-245
-245
-182
-247
-245
-229
-253
-253
-253
-253
-232
-228
-221
-255
-254
-254
-251
-251
69
-253
-96
-175
-244
-240
-238
-241
-128
-183
-212
-236
-232
-233
-221
-195
-145
-123
-206
-255
-254
-255
-243
-250
-137
-247
-251
-206
-246
-247
-247
-247
-100
-255
-252
-188
-243
-237
-247
-253
-247
-245
-213
-254
-246
-254
-245
-251
-102
-238
-138
-143
-233
-234
-234
-233
-98
-253
-221
-255
-246
-220
-214
-217
-252
-250
-230
255
-231
-252
121
-220
79
-252
-248
-213
-228
-228
-228
-227
-90
-232
63
-249
-230
-31
-123
-126
-225
-197
-184
-255
-254
-254
-247
-251
-83
-235
-195
-208
-241
-242
-242
-241
0
-254
-204
-255
-245
-192
-156
-248
-207
-219
-248
-255
-255
-255
-253
-252
-135
-229
-133
-183
-249
-249
-250
-249
-96
-241
-253
-255
-253
-253
-253
-248
-174
-238
-242
-254
-254
-253
-238
-243
109
-254
-196
-168
-236
-237
-238
-236
-128
-226
-241
-255
-252
-248
-250
-245
-190
-176
-228
-255
-254
-255
-240
-244
255
-230
-13
-142
-248
-248
-248
-247
0
-252
-231
-255
-244
-226
-218
-214
-250
-247
-230
-237
-254
-255
-247
-253
0
-251
-244
-222
-246
-247
-247
-246
-85
-255
-254
-221
-250
-224
-240
-254
-250
-247
-198
-255
-254
-255
-249
-250
-102
-250
-224
-163
-242
-243
-244
-242
-143
-255
-253
-252
-193
-255
-254
-248
1
-145
-114
-255
-255
-254
-236
-252
155
-253
-246
-204
-249
-250
-250
-249
-153
-236
-194
-253
-253
-235
-242
-240
-194
-190
-228
-255
-255
-255
-243
-252
48
-250
-250
-238
-234
-234
-236
-234
-255
-251
-224
-255
-255
-248
-249
-251
-245
-244
-251
-255
-255
-255
-249
-254
57
-251
-109
-132
-255
-255
-255
-255
-36
-254
-240
-253
-237
-252
-232
-230
-238
-245
-204
-255
-255
-255
-255
-254
23
-254
-175
-118
-236
-237
-237
-237
-255
-225
-239
-254
-254
-250
-251
-226
-191
-205
-224
-254
-251
-254
-247
-248
97
-253
-241
-216
-251
-251
-251
-251
-85
-235
-151
-254
-244
-234
-236
-250
-249
-247
-248
-255
-255
-254
-252
-248
102
-248
-221
-203
-231
-227
-236
-227
-182
-244
-234
-252
-254
-252
-253
-253
-243
-230
-239
-255
-254
-255
-244
-252
-126
-247
-216
-213
-114
-132
-150
-149
-116
-194
-227
-253
-254
-252
-248
-245
-146
-107
-130
-255
-254
-248
-240
-249
-91
-254
-233
-212
-254
-254
-254
-254
-30
-241
-242
-209
-252
-252
-254
-252
-210
-208
-147
-255
-254
-255
-246
-250
-126
-232
-199
-171
-237
-239
-239
-238
-42
-251
-217
-255
-250
-234
-229
-241
-239
-243
-241
-255
-254
-255
-242
-252
111
-253
-199
-170
-252
-252
-252
-252
-46
-194
-217
-251
-253
-230
-237
-244
-40
-203
-179
-255
-254
-255
-248
-252
156
-255
-252
-215
-250
-250
-250
-250
-150
-237
-114
-252
-242
-242
-247
-246
-235
-198
-231
-199
-253
-254
-227
-254
125
-254
-242
-219
-253
-253
-253
-253
-146
-241
-17
-245
-229
-167
-106
-183
-235
-228
-221
-255
-254
-254
-247
-251
93
-221
-247
13
-247
-253
-254
-252
-255
-180
-215
-254
-253
-234
-243
-234
-115
-27
-183
-255
-253
-255
-226
-241
86
-251
-183
-198
-253
-253
-253
-253
-64
-255
-254
-254
-234
-254
-253
-248
-174
-204
-173
-255
-251
-238
-233
197
98
-251
-247
-220
-187
-165
-192
-165
-191
-246
167
-246
-134
-55
59
-137
-241
-222
-96
-255
-251
-253
-242
-251
-196
-253
-217
-209
-238
-238
-237
-238
-75
-247
-239
-247
-165
-243
-249
-232
-180
-219
-240
-254
-252
-254
-195
-248
-102
-249
-157
-74
-254
-254
-254
-254
-255
-254
-234
-253
-252
-251
-244
-251
-253
-255
-251
-255
-255
-254
-249
-250
194
-254
-245
-200
-248
-249
-249
-249
-80
-254
-255
-253
-252
-251
-253
-250
-192
-236
-253
-201
-254
-254
-214
-245
-255
-254
-241
-180
-253
-253
-253
-253
-91
-238
-249
-255
-254
-251
-252
-253
-196
-243
-227
-255
-254
-255
-246
-253
39
-241
-187
-229
-167
-174
-169
-171
-170
-249
-248
-248
-232
-254
-251
-249
-235
-185
-248
-254
-254
-254
-225
-250
115
-226
-178
-198
-215
-216
-216
-215
-157
-251
-242
-238
-251
-245
-244
-232
-184
-166
-198
-255
-254
-254
-249
-245
79
-218
-39
-160
-250
-250
-250
-250
-36
-250
-248
-250
-253
-250
-251
-254
-254
-249
-249
-255
-255
-254
-249
-253
0
-252
-172
-203
-246
-246
-246
-246
-148
-217
-243
-254
-255
-253
-252
-249
-210
-213
-219
-255
-254
-239
-246
-246
30
-250
-200
-206
-249
-249
-250
-250
-128
-246
-227
-236
-238
-245
-227
-195
-107
-42
-68
-255
-254
-255
-250
-251
81
-227
-206
-105
-232
-233
-234
-232
-93
-245
-219
-251
-247
-248
-242
-244
-255
-255
-246
-255
-254
-253
-241
-248
-144
-255
-226
-216
-254
-254
-254
-254
-85
-220
17
-242
-207
-162
-213
-82
-148
-65
-113
-254
-255
-255
-245
-252
-98
-252
-193
-185
-247
-248
-248
-248
-255
-251
-235
-249
-231
-221
-209
-219
-229
-237
-179
-255
-255
-255
-254
-253
8
-160
88
-91
-244
-246
-247
-246
-255
-143
121
-164
-134
-114
-221
-240
-164
-235
-177
-253
-250
-253
-203
-245
0
-244
-204
-138
-247
-248
-248
-248
-128
-218
-245
-255
-255
-251
-251
-249
-165
-162
-213
-255
-255
-254
-247
-249
76
-248
-207
-220
-242
-243
-243
-242
-113
-192
-210
-251
-254
-250
-251
-251
-154
-118
-179
-255
-254
-236
-242
-245
-181
-252
-250
-244
-213
-215
-217
-219
-116
-238
-221
-255
-254
-246
-246
-250
-234
-219
-248
-255
-254
-255
-224
-252
154
-253
-250
-195
-236
-240
-243
-239
-112
-221
-58
-249
-243
-203
-216
-225
-149
-155
-115
-254
-254
-255
-224
-252
-105
-228
-158
-217
-235
-236
-237
-235
-119
-251
-254
-254
-140
-157
-161
-246
-188
-178
-237
-225
-254
-254
-208
-252
-158
-209
-234
-34
-224
-225
-225
-225
255
-253
-228
-254
-246
-222
-234
-228
-223
-232
-232
-166
-245
-252
-167
-237
49
-244
-205
-187
-243
-243
-243
-243
-116
-244
-253
-255
-255
-254
-254
-255
-235
-246
-255
-255
-254
-255
-235
-253
22
-254
-227
-229
-250
-251
-251
-251
-97
-252
-252
-236
-254
-250
-252
-254
-246
-227
11
-254
-254
-254
-246
-248
72
-226
-172
-199
-240
-238
-240
-238
-164
-162
-183
-233
-226
-240
-239
-217
-170
-21
-203
-255
-254
-255
-228
-245
119
-242
-183
-221
-230
-231
-231
-231
-164
-251
-251
-221
-250
-253
-254
-253
-229
-231
-206
-255
-254
-255
-214
-252
0
-254
-193
-212
-250
-251
-250
-250
-170
-254
-247
-236
-123
-251
-253
-232
-67
-153
-169
-255
-254
-253
-234
-240
95
-253
-232
-202
-222
-228
-225
-227
-119
-175
-239
-254
-255
-245
-252
-250
115
-120
54
-255
-254
-245
-238
-246
-77
-245
-198
-148
-249
-249
-249
-249
-78
-245
-251
-254
-199
-211
-185
-213
-228
-199
-243
-233
-251
-252
-232
-252
-165
-253
-150
-220
-248
-248
-248
-251
64
-243
-199
-253
-252
-230
-236
-227
-241
-197
-225
-255
-254
-254
-248
-216
-88
-235
-179
-206
-221
-223
-223
-222
-93
-240
-253
-226
-250
-253
-254
-252
-210
-213
-245
-255
-255
-255
-245
-252
128
-248
-196
-207
-245
-245
-245
-245
153
-224
-199
-248
-238
-233
-241
-228
-179
-160
-158
-254
-252
-254
-225
-241
91
-255
-239
-181
-241
-242
-242
-241
-121
-252
-203
-254
-253
-239
-236
-248
-234
-221
-249
-255
-255
-255
-239
-254
-198
-253
-237
-214
-246
-247
-247
-246
-128
-181
-210
-253
-241
-246
-244
-253
-212
-223
-232
-255
-255
-254
-251
-239
-70
-253
-161
-209
-255
-255
-255
-255
-89
-255
-254
-253
-139
-254
-253
-229
-135
-192
-158
-255
-254
-255
-247
-252
-231
-251
-236
-177
-245
-246
-246
-246
-149
-243
-232
-253
-254
-249
-252
-252
-248
-244
-249
-255
-255
-255
-250
-253
-104
-231
255
32
-252
-252
-253
-252
-128
-248
-238
-246
-251
-243
-252
-251
-250
-245
-250
-254
-255
-255
-247
-253
-13
-250
-177
-218
-166
-226
-200
-201
-42
-232
-185
-254
-250
-226
-233
-235
-188
-177
-187
-255
-254
-254
-247
-242
-43
-255
-213
-198
-250
-250
-250
-250
-21
-229
-247
-254
-255
-253
-253
-247
-167
-196
-134
-255
-254
-229
-247
-249
101
-250
-95
-157
-250
-251
-250
-250
-149
-252
-247
-252
-253
-239
-247
-252
-248
-245
-251
-243
-254
-254
-235
-236
94
-191
-181
54
-215
-244
-220
-239
0
-254
-239
-254
-243
-243
-204
-106
-247
-248
-198
-250
-253
-255
-233
-249
0
