-255
-255
-255
-255
-153
-255
-255
-255
-255
-255
-255
-255
-255
-255
-255
-255
-255
-255
-255
-255
-255
-138
-255
-255
-255
-255
-255
-255
-255
-255
-255
-255
-255
-255
-255
-255
-255
-255
-255
-255
-255
-255
-255
-255
-255
-255
-255
-230
-255
-255
-255
-255
-160
-255
-255
-255
-255
-255
255
255
255
255
255
255
255
255
255
255
255
255
255
255
97
255
255
255
255
255
255
255
255
255
255
255
255
110
255
255
219
255
255
255
255
255
255
255
255
255
255
255
255
255
255
255
255
255
255
255
255
255
255
255
255
255
255
255
