-231
-104
8
-199
-135
-232
-245
-246
-245
-246
-246
-245
-116
-71
-93
-71
175
127
-146
19
-239
-243
-158
196
255
-248
-245
-254
-255
-255
-251
-224
-236
-246
-252
-255
-254
-253
-253
-252
-229
-221
-241
-235
-150
-200
-235
-230
-209
-204
-187
-166
-206
-222
-247
-250
-246
-244
-227
-245
-244
-219
-248
-251
-241
-254
-254
244
236
-244
-252
-252
-252
-250
165
122
58
-246
-236
-233
-248
-254
-254
-254
-252
225
233
232
55
6
-110
55
-230
-225
-242
-217
-203
-229
-206
-111
141
-184
-199
-189
-200
-186
-206
-183
-136
-60
-112
-60
-42
-255
-255
25
-237
-244
-97
-141
-138
-253
-253
-251
-252
-255
-255
-255
-255
-255
-211
-244
-254
-253
-255
-240
-242
-244
-253
-252
-251
-215
-153
-180
-214
-247
-245
-247
-253
-250
-252
-245
-186
-242
-230
-234
-240
-250
-251
-247
-242
-255
-254
244
235
-242
-254
-253
-254
-249
168
126
59
-244
-217
-226
-248
-196
-175
-195
-138
168
156
174
-252
-253
-254
-24
-222
-249
-251
0
-255
-245
76
-209
135
-111
-254
-254
-254
-254
-254
-254
-98
126
-88
126
28
39
-128
95
-231
-242
-182
76
143
-251
-252
-254
-255
-255
-255
-255
-247
-203
-243
-254
-255
-255
-244
-254
-254
-255
-254
-179
-247
-250
-252
-254
-252
-197
-178
-182
-182
-211
-252
-254
-218
-163
11
-236
-238
-250
-251
-242
-245
-255
-254
244
236
-244
-251
-250
-253
-250
166
122
58
-241
-230
-229
-251
-255
-255
-255
-254
226
234
233
-251
-253
-254
-60
-218
-219
-246
0
-249
-183
5
-207
-163
-109
-240
-241
-239
-240
-240
-240
13
36
12
36
52
85
-119
121
-228
-246
-24
-133
-163
-209
-132
-144
-180
-239
-248
-246
-251
-247
-247
-244
-248
-207
-254
-254
-254
-253
-253
-218
-207
-243
-253
-254
-254
-249
-246
-243
-249
-237
-244
-214
-174
-225
-201
-246
-247
-252
-253
-247
-253
-255
-255
244
236
-250
-255
-254
-254
-252
166
123
58
-249
-243
-241
-252
-255
-254
-254
-254
225
233
232
-229
-198
-252
-23
-202
-190
-251
0
-254
-240
77
-221
15
106
-210
-216
-212
-213
-212
-212
6
-51
20
-51
85
16
-157
60
-233
-242
-73
-253
-120
-210
-209
-211
-248
-251
-253
-253
-253
-231
-138
-224
-240
-248
-254
-254
-253
-253
-254
-250
-191
-216
-231
-234
-226
-224
-233
-207
-173
-174
-174
-177
-111
-181
-73
-253
-251
-255
-254
-255
-254
-255
-255
244
235
-253
-255
-255
-255
-253
166
122
58
-254
-253
-247
-243
-255
-255
-255
-250
225
233
232
-255
-254
-255
-25
-232
-236
-252
-61
-255
-224
33
-212
23
-224
-254
-254
-254
-254
-254
-254
-27
-12
-11
-12
82
19
-155
73
-239
-247
-12
-30
-161
-242
-224
-233
-247
-254
-255
-255
-255
-254
-252
-248
-254
-254
-255
-247
-218
-248
-254
-255
-254
-253
-250
-181
2
-242
-253
-255
-255
-255
-255
-255
-217
-252
-253
-254
-254
-252
-252
-253
-249
-255
-255
244
236
-248
-255
-255
-254
-253
166
122
60
-254
-254
-253
-250
-255
-255
-255
-254
225
233
232
-254
-255
-255
-24
-252
-252
-253
-119
-248
-193
47
-223
201
-167
-244
-241
-237
-242
-244
-241
-15
84
-5
84
-91
-28
-85
23
-208
-222
-61
-249
-185
-168
-98
8
72
255
255
255
255
255
95
52
255
255
255
-215
-70
255
255
-24
-205
74
255
255
255
255
137
-172
-9
255
255
77
30
255
251
-248
-247
-240
-250
-246
-246
-253
-253
242
234
-244
-253
-254
-253
-247
169
124
56
-240
-245
-246
-243
-254
-255
-255
-253
225
233
232
-251
-254
-254
-32
-244
-245
-246
0
-239
-171
-138
-70
157
-249
-246
-247
-246
-246
-246
-246
-25
-56
-3
-56
56
-32
-167
-156
-66
-125
-182
-252
-44
-238
-225
-247
-242
-251
-252
-253
-244
-224
-247
-214
-245
-248
-251
-252
-244
-227
-251
-158
-247
-248
-248
-245
-249
-204
-178
-198
-228
-244
-251
-251
-238
-234
-222
-245
-244
-249
-252
-250
-241
-251
-251
241
232
255
-254
-253
-249
-223
250
249
255
-247
-243
-243
-248
-254
-254
-254
-253
225
233
231
-252
-253
-254
-25
-228
-238
-241
60
-239
-101
22
-193
15
-202
-225
-227
-223
-225
-225
-224
-29
-68
-11
-68
53
80
-121
-21
-183
-202
-121
-235
-102
-254
-254
-249
-249
-251
-252
-251
-249
-244
-235
-228
-238
-236
-253
-252
-252
-248
-249
-234
-228
-250
-251
-248
-250
-237
-242
-230
-229
-229
-251
-252
-245
-209
-152
-255
-255
-255
-255
-255
-254
-255
-255
244
235
-254
-255
-255
-255
-254
165
122
58
-255
-255
-255
-254
-255
-255
-255
-255
225
233
232
-255
-255
-255
-24
-251
-255
-255
0
-242
-177
-186
-76
160
-220
-239
-238
-239
-237
-240
-237
-99
-65
-76
-65
-255
-255
-255
-126
-43
-16
-255
79
-187
-255
-255
-255
-255
-255
-255
-255
-252
-238
-242
-254
-255
-254
-254
-255
-255
-255
-255
-221
-227
-244
-250
-254
-253
-212
-216
-191
-215
-224
-232
-232
-243
-235
-239
-253
-253
-253
-254
-253
-242
-255
-255
244
236
-244
-254
-254
-254
-251
173
127
60
-253
-252
-251
-252
-255
-255
-255
-254
225
233
232
-216
-221
-240
-16
-245
-248
-251
86
-254
-188
-7
-204
49
-225
-230
-233
-230
-232
-230
-231
-62
-64
-41
-64
-74
63
-39
158
-219
-244
-85
-235
-199
-254
-248
-252
-252
-254
-255
-255
-255
-254
-248
-211
-205
-186
-255
-254
-254
-250
-248
-188
-209
-243
-243
-234
-241
-198
-130
-31
-93
-170
-174
-193
-190
-196
-115
-231
-234
-248
-253
-219
-239
-254
-252
243
234
-232
-254
-254
-251
-237
172
126
52
-244
-249
-250
-250
-254
-255
-255
-253
225
233
232
-253
-255
-255
-25
-248
-247
-246
44
-248
-193
40
-204
80
-182
-234
-236
-233
-234
-234
-234
-131
-40
-124
-40
-7
-11
-134
101
-238
-247
-12
-233
-204
-250
-252
-254
-254
-254
-255
-255
-255
-255
-253
-171
-140
-174
-254
-253
-238
-222
-206
-105
-254
-254
-254
-252
-246
-174
-128
-165
-123
-100
-226
-230
-185
-202
-73
-232
-236
-246
-251
-250
-206
-254
-251
244
235
-187
-254
-253
-248
-204
165
122
42
-249
-246
-243
-238
-254
-255
-254
-253
225
233
232
-254
-254
-253
-25
-231
-228
-243
-3
-237
-189
-38
-180
22
-224
-243
-244
-242
-243
-242
-243
-124
-60
-101
-60
97
19
-159
73
-213
-228
-134
-227
-93
-242
-242
-231
-247
-254
-254
-254
-251
-242
-250
-253
-254
-254
-252
-254
-253
-250
-252
-210
-249
-250
-250
-253
-254
-238
-240
-243
-245
-246
-252
-253
-254
-253
-248
-250
-251
-253
-254
-251
-249
-255
-255
244
236
-243
-254
-254
-254
-253
182
132
62
-250
-249
-247
-250
-250
-255
-255
-253
221
233
232
-253
-254
-255
-25
-227
-239
-250
-65
-252
-94
-109
-121
-138
-236
-234
-236
-233
-234
-234
-234
-86
-58
-63
-58
-91
42
-32
80
-231
-243
-109
-130
-131
-252
-251
-253
-254
-255
-255
-255
-255
-255
-255
-225
-206
-163
-255
-255
-255
-252
-251
-130
-241
-251
-253
-254
-253
-199
-214
-173
28
-34
-199
-52
-208
-216
-190
-240
-243
-251
-254
-226
-249
-254
-254
244
235
-244
-255
-255
-254
-248
168
125
57
-248
-252
-252
-252
-254
-255
-255
-253
225
233
232
-253
-255
-255
-25
-251
-250
-252
-25
-189
-131
-69
-207
94
-240
-238
-239
-237
-238
-238
-237
-27
-58
-5
-58
85
125
-118
58
-242
-248
0
-250
-155
-250
-252
-252
-253
-253
-253
-253
-252
-215
57
-242
-251
-253
-254
-252
-254
-253
-255
-251
24
-143
-230
-247
-252
-252
-252
-250
-221
-83
-140
-158
-251
-249
-201
-241
-240
-252
-253
-246
-248
-255
-254
244
235
-246
-248
-250
-253
-251
163
121
59
-243
-235
-233
-249
-253
-254
-254
-253
224
233
231
-241
-247
-250
-22
-187
-188
-226
0
-243
-178
-92
-213
-33
-229
-220
-223
-219
-222
-222
-221
101
-60
115
-60
132
-255
-255
1
-237
-242
-49
-223
-117
-248
-250
-235
-237
-253
-251
-252
-237
-203
-203
-206
-227
-234
-246
-247
-246
-252
-253
-178
-248
-250
-244
-237
-249
-130
-105
-206
-234
-244
-251
-249
-166
-231
-248
-236
-241
-245
-254
-235
-239
-255
-254
244
236
-251
-254
-254
-254
-252
165
122
58
-240
-244
-245
-252
-254
-255
-255
-255
226
233
232
-250
-254
-255
-25
-244
-244
-250
25
-243
-163
-1
-208
121
-137
-244
-244
-240
-242
-243
-245
96
-58
105
-58
-65
41
-64
70
-241
-246
24
-249
-169
-243
-227
-205
-210
-254
-254
-254
-247
-235
-224
-231
-252
-255
-255
-254
-253
-249
-250
-232
-214
-241
-239
-237
-234
-155
-169
-212
-202
-210
-214
-231
-196
-188
-161
-4
-2
-240
-252
-252
-236
-254
-252
244
234
98
-254
-254
-252
-236
176
146
198
-251
-248
-246
-233
-254
-255
-254
-249
224
233
232
-254
-254
-254
-25
-193
-233
-234
-43
-208
-122
12
-194
-150
-203
-209
-214
-208
-210
-210
-209
-252
255
-255
255
154
0
-178
47
-239
-243
-61
-123
-177
-240
-232
-236
-246
-254
-255
-255
-254
-252
-251
-166
-218
-236
-254
-245
-230
-185
-238
-226
-252
-254
-251
-239
-221
-193
-204
-238
-199
-205
-247
-249
-171
-181
-130
-248
-248
-247
-253
-254
-248
-255
-253
244
234
-239
-254
-254
-252
-228
165
122
41
-252
-250
-249
-252
-255
-255
-255
-254
225
233
232
-255
-255
-255
-25
-245
-243
-250
0
-235
-140
-42
-146
255
-223
-244
-244
-243
-243
-243
-243
-84
-52
-61
-52
37
91
-109
80
-245
-250
-182
192
149
-254
-254
-255
-255
-255
-245
-187
-203
-248
-253
-254
-253
-248
-252
-248
-202
-196
-203
-129
-65
-180
-204
-125
-209
-160
-170
-96
-185
-207
-237
-223
-248
-236
-214
-243
-242
-234
-248
-249
-229
-254
-254
244
236
-237
-247
-248
-250
-243
161
120
56
-240
-231
-230
-242
-251
-252
-251
-244
223
231
229
-53
11
-55
85
-208
-217
-233
-163
-253
-229
-70
-170
-57
-234
-250
-251
-250
-250
-250
-250
23
-11
39
-11
-75
-95
-146
-64
-119
-143
-170
-243
-171
-255
-255
-255
-255
-255
-255
-253
-205
-244
-252
-252
-255
-255
-255
-255
-254
-248
-248
24
-250
-252
-241
-233
-218
-6
-160
-209
-231
-245
-246
-240
-226
-238
-227
-186
-188
-236
-238
-215
-239
-16
-80
10
67
-239
-252
-251
-252
-250
178
134
61
-194
-140
-145
-243
-250
-251
-251
-246
227
234
233
-238
-246
-254
-25
-82
-105
-234
32
-220
-89
-58
-121
-128
-247
-246
-247
-246
-247
-247
-246
-136
-67
-113
-67
-52
-45
-128
19
-209
-224
-182
-209
-99
-255
-255
-254
-254
-255
-255
-255
-247
-250
-253
-255
-255
-255
-252
-255
-254
-251
-251
-146
-253
-251
-253
-250
-244
-225
-235
-240
-249
-254
-254
-254
-251
-251
-247
-247
-249
-252
-254
-240
-246
-255
-254
244
235
-66
-255
-255
-251
-237
176
136
126
-252
-251
-251
-247
-255
-255
-255
-252
225
233
232
-254
-255
-253
-25
-244
-248
-247
34
-252
-222
12
-205
49
-211
-244
-247
-247
-249
-251
-252
-79
-61
-62
-61
-18
150
-45
56
-238
-244
-85
-235
-102
-254
-254
-254
-255
-255
-255
-253
-237
-181
-216
-249
-255
-255
-255
-253
-252
-254
-252
-176
-193
-223
-229
-229
-186
-138
-91
-60
-134
-159
-222
-207
-189
-210
-160
-190
-196
-235
-239
-216
-227
-13
52
7
-60
-227
-251
-251
-251
-245
178
130
62
-191
-159
-159
-238
-251
-252
-252
-247
228
235
233
-238
-247
-252
-25
-68
-113
-219
0
-254
-242
36
-198
-26
-231
-253
-253
-253
-253
-253
-253
-56
-4
-38
-4
-29
80
-73
51
-236
-244
-97
-216
-96
-252
-251
-254
-255
-255
-255
-254
-237
-241
-253
-255
-255
-255
-236
-255
-255
-254
-254
-79
-249
-253
-253
-252
-247
-135
-215
-234
-241
-247
-254
-255
-230
-224
-195
-251
-251
-252
-254
-253
-251
-255
-255
244
235
-251
-254
-254
-254
-252
166
122
57
-252
-251
-249
-253
-255
-255
-255
-255
225
233
232
-254
-254
-255
-29
-246
-244
-253
-35
-252
-243
11
-206
237
-214
-213
-247
-213
-243
-219
-238
-123
-55
-99
-55
62
9
-153
64
-244
-248
0
-246
-182
-252
-248
-253
-254
-255
-255
-252
-231
-228
-251
-254
-255
-255
-244
-254
-254
-248
-241
-172
-245
-249
-244
-237
-211
-197
-180
-211
-237
-245
-251
-253
-231
-221
-106
-248
-248
-250
-253
-252
-250
-255
-254
244
235
-249
-254
-253
-254
-250
165
122
56
-251
-248
-244
-253
-255
-255
-255
-254
225
233
232
-254
-254
-254
-32
-238
-238
-250
25
-207
-39
-185
-216
-130
-244
-245
-246
-244
-245
-245
-244
-73
-61
-50
-61
90
-255
-255
-4
-217
-220
-134
-220
-142
-254
-253
-243
-251
-252
-253
-250
-244
-220
-185
-156
-206
-197
-246
-248
-246
-234
-248
-230
-247
-250
-249
-248
-245
-241
-241
-233
-241
-240
-248
-251
-230
-221
-210
-252
-253
-251
-253
-156
-255
-255
-255
244
236
-255
-251
-253
-255
-255
191
136
58
-169
-161
-178
-254
-254
-255
-255
-255
233
237
235
-253
-255
-255
-24
-238
-252
-255
0
-252
-211
-18
-171
90
-209
-252
-253
-252
-252
-252
-252
-128
-94
-106
-94
-33
-65
-150
56
-232
-242
-24
-227
-198
-241
-238
-254
-254
-255
-255
-255
-255
-255
-254
-224
-252
-254
-255
-248
-222
-226
-244
-251
-254
-254
-253
-250
-244
-231
-237
-230
-243
-249
-254
-254
-217
-245
-250
-248
-250
-242
-251
-253
-249
-255
-254
244
235
-249
-254
-254
-254
-247
165
122
54
-252
-250
-250
-253
-255
-255
-255
-254
225
233
232
-254
-255
-254
-25
-250
-243
-246
-8
-250
-228
105
-226
122
-82
-230
-228
-230
-227
-232
-227
38
-38
36
-38
76
137
-109
77
-243
-249
-97
-142
-141
-240
-213
-215
-238
-252
-254
-254
-255
-254
-251
-235
-253
-253
-255
-240
-212
-243
-254
-252
-252
-253
-241
-105
166
-245
-252
-253
-254
-254
-254
-254
-193
-254
-255
-252
-252
-251
-252
-251
-249
-255
-255
244
236
-247
-254
-255
-254
-252
165
122
59
-253
-253
-252
-250
-255
-255
-255
-254
225
233
232
-254
-255
-255
-24
-252
-251
-252
-149
-251
-194
-31
-205
-50
-133
-250
-250
-249
-250
-250
-249
-89
-73
-69
-73
-29
13
-109
129
-211
-237
-158
-219
-64
-255
-255
-255
-255
-255
-255
-255
-253
-246
-250
-255
-255
-255
-253
-254
-254
-254
-254
-230
-250
-253
-252
-254
-253
-245
-235
-241
-244
-249
-254
-254
-254
-253
-243
-251
-251
-254
-254
-253
-252
-255
-255
244
235
-253
-255
-254
-255
-253
166
123
58
-253
-245
-246
-251
-255
-255
-255
-254
225
233
232
-252
-253
-255
-25
-227
-242
-250
-81
-243
-132
-29
-207
152
-214
-244
-245
-244
-244
-244
-244
-88
-57
-65
-57
113
-107
-206
80
-246
-249
0
-249
-183
-241
-241
-242
-247
-254
-255
-254
-249
-249
-241
-254
-255
-254
-254
-254
-253
-251
-253
-226
-235
-247
-246
-244
-241
-221
-230
-221
-240
-228
-241
-237
-231
-237
-238
-254
-254
-251
-253
-253
-243
-255
-255
244
236
-247
-248
-254
-254
-252
164
124
59
-249
-248
-247
-243
-255
-255
-255
-254
225
233
232
-253
-253
-254
-24
-229
-250
-251
56
-250
-140
-96
-172
-63
-113
-244
-244
-238
-244
-242
-242
67
-76
83
-76
-29
113
-55
91
-241
-248
-61
-232
-112
-247
-227
-229
-244
-254
-254
-254
-253
-239
-219
-243
-254
-255
-255
-253
-254
-251
-254
-239
-236
-228
-237
-236
-235
-208
-224
-233
-195
-232
-240
-224
-227
-193
-185
-250
-251
-253
-254
-255
-243
-255
-252
244
234
-207
-253
-253
-252
-233
169
137
60
-253
-250
-250
-250
-254
-255
-255
-253
224
233
232
-254
-254
-254
-26
-250
-249
-231
-48
-252
-173
50
-211
205
-35
-249
-247
-249
-247
-249
-247
-103
-58
-85
-58
-22
96
-70
154
-208
-237
12
-243
-209
-166
-130
-221
-238
-253
-255
-254
-255
-254
-254
-246
-236
-132
-255
-255
-254
-252
-252
-186
-243
-254
-254
-255
-255
-250
-246
-242
-234
-228
-216
-183
-239
-246
-216
-231
-235
-250
-250
-244
-249
-255
-255
244
236
-247
-254
-253
-254
-250
166
123
58
-237
-215
-204
-249
-254
-254
-254
-253
226
234
233
-252
-251
-254
-25
-101
-99
-246
-68
-255
-251
57
-198
147
-190
-244
-245
-244
-245
-245
-244
-41
-46
-19
-46
-112
41
0
44
-229
-235
-36
-250
-188
-221
-222
-245
-253
-255
-255
-255
-251
-183
-64
-235
-252
-254
-254
-249
-252
-248
-253
-242
-160
-210
-234
-222
-233
-226
-149
-125
-176
-173
-149
-181
-177
-212
-180
-254
-254
-254
-255
-254
-254
-255
-255
244
236
-254
-255
-255
-255
-254
166
123
58
-254
-252
-251
-254
-255
-255
-255
-254
225
233
232
-255
-254
-255
-24
-242
-242
-254
0
-252
-202
-78
-178
221
-244
-241
-245
-245
-243
-242
-243
-47
-59
-38
-59
-113
-51
-78
3
-215
-230
49
-230
-199
-255
-254
-254
-254
-254
-255
-255
-255
-255
-252
-231
-247
-251
-254
-251
-197
-220
-239
-243
-253
-251
-248
-240
-121
-171
-156
-199
-230
-198
-246
-253
255
-89
-121
-245
-247
-254
-255
-246
-240
-255
-254
244
236
-250
-255
-255
-254
-252
165
122
58
-249
-251
-250
-252
-255
-255
-255
-253
225
233
232
-253
-255
-255
-25
-249
-248
-250
-6
-252
-242
90
-209
91
-221
-242
-243
-240
-242
-242
-241
-89
-47
-76
-47
-33
-92
-165
0
-231
-239
-73
-203
-30
-251
-250
-242
-246
-251
-247
-244
-249
-250
-251
-251
-252
-253
-254
-243
-244
-242
-251
-237
-221
-245
-240
-251
-250
-242
-181
-226
-243
-249
-252
-255
-251
-251
-235
-249
-250
-246
-253
-253
-251
-255
-255
244
236
-252
-254
-254
-254
-253
165
122
58
-250
-251
-251
-252
-237
-239
-237
-215
207
217
214
-253
-255
-255
-24
-238
-240
-246
-82
-197
-115
17
-161
-74
-235
-233
-235
-233
-233
-233
-233
-27
-63
-29
-63
-96
76
0
81
-250
-253
-73
-215
-91
-246
-234
-209
-224
-248
-252
-252
-248
-243
-248
-237
-249
-249
-253
-255
-255
-254
-254
-212
-247
-253
-252
-253
-251
-231
-242
-238
-244
-244
-253
-255
-253
-250
-237
-250
-249
-252
-254
-252
-244
-251
-245
241
227
-122
-243
-234
-249
-231
187
159
95
-252
-249
-248
-246
-254
-255
-255
-252
225
233
232
-254
-254
-252
-25
-241
-245
-243
51
-225
-221
-76
-173
231
-166
-225
-239
-247
-253
-254
-252
-73
-47
-51
-47
37
48
-128
29
-229
-237
-146
-125
-152
-239
-205
-245
-243
-253
-255
-255
-254
-252
-244
-15
-220
-253
-255
-240
-181
-14
-211
-238
-253
-254
-251
-235
-123
-123
-172
-208
-236
-229
-252
-253
-15
48
40
-228
-228
25
-204
-243
-245
-254
-253
243
235
-220
-254
-253
-251
-230
166
122
52
-247
-243
-240
-215
-254
-254
-254
-253
225
233
232
-253
-254
-254
-25
-231
-228
-244
0
-198
22
-113
-194
-68
-249
-249
-249
-249
-249
-249
-249
-116
-61
-93
-61
28
-255
-255
-89
-131
-120
-231
-225
-99
-201
-177
-195
-237
-245
-242
-237
-245
-114
-195
-176
-224
-224
-251
-236
-224
-237
-250
-207
-234
-242
-203
-202
-215
-242
-235
-86
-177
-138
-245
-241
-195
-194
-133
-252
-250
-235
-244
-252
-248
-255
-254
244
235
-249
-254
-254
-254
-252
165
123
59
-251
-248
-243
-242
-250
-251
-251
-252
220
229
229
-249
-252
-254
-24
-209
-245
-250
0
-255
-238
40
-209
82
-182
-252
-252
-252
-252
-252
-252
-111
-65
-93
-65
32
125
-93
56
-241
-247
-36
-240
-107
-250
-243
-252
-254
-255
-255
-255
-248
-211
-241
-255
-255
-255
-243
-254
-254
-254
-254
-156
-242
-238
-251
-253
-252
-194
-184
-200
-199
-241
-251
-251
-215
-208
-106
-250
-251
-251
-254
-252
-245
-255
-254
244
236
-248
-254
-254
-254
-249
167
123
57
-252
-249
-247
-251
-255
-255
-255
-254
225
233
232
-254
-254
-254
-29
-242
-242
-251
-27
-219
34
-85
-137
-130
-255
-251
-251
-251
-251
-251
-251
-131
-56
-108
-56
-173
-170
-128
28
-223
-234
-134
-223
-106
-254
-254
-252
-253
-254
-253
-250
-247
-239
-42
-226
-243
-243
-255
-242
-247
-243
-250
-241
-132
-157
-207
-225
-240
-252
-250
-246
-238
-216
-214
-195
-248
-253
-230
-252
-251
-254
-254
-251
-252
-255
-255
244
236
-253
-252
-254
-255
-254
164
122
59
-250
-250
-248
-254
-254
-254
-254
-254
224
233
231
-249
-250
-253
-24
-219
-247
-253
0
-243
-219
-37
-200
220
-238
-244
-243
-239
-243
-244
-242
-102
-57
-78
-57
-37
17
-102
93
-235
-246
134
-236
-205
-246
-229
-248
-250
-254
-254
-255
-254
-254
-252
-126
-90
-212
-255
-254
-246
-198
-176
-85
-255
-255
-255
-255
-251
-147
38
-43
-69
-146
-205
-244
-206
-191
43
-230
-232
-220
-247
-251
-247
-255
-253
244
234
-243
-254
-254
-250
-228
165
122
39
-250
-248
-246
-251
-254
-255
-254
-254
225
233
232
-254
-254
-255
-25
-227
-231
-248
0
-248
-141
-65
-169
219
-226
-252
-252
-252
-252
-252
-252
-139
-43
-118
-43
-146
-74
-51
-52
-171
-191
-146
-234
-92
-255
-255
-255
-255
-255
-252
-178
-244
-244
-249
-254
-254
-253
-254
-251
-217
-135
-209
-209
-83
-135
-121
-186
-217
-220
-178
-137
-121
-201
-215
-248
-238
-232
-176
-246
-246
-228
-247
-243
-223
-254
-252
243
234
-248
-253
-254
-254
-252
166
124
59
-242
-234
-236
-252
-165
-210
-213
-228
138
190
192
-246
-248
-251
-23
-207
-218
-250
-156
-255
-251
70
-209
-135
-230
-252
-253
-252
-252
-252
-252
-124
45
-109
45
11
85
-98
20
-236
-241
-121
-222
-111
-244
-227
-221
-212
-244
-246
-248
-243
-194
-130
-196
-240
-248
-255
-251
-251
-249
-252
-245
-218
-245
-243
-234
-242
-207
-230
-215
-204
-114
-212
-236
-214
-204
-128
-255
-255
-254
-255
-255
-255
-255
-255
244
236
-255
-255
-255
-255
-255
166
123
59
-255
-253
-253
-255
-255
-255
-255
-255
225
233
232
-255
-255
-255
-24
-251
-249
-255
0
-204
-50
-98
-126
-73
-237
-237
-239
-237
-238
-237
-237
-79
-74
-80
-74
-166
-255
-255
-14
-221
-233
-97
-86
-136
-255
-255
-255
-255
-255
-255
-255
-255
-254
-250
-239
-249
-249
-255
-242
-234
-239
-251
-248
-253
-253
-252
-174
-107
-200
-223
-212
-215
-231
-251
-250
-186
-219
-172
-252
-253
-255
-255
-249
-233
-255
-254
244
236
-239
-255
-255
-253
-242
166
122
54
-253
-254
-253
-249
-255
-255
-255
-253
225
233
232
-255
-255
-254
-25
-254
-253
-247
-8
-190
-92
80
-215
19
-216
-231
-234
-230
-232
-231
-231
31
-67
36
-67
-20
49
-96
116
-236
-247
0
-229
-197
-235
-211
-172
-205
-249
-251
-252
-253
-252
-248
-72
-182
-234
-254
-248
-233
-186
-186
-248
-254
-254
-248
-239
-230
-127
-87
-93
-176
-236
-251
-253
-161
-125
-29
-246
-246
-249
-253
-252
-239
-255
-253
244
235
-215
-254
-254
-251
-199
166
122
26
-253
-250
-247
-174
-255
-255
-255
-252
225
233
232
-254
-255
-253
-24
-246
-242
-242
-4
-245
-248
-66
-203
244
-247
-219
-248
-219
-245
-224
-241
17
-62
39
-62
62
30
-144
113
-235
-248
146
-234
-202
-254
-254
-254
-254
-255
-255
-255
-254
-252
-237
-145
-209
-206
-255
-243
-225
-180
-214
-107
-239
-248
-246
-236
-229
-216
-178
-201
-209
-200
-233
-226
-223
-229
-212
-225
-228
-203
-233
-245
-237
-254
-254
244
236
-229
147
255
-1
31
-167
-255
-190
-233
-222
-222
-248
-252
-253
-253
-251
224
233
231
-245
-249
-254
-24
-204
-220
-243
-102
-234
-164
15
-190
-85
-200
-214
-219
-214
-216
-217
-215
18
-162
23
-162
43
0
-150
43
-245
-247
-85
-81
-146
-234
-223
-242
-248
-253
-254
-254
-255
-254
-243
-238
-247
-253
-255
-249
-248
-236
-250
-252
-253
-250
-252
-247
-248
-241
-246
-245
-237
-245
-249
-242
-247
-250
-251
-243
-245
-245
-252
-243
-245
-255
-255
244
236
-244
-253
-254
-253
-240
165
122
50
-252
-252
-252
-250
-254
-255
-255
-254
225
233
232
-254
-255
-253
-24
-245
-240
-245
0
-249
-180
47
-215
82
-176
-249
-250
-249
-249
-249
-249
-146
-105
-123
-105
32
43
-128
119
-234
-246
36
-231
-202
-249
-237
-207
-240
-253
-254
-254
-254
-254
-253
-214
-226
-251
-255
-254
-251
-235
-237
-250
-255
-255
-255
-255
-251
-174
-106
-73
-48
-130
-235
-254
-168
-125
-4
-249
-250
-248
-253
-251
-252
-255
-255
244
236
-251
-249
-253
-254
-253
161
121
59
-251
-251
-250
-244
-243
-253
-252
-252
214
231
229
-255
-255
-254
-24
-241
-245
-252
-60
-207
-173
-92
-175
11
-198
-217
-223
-216
-218
-217
-217
-160
-54
-137
-54
-79
19
-64
1
-223
-235
-49
-23
-103
-252
-253
-254
-255
-255
-255
-255
-255
-254
-203
-244
-253
-254
-255
-249
-252
-241
-251
-254
-214
-224
-159
-221
-247
-231
-238
-245
-252
-249
-237
-223
-223
-242
-221
-24
-21
-217
-225
255
-164
-232
-227
229
214
-176
-98
-78
-128
-57
113
29
-86
60
65
80
-215
27
-170
-122
60
-17
163
117
-178
-227
-248
-22
116
255
-53
-101
-253
-210
42
-216
-146
-138
-251
-252
-251
-252
-252
-251
-106
-25
-94
-25
69
124
-112
4
-225
-231
-146
-207
-97
-215
-144
255
201
-189
-219
-236
-219
-237
-233
-246
-252
-251
-254
-254
-253
-251
-253
-240
-251
-249
-244
-235
-233
-211
-196
-231
-231
-231
-235
-227
-216
-230
-205
-244
-246
-250
-253
-254
-67
-255
-255
248
248
-179
-255
-255
-254
-253
165
122
90
-250
-244
-235
-28
-255
-255
-255
-252
225
233
233
-254
-254
-197
7
-242
-247
-247
-105
-253
-121
-60
-180
215
-218
-249
-250
-250
-249
-249
-250
-139
-56
-123
-56
-168
-74
0
-77
-80
43
-206
-227
-222
-234
-241
-251
-253
-254
-254
-254
-254
-252
-217
-201
-250
-253
-254
-246
-235
-225
-235
-236
-235
-215
-219
-224
-198
-180
-164
-216
-240
-238
-249
-227
-188
-199
-104
-235
-236
-248
-252
-243
-233
-254
-254
244
236
-237
-250
-252
-252
-232
165
124
46
-238
-218
-216
-243
-223
-207
-207
-208
196
188
187
-251
-252
-254
-24
-214
-243
-246
0
-171
-107
120
-216
161
-251
-245
-247
-245
-244
-245
-246
-72
-66
-61
-66
-89
16
-55
60
-240
-245
-24
-247
-123
-254
-254
-254
-255
-255
-255
-254
-244
-240
-251
-253
-254
-254
-253
-255
-255
-253
-253
-154
-242
-252
-251
-252
-241
-207
-211
-212
-242
-247
-252
-253
-249
-251
-236
-248
-250
-249
-254
-253
-246
-255
-254
244
235
-185
-255
-254
-253
-245
169
128
81
-249
-251
-251
-245
-254
-254
-254
-252
225
233
231
-253
-254
-254
-25
-235
-248
-247
-8
-214
-220
-164
-112
152
-240
-231
-236
-230
-232
-234
-231
-124
-58
-101
-58
-136
-131
-128
41
-238
-245
49
-226
-204
-255
-255
-255
-255
-255
-255
-255
-255
-255
-250
-238
-254
-255
-255
-234
-236
-228
-243
-253
-250
-245
-229
-115
-104
-144
-183
-247
-249
-249
-252
-243
-122
-206
-12
-250
-251
-255
-255
-250
-248
-255
-255
244
236
-253
-255
-255
-255
-254
165
122
59
-252
-252
-251
-251
-255
-255
-255
-253
225
233
232
-254
-255
-255
-25
-251
-249
-252
-8
-235
-172
-36
-201
145
-220
-225
-231
-225
-227
-229
-225
63
-52
72
-52
-136
-7
0
18
-220
-231
-61
-255
-249
-250
-244
-253
-254
-255
-255
-255
-254
-208
-236
-251
-254
-254
-255
-254
-255
-254
-255
-249
-243
-248
-250
-254
-253
-238
-185
-148
-179
-219
-247
-237
-229
-223
-218
-247
-249
-253
-254
-254
-254
-255
-255
244
236
-254
-255
-255
-254
-251
165
122
55
-253
-252
-252
-255
-255
-255
-255
-254
225
233
232
-251
-253
-255
-25
-245
-241
-254
43
-223
-250
-210
-157
217
-239
-233
-231
-224
-231
-234
-229
-93
-55
-69
-55
-222
-255
-255
67
-242
-248
24
-248
-186
-255
-255
-255
-255
-255
-255
-255
-255
-238
-182
-254
-255
-255
-255
-255
-254
-255
-255
-252
-226
-241
-245
-251
-252
-251
-246
-224
-210
-175
-208
-230
-249
-239
-214
-248
-250
-249
-253
-253
-253
-255
-255
244
236
-253
-255
-254
-254
-249
165
122
55
-250
-250
-251
-254
-255
-255
-255
-253
225
233
232
-253
-254
-255
-25
-229
-233
-252
30
-244
-205
-185
-108
-25
-243
-245
-246
-245
-245
-245
-245
-116
-58
-93
-58
-255
-255
-255
82
-249
-252
-49
-222
-115
-255
-255
-255
-255
-255
-255
-255
-253
-242
-251
-255
-255
-255
-254
-255
-255
-255
-255
-222
-244
-253
-254
-254
-254
-221
-216
-221
-228
-219
-244
-250
-233
-243
-229
-248
-248
-187
-194
-252
-241
-255
-255
244
236
-248
-253
-253
-252
-247
165
122
55
-250
-243
-241
-248
-254
-254
-254
-253
225
233
232
-87
-119
-198
7
-233
-236
-247
54
-251
-243
-153
-173
-25
-240
-242
-243
-242
-242
-242
-241
-103
-59
-80
-59
100
46
-151
87
-244
-249
-85
-53
-122
-248
-245
-242
-244
-254
-255
-255
-254
-247
-200
-225
-254
-254
-255
-243
-238
-235
-251
-252
-243
-241
-251
-243
-239
-246
-249
-248
-246
-244
-250
-241
-233
-245
-244
-250
-251
-253
-254
-254
-246
-255
-255
244
236
-231
-255
-255
-253
-245
165
122
60
-254
-254
-253
-248
-255
-255
-255
-252
225
233
232
-255
-255
-254
-24
-253
-249
-250
-51
-246
-176
75
-206
-53
-137
-227
-230
-227
-229
-229
-228
76
-54
89
-54
-29
46
-91
-22
-181
-208
-134
-236
-213
-222
-119
-221
-242
-253
-254
-255
-254
-254
-253
-250
-251
-136
-255
-255
-254
-254
-254
-210
-244
-251
-251
-252
-255
-255
-254
-255
-251
-246
-245
-191
-232
-213
-237
-242
-245
-251
-252
-248
-251
-255
-255
244
236
-251
-255
-254
-254
-252
166
123
58
-246
-232
-232
-250
-255
-254
-254
-254
225
233
232
-253
-253
-255
-25
-181
-177
-250
0
-248
-76
-57
-145
-129
-238
-249
-249
-248
-249
-249
-249
-98
81
-98
81
-32
-45
-139
44
-247
-250
-49
-117
-127
-246
-245
-252
-252
-255
-254
-254
-253
-251
-243
-212
-234
-245
-254
-247
-240
-236
-245
-241
-252
-253
-248
-224
-226
-204
-219
-225
-223
-230
-249
-254
-216
-210
-203
-200
-195
-241
-248
-179
-231
-251
-250
242
233
-232
-241
-243
-247
-238
178
127
53
-166
-152
-146
-241
22
-55
-19
199
-36
42
6
-230
-245
-253
-24
-114
-219
-240
-10
-251
-235
156
-227
-163
-138
-202
-208
-203
-206
-206
-205
110
-108
117
-108
-12
-45
-149
130
-223
-241
-182
-224
-127
160
-11
116
-128
-235
-250
-250
-247
-238
62
-236
-244
-245
-253
-204
-231
-245
-244
-222
-130
-138
-44
-132
-201
-227
-233
-234
-222
-193
-231
-155
-188
-237
-196
-245
-247
-238
-251
-249
-251
-255
-255
244
236
-246
-254
-255
-254
-253
171
126
61
-248
-249
-248
-242
-254
-255
-255
-254
225
233
232
-253
-254
-255
-24
-247
-246
-251
1
-225
-179
82
-216
-137
-235
-241
-242
-240
-241
-241
-240
-7
-68
-6
-68
52
127
-102
44
-247
-249
-61
-222
-115
-244
-242
-235
-254
-252
-252
-254
-253
-240
-227
-235
-249
-248
-255
-254
-253
-251
-250
-250
-249
-245
-252
-253
-251
-238
-215
-221
-217
-238
-245
-238
-245
-236
-224
-247
-249
-253
-254
-194
-227
-255
-254
246
236
-241
-254
-254
-254
-250
168
124
60
-252
-251
-251
-253
-255
-255
-255
-254
225
233
232
-253
-254
-255
-24
-249
-247
-251
-11
-247
-196
64
-211
121
70
-228
-231
-227
-230
-229
-228
-50
-69
-36
-69
99
137
-119
85
-240
-247
-134
-144
-138
-253
-254
-250
-252
-255
-255
-255
-255
-255
-253
-210
-254
-255
-255
-250
-244
-220
-243
-253
-254
-254
-253
-228
-230
-218
-187
-237
-251
-253
-255
-252
-208
-204
-229
-241
-240
-234
-252
-207
-165
-205
-247
214
234
-167
-248
-254
-69
-191
167
122
39
-150
-246
-238
-165
-253
-255
-254
-160
234
233
232
-229
-249
-247
-216
-232
-224
-156
-6
-254
-231
75
-217
-150
-171
-254
-254
-254
-254
-254
-254
-38
18
-32
18
-30
85
-70
-89
-158
-198
-182
-115
-138
-245
-238
-244
-240
-254
-255
-255
-255
-254
-246
-243
-250
-254
-255
-243
-252
-254
-254
-246
-250
-247
-212
-81
-220
-244
-250
-245
-236
-244
-253
-252
-251
-254
-253
-250
-251
-251
-253
-253
-252
-255
-255
244
236
-250
-254
-254
-254
-254
165
122
60
-253
-254
-253
-253
-255
-255
-255
-255
225
233
232
-254
-255
-255
-26
-253
-252
-254
-119
-228
-162
-134
-92
156
-247
-243
-245
-243
-244
-245
-243
-17
-37
4
-37
-88
92
0
-76
-153
-162
-134
-250
-163
-253
-252
-239
-221
-245
-236
-240
-247
-220
-210
0
-190
-119
-233
-245
-225
-224
-243
-208
-220
-243
-237
-225
-239
-216
-228
-215
-243
-223
-242
-246
-234
-216
-169
-251
-252
-254
-254
-253
-252
-255
-255
244
236
-252
-254
-255
-255
-253
165
122
58
-253
-253
-253
-253
-251
-253
-253
-251
221
231
230
-254
-254
-254
-24
-244
-238
-250
0
-254
-249
109
-243
247
-215
-205
-204
-187
-198
-194
-191
113
-86
134
-86
16
135
-78
77
-246
-252
-49
-216
-110
-255
-255
-255
-255
-255
-255
-255
-250
-221
-219
-254
-254
-255
-254
-254
-255
-254
-254
-245
-248
-247
-233
-249
-252
-236
-173
-163
-237
-212
-245
-242
-222
-243
-238
-250
-251
-253
-254
-253
-253
-255
-255
244
235
-253
-255
-254
-254
-251
165
122
56
-253
-252
-252
-254
-255
-255
-255
-252
225
233
232
-254
-255
-255
-25
-248
-246
-252
44
-253
-166
-70
-179
-87
-152
-251
-252
-251
-252
-252
-252
-85
-90
-74
-90
-62
73
-46
60
-247
-249
-97
-215
-117
-244
-251
-251
-254
-255
-255
-254
-250
-251
-249
-254
-255
-255
-253
-254
-255
-253
-253
-229
-246
-251
-252
-251
-249
-248
-248
-249
-249
-250
-251
-254
-255
-254
-250
-250
-250
-252
-254
-251
-252
-255
-255
244
235
-253
-255
-255
-255
-254
166
123
59
-250
-247
-247
-252
-255
-255
-255
-254
225
233
232
-253
-254
-255
-25
-235
-244
-251
-77
-183
-202
-158
-170
-132
-240
-236
-237
-235
-235
-235
-235
-1
-50
21
-50
-73
-171
-198
20
-225
-233
-170
-220
-111
-254
-254
-254
-253
-252
-252
-250
-250
-172
-157
-249
-253
-247
-253
-249
-247
-247
-255
-249
-147
-210
-240
-248
-251
-251
-243
-185
-120
-202
-220
-199
-239
-223
-142
-253
-252
-253
-254
-252
-252
-255
-255
244
236
-253
-251
-254
-255
-254
164
122
59
-251
-252
-248
-253
-253
-255
-255
-255
223
233
232
-252
-253
-255
-24
-229
-247
-254
0
-252
-226
-59
-148
94
-241
-238
-240
-239
-239
-238
-238
0
-35
8
-35
-111
-65
-93
15
-223
-232
-134
-243
-106
-246
-249
-250
-252
-255
-254
-254
-250
-187
-221
-250
-252
-251
-252
-253
-252
-253
-254
-179
-226
-250
-250
-252
-238
-160
-160
-96
-176
-192
-225
-244
-204
-208
-217
-232
-236
-212
-244
-248
-247
-254
-254
244
235
-249
-252
-254
-254
-253
168
124
59
-220
-234
-236
-252
-253
-255
-255
-255
227
234
232
-245
-253
-255
-25
-231
-235
-248
114
-237
-149
-79
-170
246
-243
-244
-253
-244
-252
-245
-251
-74
-58
-53
-58
-107
52
0
131
-220
-243
170
-238
-211
-254
-253
-251
-253
-255
-255
-255
-255
-254
-249
-98
-101
-124
-255
-254
-252
-238
-235
21
-248
-250
-245
-246
-242
-121
44
255
255
3
-17
-77
-143
-115
-104
-235
-240
-244
-252
-158
-243
-253
-252
243
234
-241
-254
-255
-252
-243
171
125
54
-238
-244
-246
-250
-253
-255
-255
-252
225
233
232
-249
-254
-254
-25
-244
-243
-243
-74
-252
-216
-49
-190
56
-240
-249
-250
-249
-249
-249
-249
-210
-58
-186
-58
-157
-110
-73
69
-239
-244
-73
-234
-94
-236
-231
-224
-252
-254
-255
-254
-250
-244
-246
-250
-253
-254
-254
-254
-254
-252
-253
-231
-244
-249
-249
-243
-247
-218
-243
-222
-230
-229
-237
-241
-240
-240
-225
-252
-252
-248
-250
-250
-238
-255
-255
244
236
-224
-254
-254
-254
-251
202
152
69
-164
-209
-220
-251
-255
-255
-255
-254
234
235
233
-251
-252
-253
-24
-244
-249
-250
65
-254
-221
43
-189
-129
-231
-254
-254
-254
-254
-254
-254
-112
-255
-101
-255
-32
124
-46
90
-243
-249
-109
-220
-102
-253
-250
-253
-253
-254
-255
-255
-254
-250
-244
-254
-255
-254
-255
-255
-255
-255
-255
-253
-249
-251
-251
-252
-254
-251
-244
-242
-245
-243
-251
-245
-244
-247
-235
-255
-255
-253
-255
-254
-254
-255
-255
244
236
-253
-255
-255
-255
-254
165
122
58
-254
-254
-253
-254
-255
-255
-255
-255
225
233
232
-255
-255
-255
-25
-253
-253
-254
-137
-228
-204
-125
-127
222
-245
-245
-243
-240
-243
-245
-242
-127
-54
-103
-54
-91
-96
-136
64
-240
-246
61
-225
-199
-254
-255
-255
-255
-255
-255
-255
-255
-254
-223
-237
-254
-254
-255
-251
-245
-244
-251
-254
-241
-223
-212
-231
-231
-228
-229
-232
-237
-236
-239
-242
-208
-233
-224
-232
-236
-239
-251
-216
-126
-221
-252
232
242
-47
-252
-253
-74
-217
166
124
116
-230
-188
-168
45
-253
-254
-254
-189
226
235
235
-178
-233
-219
-191
-149
-166
255
-10
-255
-244
37
-210
-142
-207
-245
-246
-245
-246
-246
-245
-164
-64
-140
-64
-9
-43
-149
-30
-206
-219
-170
-223
-132
-243
-247
-251
-253
-255
-255
-255
-254
-249
-184
-250
-252
-252
-255
-255
-254
-254
-254
-250
-217
-240
-241
-248
-247
-235
-243
-203
-208
-194
-178
-229
-220
-175
-157
-253
-251
-255
-255
-255
-254
-255
-255
244
235
-252
-255
-254
-255
-252
165
122
57
-255
-254
-249
-249
-255
-255
-255
-253
225
233
232
-255
-254
-255
-25
-239
-239
-254
-68
-227
-164
17
-196
202
-69
-194
-211
-217
-222
-226
-223
165
149
158
149
-5
48
-106
147
-203
-235
-134
-134
-135
-251
-244
-251
-253
-254
-255
-255
-255
-254
-249
-180
-176
-87
-255
-255
-252
-250
-251
49
-216
-244
-252
-244
-227
-230
-181
-54
-89
87
9
255
-144
-240
-185
-214
-220
-245
-252
-219
-225
-253
-251
242
234
-204
-254
-254
-247
-222
167
123
51
-240
-247
-246
-245
-253
-254
-254
-249
225
233
232
-247
-254
-254
-25
-242
-241
-240
48
-252
-223
-44
-195
70
-165
-207
-213
-210
-209
-208
-208
-57
-59
-38
-59
-7
179
-40
-21
-193
-209
-170
-240
-115
-254
-254
-253
-254
-255
-254
-254
-242
-149
-230
-247
-253
-255
-255
-254
-253
-251
-252
-134
-209
-249
-246
-250
-252
-78
131
18
-145
-129
-212
-246
-91
-195
-171
-248
-249
-253
-253
-252
-253
-239
-240
229
221
-251
-254
-254
-254
-250
165
122
56
-247
-236
-234
-245
-255
-255
-255
-253
225
233
232
-254
-254
-255
-25
-220
-228
-251
35
-236
-214
71
-212
115
-74
-163
-149
-164
-144
-174
-144
128
-33
115
-33
-19
88
-77
32
-237
-242
-170
75
-6
-246
-220
-243
-252
-254
-254
-254
-244
-180
-201
-245
-250
-244
-250
-254
-250
-254
-254
-179
-229
-248
-247
-249
-248
-132
-50
-112
-200
-173
-217
-226
-142
-184
-213
-221
-230
-224
-247
-242
-244
-254
-254
244
236
-251
-251
-254
-254
-252
166
123
58
-216
-235
-239
-252
-252
-254
-255
-254
227
233
232
-245
-253
-255
-25
-228
-231
-246
81
-231
-78
28
-202
-59
-232
-241
-242
-241
-241
-241
-241
16
-43
34
-43
2
-24
-144
46
-241
-242
121
-232
-186
-233
-252
-233
-246
-251
-254
-252
-247
-242
-232
-242
-242
-242
-253
-251
-247
-250
-251
-244
-240
-251
-251
-248
-247
-249
-250
-252
-249
-244
-249
-252
-242
-234
-212
-250
-251
-253
-254
-241
-253
-255
-255
244
235
-252
-254
-255
-255
-253
167
123
59
-246
-251
-252
-252
-255
-255
-255
-254
225
233
232
-254
-255
-252
-23
-251
-251
-252
0
-186
-166
-189
-7
152
-239
-231
-236
-231
-232
-235
-231
-146
-55
-122
-55
-112
18
-21
49
-229
-238
-85
-222
-197
-254
-254
-255
-255
-255
-255
-255
-255
-254
-211
-250
-254
-255
-255
-239
-250
-246
-253
-255
-205
-189
-211
-175
-227
-237
-254
-252
-247
-240
-230
-217
-242
-231
-238
-246
-246
-247
-253
-197
-249
-255
-255
244
236
-249
-250
-253
-254
-253
171
125
60
-220
-225
-230
-251
-214
-228
-227
-199
189
208
206
-246
-253
-255
-25
-242
-246
-251
-11
-255
-243
-90
-154
246
-242
-254
-254
-253
-253
-254
-253
-141
-81
-122
-81
-86
-57
-112
59
-234
-241
-73
-249
-190
-203
-179
-213
-222
-253
-253
-254
-253
-131
143
-237
-252
-252
-252
-223
-228
-213
-249
-206
-19
25
-103
-185
-225
-186
-183
-123
46
-50
-147
-101
-121
-177
100
-245
-247
-229
-249
-233
-249
-255
-255
244
236
-238
-254
-254
-253
-249
173
127
60
-243
-248
-246
-246
-254
-255
-255
-253
225
233
232
-251
-253
-254
-24
-242
-242
-249
-43
-254
-244
-19
-203
133
-135
-251
-251
-250
-251
-251
-251
-220
-56
-196
-56
-16
-57
-153
17
-227
-235
-36
-249
-190
-211
-186
-123
-191
-250
-253
-253
-252
-192
198
-207
-248
-249
-251
-190
-210
-189
-240
-156
169
-87
-90
-127
-193
-182
-154
-162
-177
-69
-98
-116
-166
-152
-127
-247
-248
-231
-251
-246
-251
-255
-255
244
236
-243
-254
-254
-254
-251
174
127
61
-244
-247
-247
-244
-254
-255
-255
-253
225
233
232
-251
-254
-254
-24
-244
-244
-251
-30
-244
-57
-163
-131
-52
-252
-250
-251
-250
-250
-250
-250
-168
-55
-144
-55
-195
-113
36
-86
-145
-176
-109
-243
-189
-249
-252
-239
-240
-251
-251
-246
-188
-215
-230
-247
-235
-225
-240
-245
-250
-246
-251
-5
-249
-253
-252
-250
-228
-164
-195
-221
-243
-248
-250
-252
-233
-252
-248
-250
-251
-253
-254
-252
-249
-255
-252
244
233
-244
-254
-255
-252
-233
167
123
44
-250
-253
-253
-252
-254
-255
-255
-253
224
233
231
-253
-255
-255
-25
-251
-250
-252
109
-254
-194
51
-209
113
-69
-253
-253
-252
-253
-252
-253
-62
-59
-45
-59
32
-7
-149
128
-213
-237
-61
-240
-208
-178
15
-101
-213
-251
-252
-245
-246
-226
-126
-236
-228
-134
-253
-252
-252
-253
-252
-199
-243
-248
-255
-255
-255
-248
-246
-244
-228
-216
-218
-192
-200
-232
-221
-236
-240
-251
-251
-247
-251
-255
-255
244
235
-252
-255
-253
-254
-252
166
123
58
-247
-237
-235
-252
-255
-254
-254
-254
225
233
232
-254
-252
-255
-25
-118
-135
-251
94
-188
-11
-15
-202
93
-238
-235
-237
-235
-236
-235
-235
5
-58
21
-58
19
43
-121
-58
-175
-200
-146
-253
-78
-249
-246
-253
-253
-254
-253
-252
-252
-251
-251
-241
-248
-252
-254
-250
-248
-253
-253
-249
-237
-238
-243
-251
-255
-251
-253
-253
-252
-241
-247
-250
-248
-248
-224
-254
-254
-254
-255
-254
-253
-255
-255
244
235
-253
-250
-253
-254
-254
161
121
58
-254
-254
-254
-254
-255
-255
-255
-255
225
233
232
-255
-255
-255
-24
-249
-253
-253
94
-253
-234
-81
-177
-130
-253
-254
-254
-254
-254
-254
-254
-90
-14
-72
-14
52
-255
-255
-8
-226
-235
-146
-212
-111
-255
-255
-255
-255
-255
-255
-254
-227
-214
-245
-245
-255
-254
-255
-255
-251
-252
-254
-103
-243
-248
-251
-248
-223
-108
-138
-119
-233
-232
-246
-247
-205
-243
-219
-252
-253
-254
-254
-254
-254
-252
-252
241
233
-248
-254
-254
-254
-252
165
122
59
-254
-253
-253
-253
-255
-255
-255
-254
225
233
232
-255
-255
-255
-25
-236
-236
-254
73
-227
-161
92
-197
161
-235
-243
-244
-243
-243
-244
-243
-70
-80
-62
-80
52
137
-98
-2
-227
-235
-158
106
134
-255
-255
-255
-255
-254
-253
-200
-221
-238
-240
-251
-254
-252
-253
-252
-239
-156
-206
-183
-221
-124
-175
-165
-234
-215
-193
-192
-184
-140
-232
-237
-244
-210
-194
-237
-238
-252
-251
-247
-224
-254
-254
244
237
-249
-254
-251
-254
-251
166
124
58
-248
-223
-225
-252
-220
-157
-157
-175
191
138
138
-252
-251
-254
-24
-194
-229
-251
-70
-251
-249
26
-223
-124
-225
-227
-230
-226
-229
-229
-228
88
-79
108
-79
39
71
-119
113
-243
-251
12
-130
-140
-254
-252
-252
-254
-255
-255
-255
-255
-255
-255
-252
-246
-225
-239
-255
-255
-254
-254
-164
-230
-244
-219
-201
-229
-251
-252
-254
-251
-243
-251
-246
-234
-217
-95
-210
-218
-215
-239
-194
-243
-255
-255
244
236
-246
-251
-253
-253
-250
166
124
58
-228
-217
-223
-244
-253
-254
-254
-254
226
234
233
-240
-252
-255
-25
-238
-247
-253
0
-250
-204
13
-198
-40
10
-238
-240
-236
-238
-238
-238
-165
-61
-149
-61
68
19
-151
57
-246
-249
-12
-230
-73
-251
-250
-253
-254
-255
-255
-254
-227
-200
-192
-250
-253
-254
-255
-254
-253
-253
-253
-61
-208
-228
-219
-217
-229
4
-114
-119
-168
-144
-232
-227
-154
-230
-170
-135
-133
-216
-225
-173
-218
196
121
-197
-126
-220
-252
-250
-250
-241
195
144
62
-131
-56
-50
-235
-250
-251
-250
-243
233
238
236
-221
-237
-252
-25
81
26
-212
67
-226
36
-52
-167
-164
-70
-250
-249
-244
-247
-250
-250
121
-67
128
-67
-20
193
-21
8
-225
-231
-121
-224
-107
-254
-254
-254
-254
-254
-254
-255
-254
-220
-96
-199
-247
-253
-253
-246
-229
-228
-249
-249
-156
-218
-216
-237
-240
-248
-251
-249
-203
-162
-213
-229
-213
-237
-171
-254
-252
-254
-254
-254
-252
-255
-255
244
236
-252
-254
-254
-255
-253
165
122
59
-254
-252
-247
-253
-255
-255
-255
-255
225
233
232
-255
-254
-255
-25
-235
-249
-253
82
-253
-35
-100
-78
-25
-244
-243
-244
-243
-244
-244
-244
-148
-53
-124
-53
35
-255
-255
-105
-113
-112
-158
-230
-93
-254
-251
-252
-238
-252
-251
-252
-252
-245
-210
-192
-219
-236
-252
-254
-253
-249
-253
-240
-229
-246
-247
-251
-246
-251
-251
-242
-237
-242
-244
-250
-245
-223
-208
-233
-233
-249
-249
-211
-246
-255
-254
244
236
-249
-249
-247
-253
-252
167
123
58
-234
-209
-215
-252
-207
-205
-206
-190
180
186
185
-250
-252
-254
-24
-194
127
-204
58
-250
-233
104
-224
158
-227
-248
-249
-248
-248
-248
-248
-22
-72
-14
-72
6
41
-116
103
-245
-251
-36
-250
-123
-227
-188
-121
-175
-235
-240
-243
-239
-209
-199
-229
-249
-253
-251
-253
-252
-248
-242
-228
-232
-243
-248
-250
-244
-245
-222
-236
-230
-227
-245
-248
-247
-253
-253
-244
-245
-253
-253
-254
-248
-255
-255
244
236
-229
-255
-255
-253
-246
165
122
62
-253
-253
-253
-250
-255
-255
-255
-249
225
233
232
-254
-255
-254
-25
-251
-249
-246
51
-250
-232
107
-215
-1
-145
-226
-229
-225
-227
-227
-226
-154
-35
-146
-35
-108
-42
-77
93
-235
-246
36
-237
-216
-232
-203
-185
-207
-248
-250
-248
-248
-243
-237
-237
-246
-221
-254
-254
-253
-252
-253
-244
-247
-253
-254
-254
-254
-250
-244
-238
-240
-210
-200
-169
-193
-249
-238
-230
-236
-242
-249
-252
-225
-255
-252
244
234
-242
-255
-255
-254
-240
165
122
51
-248
-248
-250
-230
-254
-255
-255
-252
225
233
232
-251
-254
-254
-25
-247
-244
-248
39
-255
-227
43
-216
-84
-109
-255
-255
-255
-255
-255
-255
-26
-84
-10
-84
-41
47
-82
56
-234
-241
36
-242
-166
-250
-225
-181
-212
-251
-253
-246
-236
-245
-245
-254
-254
-253
-251
-254
-253
-246
-245
-230
-251
-249
-249
-248
-243
-244
-244
-244
-245
-247
-250
-250
-252
-255
-254
-249
-249
-253
-254
-255
-252
-255
-255
244
236
-231
-255
-255
-253
-248
165
122
63
-254
-254
-254
-251
-255
-255
-255
-250
225
233
232
-255
-255
-255
-25
-253
-253
-249
-3
-202
-87
6
-200
-92
-145
-226
-228
-225
-227
-227
-226
-59
-90
-61
-90
-132
0
0
42
-247
-250
0
-85
-122
-222
-230
-238
-245
-253
-252
-252
-252
-251
-246
-205
-242
-246
-255
-250
-228
-229
-230
-244
-251
-251
-249
-244
-111
-80
-84
-214
-242
-247
-251
-252
-144
-136
34
-246
-249
-254
-254
-248
-182
-254
-252
244
238
-192
-254
-255
-253
-228
165
122
62
-251
-253
-253
-245
-255
-255
-255
-250
225
233
232
-254
-255
-254
-25
-253
-252
-240
0
-241
-99
-72
-182
-79
-206
-245
-246
-244
-245
-245
-245
56
-74
57
-74
-42
2
-106
17
-226
-235
-146
-196
-75
-255
-255
-255
-255
-255
-250
-214
-242
-244
-252
-255
-254
-254
-253
-250
-227
-202
-238
-239
-177
-174
-213
-215
-208
-211
-212
-171
-176
-228
-245
-242
-247
-247
-226
-231
-229
-245
-248
-245
-230
-254
-253
244
235
-229
-249
-249
-249
-242
166
123
58
-240
-220
-215
-239
-249
-249
-250
-243
220
229
228
255
238
95
167
-203
-200
-223
-118
-250
-210
-85
-165
-59
-223
-249
-249
-249
-249
-249
-249
-94
-62
-72
-62
-135
-42
-36
-21
-192
-206
-61
-244
-175
-235
-206
-227
-230
-254
-253
-254
-243
-204
-244
-249
-253
-253
-253
-255
-254
-254
-254
-240
-250
-252
-253
-253
-248
-186
-107
-156
-168
-214
-238
-247
-151
-199
-184
-249
-250
-248
-253
-254
-155
-255
-254
247
242
-216
-255
-255
-254
-252
165
122
73
-252
-247
-240
-105
-255
-255
-255
-254
225
233
232
-254
-254
-218
-4
-242
-245
-249
42
-242
-239
-37
-215
228
-146
-231
-243
-249
-254
-255
-253
-21
-90
1
-90
79
-82
-191
26
-236
-243
-97
-117
-137
-255
-255
-255
-255
-255
-255
-255
-255
-255
-196
-240
-254
-255
-255
-238
-240
-248
-253
-252
-248
-172
-109
-76
-184
-232
-229
-248
-250
-230
-248
-228
-114
-215
-204
-248
-249
-253
-254
-248
-216
-255
-254
244
237
-243
-254
-254
-254
-251
166
123
60
-250
-252
-251
-247
-255
-255
-255
-251
225
233
232
-254
-255
-254
-25
-251
-250
-249
-1
-227
54
-120
-207
-31
-232
-226
-229
-226
-229
-228
-228
94
-60
109
-60
132
-255
-255
-171
-36
-71
-219
-233
-116
-227
-218
-224
-244
-251
-250
-253
-254
-187
-72
-214
-205
-184
-237
255
255
57
-176
255
-128
-166
-219
-232
-240
-235
-220
-235
-193
-94
-185
-181
-227
-155
199
-253
-251
-254
-254
-252
-249
-255
-255
244
236
-250
-254
-254
-255
-252
165
122
59
-253
-250
-244
-249
-254
-255
-254
-254
224
233
232
-253
-253
-254
-24
-125
-245
-251
108
-216
-216
-161
-104
25
-243
-236
-238
-235
-237
-236
-236
-71
-58
-51
-58
-123
-255
-255
-19
-186
-211
-121
-29
-122
-255
-255
-255
-255
-255
-255
-255
-255
-255
-252
-250
-254
-254
-255
-248
-215
-240
-251
-250
-251
-247
-244
-208
-27
-193
-241
-234
-228
-244
-250
-249
-132
-177
-225
-250
-251
-254
-254
-244
-243
-255
-254
244
235
-246
-255
-255
-254
-245
166
123
54
-252
-253
-252
-249
-255
-255
-255
-253
225
233
232
-254
-255
-255
-25
-253
-252
-250
102
-250
-100
-58
-158
155
-238
-248
-247
-247
-248
-247
-248
-104
-51
-84
-51
-52
-57
-135
-14
-188
-201
-146
-222
-53
-244
-238
-252
-252
-255
-250
-193
-232
-248
-249
-250
-254
-252
-254
-250
-222
-165
-198
-231
-144
-129
-144
-156
-214
-217
-205
-140
-164
-208
-215
-239
-244
-221
-191
-248
-247
-235
-251
-247
-228
-255
-254
244
237
-245
-251
-253
-254
-249
169
123
58
-194
-237
-236
-250
-239
-241
-242
-242
216
220
220
-203
-212
-226
-9
-218
-222
-249
-122
-248
-110
-82
-168
160
-245
-249
-250
-249
-250
-250
-249
-50
-62
-40
-62
-124
-58
-70
13
-235
-240
49
-225
-194
-184
-241
-252
-254
-255
-255
-254
-254
-254
-207
-228
-247
-252
-255
-247
-246
-237
-243
-247
-249
-231
-184
-201
-227
-193
-229
-219
-235
-237
-249
-241
-205
-230
-186
-237
-236
-246
-253
-217
-240
-253
-254
243
236
-240
-247
-251
-253
-247
167
123
58
-226
-228
-221
-239
-249
-250
-250
-245
222
229
228
-248
-252
-254
-25
-241
-240
-246
22
-243
-228
-68
-183
-70
-227
-237
-238
-236
-237
-238
-237
11
-67
33
-67
26
109
-96
15
-235
-241
-85
-77
-136
-222
-181
33
-173
-242
-245
-248
-253
-244
-218
-245
-251
-252
-255
-254
-253
-253
-251
-253
-214
-240
-243
-245
-241
-245
-235
-213
-225
-240
-234
-222
-233
-249
-225
-251
-251
-255
-255
-254
-250
-255
-255
244
235
-247
-255
-255
-254
-253
165
122
61
-253
-253
-252
-252
-255
-255
-255
-254
225
233
232
-255
-255
-255
-25
-242
-246
-254
46
-234
-159
-165
-125
-78
-221
-233
-235
-233
-234
-234
-233
-62
-68
-40
-68
-131
2
0
-41
-181
-206
-170
-229
-122
-237
-232
-250
-254
-255
-255
-255
-255
-253
-225
-253
-254
-255
-255
-254
-253
-253
-254
-255
-250
-244
-248
-253
-255
-254
-246
-248
-245
-243
-248
-238
-255
-255
-252
-254
-253
-253
-254
-255
-246
-255
-255
244
236
-245
-255
-255
-254
-245
165
122
54
-255
-254
-254
-251
-255
-255
-255
-254
225
233
232
-255
-255
-253
-24
-251
-248
-247
82
-239
-186
31
-209
12
-190
-222
-227
-222
-224
-223
-223
-10
-64
-2
-64
9
-103
-184
203
-168
-227
-109
-231
-200
-253
-245
-253
-253
-255
-255
-255
-254
-246
-245
-143
-161
-195
-255
-254
-254
-242
-238
-44
-238
-241
-244
-247
-230
-45
34
175
-99
-76
-80
-112
-148
-198
6
-219
-226
-248
-253
-202
-238
-254
-252
244
234
-100
-254
-254
-252
-237
211
165
111
-243
-245
-246
-250
-254
-255
-255
-253
225
233
232
-247
-252
-254
-25
-244
-243
-243
60
-228
-23
-34
-177
151
-222
-227
-229
-226
-228
-228
-227
33
-62
47
-62
-136
-8
0
-4
-210
-173
-134
-246
-121
-237
-242
-237
-248
-253
-253
-245
-220
-234
-232
-233
-248
-248
-236
-247
-232
-198
-209
-62
-218
-227
-200
-209
-226
-132
-204
-211
-218
-208
-224
-237
-245
-251
-249
-253
-252
-253
-254
-252
-249
-255
-254
244
235
-248
-254
-254
-253
-244
165
122
51
-250
-249
-249
-245
-254
-255
-255
-246
225
233
232
-254
-254
-254
-25
-246
-248
-250
126
-242
-164
-157
-63
55
-242
-243
-244
-243
-244
-244
-243
0
-58
22
-58
52
63
-128
-3
-195
-208
-85
-230
-101
-254
-253
-236
-220
-236
-246
-250
-242
-208
-186
-190
-238
-244
-251
-253
-246
-225
-236
-164
-234
-250
-246
-243
-243
-187
-170
-216
-234
-241
-247
-249
-233
-228
-201
-244
-246
-248
-252
-248
-222
-254
-254
243
237
36
-254
-254
-252
-241
222
156
175
-247
-248
-248
-249
-254
-255
-254
-254
224
233
232
-253
-254
-254
-24
-232
-245
-247
100
-215
-194
78
-207
-145
-201
-213
-217
-212
-212
-213
-211
-174
65
-179
65
-73
-3
-85
-46
-186
-190
-206
-217
-80
-177
-224
-244
-243
-254
-254
-253
-248
-236
-234
-221
-248
-250
-253
-253
-251
-246
-252
-226
-244
-250
-250
-251
-250
-230
-212
-238
-246
-236
-243
-245
-233
-243
-237
-254
-254
-254
-255
-254
-244
-255
-255
244
236
-251
-254
-254
-254
-252
165
122
58
-247
-253
-252
-249
-255
-255
-255
-255
226
233
232
-230
-234
-244
-19
-251
-251
-252
101
-98
-196
-161
-105
-69
-241
-232
-234
-231
-233
-233
-232
-48
-57
-25
-57
-150
-255
-255
16
-213
-229
-158
-226
-129
-254
-255
-254
-254
-255
-254
-254
-254
-227
-41
-232
-251
-250
-254
-249
-243
-251
-254
-251
-86
-133
-239
-246
-235
-253
-254
-235
-211
-202
-202
-149
-230
-234
-215
-253
-252
-253
-255
-253
-253
-255
-255
244
236
-253
-254
-254
-255
-254
165
122
59
-252
-251
-248
-254
-254
-255
-255
-255
224
233
232
-251
-251
-254
-24
-234
-249
-253
98
-254
-224
12
-171
-135
-236
-240
-242
-240
-241
-241
-240
-95
-16
-74
-16
-9
42
-106
34
-244
-248
-73
-223
-127
-252
-251
-252
-254
-255
-255
-255
-254
-252
-247
-253
-254
-254
-255
-255
-254
-254
-255
-255
-247
-253
-254
-254
-253
-252
-254
-251
-243
-233
-243
-249
-243
-245
-238
-252
-253
-251
-254
-254
-255
-255
-255
244
235
-249
-255
-255
-255
-253
165
122
59
-253
-251
-252
-255
-255
-255
-255
-255
225
233
232
-255
-255
-255
-25
-250
-250
-254
-123
-253
-243
106
-217
-4
-28
-220
-222
-219
-220
-222
-218
31
-8
33
-8
122
121
-132
76
-243
-249
-61
-233
-119
-246
-186
-233
-248
-254
-255
-255
-249
-228
-241
-254
-255
-255
-246
-254
-255
-254
-255
-187
-230
-245
-252
-254
-253
-200
-216
-204
-229
-233
-250
-252
-223
-209
-119
-235
-236
-248
-251
-245
-246
-255
-255
244
236
-246
-251
-251
-253
-250
167
123
58
-240
-227
-229
-250
-254
-255
-255
-254
226
234
233
-251
-253
-254
-58
-216
-217
-245
63
-254
-186
2
-200
129
-130
-214
-218
-215
-221
-218
-213
-40
-63
-18
-63
6
41
-116
21
-224
-234
-134
-248
-183
-233
-221
-251
-252
-255
-255
-255
-255
-252
-216
-243
-254
-254
-255
-244
-252
-249
-253
-254
-242
-243
-246
-237
-250
-241
-247
-253
-248
-242
-236
-232
-254
-253
-247
-251
-252
-250
-253
-254
-249
-255
-255
244
236
-248
-255
-255
-254
-248
165
122
56
-255
-254
-253
-253
-255
-255
-255
-254
225
233
232
-255
-255
-254
-25
-246
-243
-248
80
-187
29
23
-218
133
-141
-192
-205
-189
-203
-195
-200
-1
-65
9
-65
-90
-10
-73
24
-224
-237
-158
-222
-125
-237
-242
-228
-228
-240
-250
-247
-246
-245
118
-230
-253
-254
-249
-205
-194
-236
-249
-243
-210
-108
-66
-173
-207
-248
-252
-251
-236
-239
-233
-194
-244
-246
-227
-250
-247
-245
-250
-244
-240
-255
-254
244
236
-247
-252
-253
-254
-251
165
122
58
-247
-241
-230
-245
-252
-254
-254
-253
223
232
231
-235
-244
-252
-23
53
-233
-246
77
-254
-223
-53
-161
243
-221
-253
-251
-253
-251
-253
-251
-181
-25
-163
-25
-117
9
-20
67
-225
-237
-24
-248
-188
-253
-252
-254
-254
-255
-255
-255
-255
-247
-233
-255
-255
-255
-255
-255
-255
-255
-255
-254
-236
-246
-251
-254
-254
-254
-250
-242
-232
-226
-224
-236
-251
-242
-204
-253
-253
-251
-253
-254
-253
-255
-255
244
236
-250
-255
-255
-254
-253
166
123
59
-252
-250
-250
-253
-255
-255
-255
-254
225
233
232
-254
-254
-255
-25
-245
-248
-252
-126
-243
-218
-98
-186
150
-225
-234
-238
-233
-235
-237
-233
-128
-56
-105
-56
-28
-81
-161
101
-223
-240
12
-233
-206
-252
-254
-248
-253
-254
-255
-255
-255
-255
-254
-91
-144
-247
-255
-254
-248
-210
-139
-228
-255
-255
-255
-255
-249
-88
83
111
-149
-208
-248
-254
-202
-127
84
-218
-223
-245
-248
-252
-250
-255
-254
244
235
-248
-254
-254
-253
-245
165
122
52
-250
-247
-242
-252
-254
-255
-254
-254
225
233
232
-254
-254
-255
-25
-233
-224
-251
95
-254
-243
43
-207
136
-155
-243
-244
-243
-244
-244
-243
-64
-42
-50
-42
-65
16
-80
51
-239
-245
-49
-249
-134
-247
-238
-248
-253
-254
-255
-254
-236
-230
-250
-254
-254
-254
-236
-255
-254
-253
-253
-95
-242
-253
-252
-251
-251
-173
-169
-195
-241
-240
-252
-254
-223
-233
-146
-240
-241
-247
-251
-245
-246
-255
-254
244
236
-245
-251
-250
-253
-250
168
122
58
-242
-234
-232
-250
-255
-255
-255
-254
226
234
232
-252
-253
-254
-54
-219
-222
-247
73
-255
-219
-10
-203
121
-90
-244
-245
-244
-245
-244
-244
-156
-59
-132
-59
-77
-8
-85
-19
-202
-211
-109
-248
-152
-255
-255
-255
-255
-255
-255
-253
-205
-200
-238
-251
-253
-254
-255
-254
-254
-249
-249
-25
-239
-241
-234
-234
-177
32
-12
-143
-151
-232
-243
-226
-148
-202
-182
-159
-165
-230
-231
-202
-228
15
20
-20
-29
-230
-252
-250
-251
-245
184
138
60
-176
-95
-104
-240
-252
-251
-251
-247
230
236
235
-233
-242
-253
-25
13
-33
-222
86
-253
-246
100
-225
95
-232
-248
-248
-247
-248
-248
-248
-74
-57
-62
-57
72
-119
-204
94
-237
-246
49
-238
-211
-252
-249
-248
-253
-254
-255
-255
-255
-254
-254
-248
-241
-162
-255
-255
-255
-251
-251
-42
-219
-242
-253
-255
-255
-254
-250
-249
-241
-221
-237
-224
-219
-249
-249
-238
-242
-240
-250
-241
-228
-255
-254
244
236
-236
-228
-236
-245
-234
145
109
48
-246
-248
-249
-247
-253
-255
-255
-253
224
233
232
-254
-255
-255
-25
-249
-248
-245
51
-242
-204
-31
-198
234
-159
-233
-242
-247
-251
-252
-250
-91
-23
-71
-23
-5
135
-64
247
-67
-190
-158
-133
-135
-197
-28
89
-116
-245
-245
-243
-252
-246
-193
-210
-217
-75
-252
-254
-254
-253
-253
-62
-249
-253
-255
-253
-254
-244
-245
-240
-210
-118
-95
-166
-245
-247
-241
-239
-241
-248
-251
-246
-241
-255
-254
244
236
-234
-255
-254
-253
-244
166
123
58
-248
-244
-238
-238
-255
-254
-254
-253
225
233
231
-254
-253
-254
-24
-173
-164
-246
58
-253
-244
-5
-216
145
-211
-241
-244
-239
-241
-242
-240
-169
-67
-145
-67
-16
-7
-128
-9
-217
-226
-49
-250
-181
-248
-222
-235
-238
-254
-254
-253
-246
-193
-176
-234
-245
-250
-254
-253
-254
-253
-252
-233
-196
-219
-246
-247
-247
-175
-123
-110
-116
-182
-152
-158
-60
-172
-87
-252
-249
-255
-254
-254
-249
-255
-254
244
235
-248
-255
-254
-253
-247
165
122
54
-254
-253
-247
-243
-255
-255
-255
-248
225
233
232
-255
-254
-255
-25
-231
-227
-251
79
-249
-220
41
-205
-125
-218
-233
-235
-232
-233
-233
-232
18
-87
25
-87
-59
-51
-128
59
-235
-244
-73
-106
-131
-246
-243
-213
-244
-255
-255
-255
-255
-254
-230
-250
-254
-255
-255
-244
-244
-252
-254
-255
-253
-251
-201
-116
-193
-250
-254
-254
-254
-254
-253
-254
-235
-255
-255
-253
-252
-252
-253
-253
-245
-255
-255
244
236
-232
-254
-255
-254
-252
166
122
66
-253
-253
-252
-250
-255
-255
-255
-255
225
233
232
-245
-250
-254
-27
-252
-251
-253
-6
-253
-231
13
-191
87
-189
-246
-247
-246
-247
-247
-247
-130
-64
-111
-64
-46
16
-96
108
-215
-237
-61
-254
-58
-253
-254
-246
-252
-255
-254
-253
-254
-252
-238
-254
-255
-255
-255
-255
-255
-255
-255
-253
-247
-243
-249
-251
-251
-252
-248
-252
-251
-248
-243
-236
-238
-250
-247
-252
-253
-250
-254
-254
-252
-255
-255
244
236
-250
-255
-255
-254
-251
166
122
57
-252
-251
-251
-254
-255
-255
-255
-254
225
233
232
-254
-255
-255
-25
-248
-249
-252
-124
-207
-141
-155
-206
243
-198
-230
-235
-237
-240
-241
-239
-46
-63
-24
-63
-151
48
102
49
-239
-245
-134
-120
-133
-253
-254
-252
-254
-255
-254
-254
-253
-252
-224
-241
-253
-254
-255
-239
-224
-237
-249
-253
-253
-252
-199
-157
-181
-207
-233
-243
-251
-249
-254
-251
-54
-209
-195
255
255
-231
-243
-43
-173
-254
-254
249
240
-231
-236
-241
-250
-247
174
129
63
-170
-138
-146
-243
-179
-187
-195
-144
159
172
178
-235
-247
-253
-25
-205
-186
-240
18
-252
-230
-12
-193
209
-185
-247
-245
-241
-246
-246
-245
-61
-62
-40
-62
-37
108
-51
77
-238
-246
49
-248
-196
-249
-248
-247
-246
-254
-254
-254
-254
-248
-238
-247
-253
-252
-255
-254
-255
-254
-255
-253
-242
-247
-250
-251
-251
-252
-248
-237
-239
-233
-240
-232
-246
-244
-229
-254
-254
-250
-253
-254
-252
-255
-255
244
236
-252
-255
-255
-254
-252
165
122
58
-252
-246
-246
-253
-255
-255
-255
-254
225
233
232
-254
-254
-255
-25
-244
-245
-252
-123
-254
-228
15
-184
57
-242
-253
-253
-253
-253
-253
-253
-160
-72
-141
-72
-46
34
-85
-65
-158
-191
-158
-243
-99
-252
-246
-253
-251
-255
-255
-255
-254
-250
-236
-254
-254
-254
-255
-255
-255
-254
-254
-254
-235
-252
-254
-254
-253
-250
-253
-251
-245
-228
-226
-238
-252
-247
-234
-252
-253
-251
-253
-255
-254
-255
-255
244
236
-253
-255
-255
-255
-254
166
122
59
-253
-248
-249
-254
-255
-255
-255
-254
225
233
232
-254
-254
-255
-25
-241
-245
-254
-130
-251
-229
0
-212
153
-226
-245
-245
-244
-245
-245
-245
-68
-61
-45
-61
115
117
-132
56
-235
-244
24
-225
-199
-247
-241
-235
-248
-255
-255
-255
-255
-255
-251
-253
-255
-255
-255
-230
-232
-253
-254
-254
-254
-253
-249
-144
234
-248
-254
-254
-254
-255
-255
-255
-245
-255
-255
-253
-253
-251
-253
-252
-250
-255
-254
244
235
-246
-254
-255
-253
-241
166
122
50
-253
-253
-252
-252
-255
-255
-255
-254
225
233
232
-253
-254
-255
-24
-252
-251
-252
-100
-251
-232
8
-189
9
-186
-228
-231
-227
-229
-229
-228
-127
-44
-119
-44
38
-103
-191
55
-236
-241
-109
-239
-111
-251
-243
-237
-243
-254
-255
-254
-254
-224
-183
-243
-254
-255
-254
-248
-250
-247
-253
-246
-241
-232
-240
-249
-252
-242
-247
-230
-234
-245
-249
-232
-246
-242
-246
-251
-251
-253
-254
-254
-247
-255
-254
244
236
-230
-255
-255
-252
-242
166
122
58
-253
-254
-254
-251
-255
-255
-255
-252
225
233
232
-255
-255
-255
-25
-253
-250
-248
0
-254
-214
35
-204
-95
-124
-244
-246
-244
-245
-245
-245
-123
-177
-103
-177
-96
2
-57
73
-248
-250
-12
-96
-120
-87
-17
-225
-207
-242
-251
-251
-250
-252
-252
-235
-245
-248
-255
-254
-249
-235
-245
-209
-254
-254
-255
-254
-251
-228
-234
-235
-236
-240
-241
-243
-222
-235
-209
-234
-235
215
103
-244
-241
-252
-250
241
232
-244
-249
-250
-252
-245
168
123
54
-231
-207
-213
-245
-245
-253
-252
-250
217
233
231
-250
-252
-254
-25
-199
-215
-244
48
-255
-225
-2
-190
-57
-229
-254
-254
-254
-254
-254
-254
-135
-59
-114
-59
-101
-6
-57
42
-230
-236
109
-244
-186
-252
-252
-253
-254
-255
-255
-255
-255
-253
-241
-254
-255
-255
-255
-255
-255
-255
-255
-255
-248
-250
-250
-251
-252
-252
-254
-250
-247
-238
-248
-243
-247
-246
-239
-253
-253
-252
-254
-254
-254
-255
-255
244
236
-253
-255
-255
-255
-254
165
122
58
-253
-250
-250
-254
-255
-255
-255
-255
225
233
232
-255
-255
-255
-25
-250
-251
-254
-131
-230
-221
-48
-197
-52
-253
-249
-249
-249
-249
-249
-249
-96
-56
-73
-56
62
-77
-186
7
-186
-208
-85
-244
-197
-255
-255
-255
-255
-255
-255
-255
-255
-254
-191
-253
-255
-255
-255
-254
-253
-252
-254
-254
-192
-165
-145
-237
-246
-247
-250
-243
-227
-225
-212
-168
-239
-246
-197
-253
-254
-254
-255
-253
-250
-255
-255
244
236
-244
-255
-255
-255
-254
165
122
63
-253
-254
-253
-247
-255
-255
-255
-254
225
233
232
-255
-255
-255
-25
-253
-252
-253
0
-254
-160
-30
-197
-132
-235
-240
-241
-240
-241
-241
-240
-4
-24
-11
-24
-52
-45
-128
-48
-194
-216
-182
211
175
-255
-255
-255
-255
-255
-254
-215
-248
-247
-254
-254
-254
-254
-254
-252
-224
-196
-242
-240
-158
-174
-219
-237
-235
-236
-195
-176
-168
-220
-249
-252
-243
-243
-224
-244
-244
-246
-249
-248
-242
-254
-254
243
235
-253
-254
-254
-255
-254
167
124
58
-235
-232
-233
-254
-207
-195
-193
-208
180
175
172
-249
-250
-253
-23
-220
-244
-254
-113
-230
-157
70
-218
-145
-208
-239
-240
-239
-235
-241
-237
58
2
50
2
9
82
-98
63
-237
-244
-134
-223
-109
-249
-230
-176
-233
-253
-254
-254
-253
-247
-236
-251
-253
-254
-255
-254
-253
-252
-254
-230
-243
-239
-249
-247
-235
-228
-203
-207
-238
-229
-226
-238
-214
-228
-197
-252
-252
-252
-254
-254
-242
-255
-253
244
234
-237
-254
-254
-254
-245
165
122
57
-251
-250
-250
-228
-254
-255
-255
-250
225
233
232
-252
-254
-254
-25
-253
-253
-239
29
-252
-147
-93
-141
-53
-249
-251
-251
-251
-251
-250
-251
-140
-61
-123
-61
-152
-113
-85
35
-241
-246
49
-243
-163
-249
-246
-251
-253
-254
-253
-206
-244
-253
-252
-252
-254
-254
-254
-254
-224
-172
-231
-243
-184
-138
-202
-207
-209
-244
-239
-193
-166
-226
-244
-248
-242
-244
-211
-255
-255
-253
-255
-253
-234
-255
-255
244
237
-253
-255
-255
-255
-254
166
122
58
-253
-254
-253
-254
-248
-252
-252
-251
218
231
229
-254
-254
-254
-24
-236
-242
-254
-134
-237
-183
33
-205
110
-46
-199
-186
-198
-183
-207
-183
-67
107
-69
107
52
137
-98
52
-240
-244
-134
-143
-144
-234
-214
-250
-252
-254
-254
-254
-254
-253
-211
-195
-246
-253
-255
-250
-246
-242
-251
-250
-250
-235
-239
-223
-235
-217
-236
-230
-239
-238
-249
-232
-191
-197
-224
-243
-242
-241
-251
-251
-248
-252
-251
242
233
-244
-253
-254
-253
-248
165
122
57
-249
-249
-250
-240
-254
-255
-255
-253
225
233
232
-253
-255
-253
-29
-249
-248
-249
55
-255
-242
74
-222
-4
-133
-220
-222
-218
-220
-221
-219
14
-60
34
-60
-35
-133
-187
51
-241
-245
-85
-232
-100
-244
-239
-245
-249
-254
-254
-254
-248
-199
-222
-247
-253
-254
-253
-254
-253
-253
-254
-221
-231
-233
-240
-244
-238
-207
-103
-120
-201
-200
-219
-214
-162
-197
-141
-252
-250
-255
-254
-252
-251
-255
-255
244
236
-252
-255
-255
-254
-253
165
122
58
-254
-253
-248
-245
-255
-255
-254
-247
225
233
232
-255
-254
-255
-25
-231
-234
-253
58
-251
-227
12
-190
253
-237
-204
-199
-187
-187
-188
-185
1
-93
15
-93
-5
91
-85
72
-238
-243
-134
-118
-133
-245
-251
-254
-255
-255
-255
-255
-255
-251
-209
-236
-254
-255
-255
-252
-245
-250
-252
-251
-220
-228
-213
-219
-193
-227
-240
-244
-244
-232
-223
-220
-205
-229
-228
-236
-236
-249
-251
-239
-235
-255
-254
244
236
-248
-254
-254
-254
-252
166
122
59
14
255
255
-203
-254
-254
-254
-251
253
255
255
-220
-235
-251
-23
-227
-204
-244
50
-249
-242
-135
-148
238
-193
-233
-243
-249
-254
-255
-253
-118
-62
-95
-62
-46
48
-77
29
-231
-241
-146
-221
-137
-204
-124
93
-171
-245
-245
-241
-245
-239
-75
-231
-249
-254
-254
-248
-232
-245
-255
-243
-190
-220
-243
-246
-250
-248
-247
-238
-224
-226
-233
-219
-222
-246
-229
-244
-244
-252
-253
-253
-243
-255
-254
244
236
-223
-255
-255
-252
-242
165
122
61
-252
-252
-251
-241
-255
-255
-255
-249
225
233
232
-254
-254
-253
-24
-248
-244
-242
0
-241
-243
-145
-62
-135
-243
-237
-238
-236
-237
-237
-237
-58
-16
-40
-16
11
-255
-255
62
-240
-246
-97
-115
-133
-255
-255
-255
-255
-255
-255
-255
-255
-255
-240
-246
-254
-255
-255
-252
-253
-249
-254
-255
-251
-245
-240
-234
-224
-243
-247
-248
-252
-253
-252
-249
-215
-244
-248
-252
-252
-254
-255
-254
-254
-255
-255
244
235
-252
-255
-255
-255
-254
166
122
60
-253
-253
-252
-254
-255
-255
-255
-254
225
233
232
-255
-255
-255
-25
-237
-244
-255
81
-237
-166
46
-214
95
-238
-248
-248
-247
-248
-248
-247
-92
-72
-85
-72
-46
-92
-159
33
-235
-241
-97
-211
-58
-255
-255
-255
-255
-255
-253
-192
-230
-253
-254
-254
-254
-255
-254
-253
-223
-160
-197
-212
-156
-126
-167
-171
-222
-228
-233
-192
-162
-186
-230
-243
-241
-232
-165
-196
-195
-225
-231
-231
-224
-251
-246
241
229
-239
-251
-250
-253
-249
171
132
60
-216
-151
-152
-244
-107
-60
-38
-37
84
46
25
-240
-242
-250
-22
-100
-229
-248
-79
-252
-198
-23
-202
-164
-83
-226
-229
-225
-227
-227
-226
-70
-104
-53
-104
69
-87
-191
29
-221
-231
-182
-215
-119
-253
-254
-255
-255
-255
-255
-255
-254
-245
-254
-255
-255
-255
-253
-255
-255
-255
-255
-234
-251
-254
-254
-254
-255
-246
-245
-237
-247
-248
-254
-255
-255
-253
-248
-253
-252
-254
-254
-253
-253
-255
-255
244
236
-254
-255
-255
-255
-254
166
122
58
-254
-254
-253
-252
-255
-255
-255
-254
225
233
232
-254
-254
-255
-25
-238
-246
-253
34
-251
-243
-51
-199
-80
-213
-233
-235
-232
-233
-233
-233
-129
-114
-108
-114
11
-34
-153
23
-226
-235
-109
-226
-117
-234
-227
-223
-232
-254
-253
-252
-252
-197
-13
-209
-249
-250
-253
-232
-200
-227
-250
-229
-6
-122
-192
-189
-225
-220
-212
-174
-149
-92
-158
-151
-148
-169
-122
-249
-249
-233
-247
-251
-249
-255
-255
244
236
-245
-254
-255
-254
-253
169
124
61
-247
-250
-249
-240
-254
-255
-255
-253
225
233
232
-253
-254
-254
-24
-247
-247
-251
51
-218
-172
-97
-159
-54
-248
-242
-243
-242
-242
-242
-242
-33
-56
-10
-56
-101
-6
-57
-31
-185
-211
-61
-244
-196
-248
-244
-251
-252
-255
-255
-255
-255
-252
-204
-248
-254
-255
-255
-254
-253
-250
-254
-254
-201
-148
-225
-251
-248
-249
-252
-251
-248
-225
-238
-180
-242
-251
-239
-216
-220
-188
-228
-191
-246
-255
-255
244
236
-245
-133
-211
-236
-235
86
100
45
-176
-187
-194
-251
-244
-250
-250
-251
223
231
230
-233
-250
-254
-25
-177
-216
-250
16
-212
-29
-55
-186
-68
-236
-244
-245
-244
-244
-244
-244
-46
-68
-39
-68
-79
36
-51
-4
-199
-203
-219
-197
-75
-254
-253
-250
-253
-255
-250
-216
-245
-248
-247
-254
-253
-253
-254
-245
-246
-204
-228
-235
-203
-222
-213
-184
-202
-198
-182
-221
-234
-233
-240
-248
-250
-239
-203
-240
-241
-246
-248
-243
-222
-253
-253
243
236
-248
-253
-251
-253
-251
167
123
58
-231
-227
-228
-252
-161
-174
-173
-114
135
154
153
-249
-252
-254
-24
-208
-237
-249
-72
-242
-211
112
-220
143
-189
-219
-223
-218
-219
-220
-219
8
-63
21
-63
54
66
-128
105
-243
-252
146
-232
-202
-252
-247
-251
-252
-254
-255
-255
-254
-250
-209
-139
-205
-208
-255
-252
-250
-231
-241
-173
-203
-232
-220
-210
-173
-80
-28
-73
-145
-104
-172
-171
-79
-86
49
-247
-248
-249
-253
-231
-239
-254
-252
243
234
-106
-254
-254
-251
-236
214
166
107
-245
-249
-248
-249
-254
-255
-255
-253
225
233
232
-252
-254
-254
-25
-246
-245
-242
84
-216
-71
-22
-148
-131
-239
-242
-243
-241
-242
-242
-242
-127
-12
-132
-12
-133
-45
-42
65
-245
-249
-85
-120
-160
-241
-250
-251
-248
-253
-254
-254
-251
-252
-247
-166
-203
-240
-254
-249
-225
-188
-232
-190
-252
-253
-252
-248
-210
-212
-155
-200
-200
-230
-240
-249
-189
-187
-154
-243
-243
-234
-247
-244
-251
-255
-255
244
235
-242
-255
-254
-254
-247
165
122
57
-252
-249
-249
-245
-255
-255
-255
-254
225
233
232
-254
-255
-254
-24
-248
-246
-252
102
-254
-201
-11
-199
159
-234
-254
-254
-254
-254
-254
-254
-132
-47
-116
-47
-65
-8
-96
61
-224
-236
-61
-222
-193
-244
-241
-247
-250
-254
-255
-254
-254
-253
-165
-246
-254
-254
-255
-248
-252
-248
-252
-254
-234
-224
-220
-190
-245
-251
-252
-246
-245
-237
-238
-219
-236
-249
-240
-249
-248
-249
-253
-252
-248
-251
-251
240
232
-243
-253
-254
-253
-249
165
122
58
-251
-250
-250
-247
-255
-255
-255
-254
225
233
232
-254
-255
-254
-26
-248
-246
-249
60
-248
-148
6
-202
28
-242
-254
-255
-254
-254
-255
-254
-32
-71
-19
-71
-79
80
-21
-8
-224
-235
-24
-236
-106
-250
-249
-237
-240
-251
-251
-251
-249
-124
-139
-169
-250
-251
-252
-244
-251
-221
-252
-230
-139
-241
-244
-241
-219
-217
-188
-168
-119
-52
-197
-240
-211
-189
-147
-236
-239
-250
-249
-208
-245
-255
-254
244
236
-245
-245
-249
-254
-252
165
123
60
-237
-242
-234
-245
-235
-243
-228
-217
208
222
207
-249
-253
-254
-24
-64
-224
-250
73
-250
-198
-24
-208
233
-200
-245
-245
-245
-244
-245
-244
-101
-60
-78
-60
-65
30
-71
91
-241
-247
24
-236
-205
-238
-223
-226
-234
-252
-253
-254
-255
-255
-253
-117
-92
-213
-255
-253
-242
-143
-192
-137
-254
-255
-255
-254
-251
-160
-41
-107
20
-171
-229
-241
-119
-152
-94
-200
-204
-183
-204
-244
-244
-254
-253
244
235
-233
-252
-253
-251
-234
166
123
49
-238
-240
-237
-249
-253
-254
-254
-254
225
233
232
-251
-253
-254
-25
-216
-216
-249
93
-254
-213
-69
-171
214
-85
-255
-255
-253
-254
-254
-255
-92
56
-78
56
16
135
-78
-16
-219
-232
-158
-222
-128
-249
-234
-166
-161
-250
-251
-246
-247
-249
-227
-247
-242
-236
-253
-254
-252
-246
-251
-250
-240
-251
-249
-253
-253
-245
-251
-253
-248
-212
-233
-234
-248
-240
-228
-251
-252
-247
-252
-254
-250
-255
-254
244
235
-250
-255
-254
-254
-249
166
122
55
-251
-240
-243
-253
-255
-255
-255
-254
225
233
232
-253
-254
-255
-25
-246
-247
-251
-121
-254
-250
-19
-206
152
-227
-230
-232
-228
-227
-229
-230
-120
-58
-97
-58
-65
-8
-96
26
-236
-239
-85
-249
-191
-189
-215
-215
-233
-253
-253
-253
-249
-117
-24
-133
-243
-245
-251
-176
-210
-210
-211
-182
-102
-157
-165
-110
-209
-186
-70
189
-84
-58
-180
-188
-140
-145
-11
-246
-248
-237
-250
-246
-248
-255
-255
244
236
-241
-254
-254
-254
-253
173
127
63
-246
-245
-243
-239
-254
-255
-255
-253
225
233
232
-252
-254
-254
-24
-243
-243
-250
58
-252
-244
-15
-190
-70
-237
-245
-246
-245
-246
-245
-245
-37
-53
-15
-53
28
113
-96
117
-237
-248
-36
-91
-127
-254
-254
-255
-255
-255
-255
-255
-255
-253
-241
-209
-230
-212
-255
-247
-251
-219
-229
-173
-243
-245
-246
-240
-248
-230
-215
-222
-224
-238
-239
-239
-246
-241
-216
-246
-248
-247
-252
-243
-231
-255
-254
244
236
-238
-82
-100
-231
-223
22
7
37
-245
-249
-250
-249
-254
-255
-255
-254
225
233
232
-251
-254
-255
-25
-248
-247
-246
-51
-249
-201
-44
-165
159
-252
-252
-253
-252
-252
-252
-252
-110
-66
-90
-66
-100
-7
-59
121
-213
-241
12
-234
-201
-250
-244
-253
-253
-255
-255
-255
-255
-252
-245
-165
-147
-190
-255
-255
-252
-238
-236
-115
-192
-242
-247
-249
-242
-59
-12
178
101
-81
-156
-93
-139
-127
-38
-202
-209
-247
-252
-220
-238
-254
-251
243
233
-20
-254
-254
-250
-226
255
213
136
-241
-243
-244
-248
-253
-254
-254
-252
225
233
232
-251
-254
-254
-25
-240
-238
-236
81
-233
-165
-130
-177
-26
-239
-241
-243
-241
-242
-242
-241
-13
-60
9
-60
3
-88
-175
58
-245
-249
-49
-221
-70
-255
-255
-254
-254
-255
-255
-255
-251
-247
-251
-254
-254
-254
-253
-255
-255
-254
-253
-188
-240
-245
-251
-253
-248
-223
-239
-241
-242
-246
-251
-252
-250
-248
-234
-248
-248
-252
-253
-248
-242
-247
-246
237
228
-59
-254
-254
-253
-243
212
199
134
-249
-245
-245
-249
-254
-254
-254
-253
225
233
232
-254
-254
-254
-25
-236
-242
-248
93
-253
-193
-61
-176
243
-227
-250
-237
-249
-237
-248
-239
-193
-58
-169
-58
-149
-79
-51
159
-189
-234
109
-232
-194
-219
-217
-243
-240
-248
-248
-249
-249
-231
-214
-104
-230
-252
-254
-250
-240
-208
-232
-252
-254
-253
-251
-246
-231
-122
-129
-69
-184
-233
-250
-247
-27
-3
-67
-242
-244
-241
-250
-251
-241
-255
-254
244
236
-236
-254
-253
-254
-250
165
122
62
-228
-242
-244
-247
-254
-254
-254
-254
227
233
232
-254
-254
-254
-24
-230
-237
-246
94
-248
-189
20
-204
-133
-245
-247
-248
-246
-247
-247
-247
-131
-51
-108
-51
52
-255
-255
46
-227
-238
-85
-122
-141
-216
-237
-233
-248
-254
-255
-255
-253
-252
-252
-200
-248
-249
-255
-254
-252
-236
-240
-245
-255
-255
-254
-254
-250
-117
-172
-193
-217
-217
-245
-248
-210
-115
69
-251
-252
-248
-253
-254
-255
-255
-255
244
236
-255
-254
-255
-255
-255
165
122
59
-251
-252
-252
-252
-255
-255
-255
-255
225
233
232
-255
-255
-255
-25
-244
-246
-253
67
