-255
-255
-255
-255
-255
-255
-255
-255
-255
-159
-255
-255
-255
-255
-255
-255
-255
-255
-255
-255
-255
-255
-255
-255
-255
-255
-255
-255
-255
-255
-255
-255
-255
-255
-255
-255
-255
-255
-255
-255
-255
-56
-255
-255
-255
-255
-255
-255
-255
-255
-255
-255
-255
-255
-255
-255
-255
-255
255
255
187
255
255
255
255
255
255
255
255
255
255
255
255
255
171
255
255
255
104
255
255
255
255
36
255
255
255
255
255
255
255
227
255
255
255
255
255
255
255
255
255
255
255
255
255
255
255
255
255
255
255
255
255
255
255
255
255
