-222
-255
-131
-2
-255
-255
-255
-202
-255
-7
-255
-255
-36
-135
-172
-255
-255
-255
-255
-255
-255
-255
-97
-255
-255
-255
-255
-255
-187
-38
-255
-216
-255
-255
-255
-255
-255
-255
-30
-255
-255
-255
-255
-255
-255
-255
-255
-255
-255
-41
-255
-255
-255
-255
-255
-141
-255
-255
-129
3
255
255
255
221
224
255
93
255
255
159
72
1
255
223
255
255
92
164
255
255
255
99
255
255
255
255
41
255
255
159
255
255
30
21
255
255
255
255
255
255
28
255
255
136
131
224
218
255
255
116
125
149
255
165
255
255
255
255
255
167
255
255
