-1
-255
-255
-255
-255
-255
-255
-202
-255
-255
-255
-255
-255
-255
-255
-255
-255
-255
-255
-255
-5
-255
-255
-27
-255
-255
-255
-255
-255
-13
-255
-255
-255
-255
-14
-255
-255
-255
-228
-255
-145
-255
-255
-255
-255
-255
-255
-255
-255
-107
-255
-255
-255
-162
-255
-255
-255
-255
-255
255
255
255
255
255
107
255
255
255
255
255
255
255
255
255
255
255
87
255
255
255
255
255
127
212
255
255
121
255
255
97
15
255
255
255
129
255
255
255
255
255
47
255
255
255
255
255
255
255
255
217
255
255
255
255
255
255
255
