-255
-255
-255
-255
-255
-255
-255
-255
-255
-255
-255
-255
-255
-255
-255
-255
-255
-255
-255
-255
-255
-255
-255
-255
-255
-255
-255
-255
-255
-255
-255
-255
-132
-255
-255
-255
-255
-255
-255
-255
-255
-255
-255
-255
-255
-255
-255
-255
-255
-255
-255
-255
-255
-255
-255
-255
-255
-184
-255
255
255
255
255
255
255
255
255
255
255
255
61
255
255
255
255
255
255
255
255
255
255
255
255
255
255
255
255
255
255
255
255
255
255
255
255
255
255
255
255
255
255
255
255
255
255
255
255
255
255
255
255
255
255
255
255
255
255
255
