-244
-212
-45
-203
47
-224
-228
-230
-227
-228
-228
-228
-172
-52
-151
-52
-4
63
-99
37
-192
-217
-85
-226
-197
-231
-238
-249
-251
-254
-255
-254
-254
-254
-243
-230
-249
-252
-255
-251
-242
-247
-253
-251
-251
-253
-250
-233
-206
-233
-237
-251
-248
-242
-244
-250
-137
-217
-228
-252
-251
-244
-252
-253
-251
-254
-254
243
235
-247
-253
-254
-253
-249
167
124
57
-251
-253
-253
-250
-254
-255
-255
-254
225
233
232
-254
-255
-254
-25
-253
-251
-251
-124
-254
-242
100
-220
111
1
-248
-247
-248
-247
-249
-247
29
-83
45
-83
76
88
-128
70
-232
-242
-97
-154
-144
-251
-232
-177
-236
-251
-253
-252
-252
-253
-252
-239
-206
-194
-255
-255
-255
-255
-254
-235
-253
-254
-254
-255
-254
-241
-221
-168
-162
2
-141
-160
-222
-180
-178
-224
-231
-237
-248
-251
-246
-255
-254
244
235
-251
-254
-254
-254
-251
165
122
57
-245
-246
-248
-249
-253
-255
-255
-254
224
233
232
-248
-253
-254
-25
-244
-242
-249
-130
-253
-244
83
-223
-75
-193
-248
-249
-248
-248
-248
-248
-150
-63
-127
-63
26
-36
-159
-12
-215
-223
-134
-219
-114
-246
-236
-237
-248
-255
-254
-254
-239
-218
-243
-245
-246
-251
-254
-255
-254
-253
-254
-225
-237
-253
-253
-247
-242
-202
-135
-143
-172
-173
-236
-237
-158
-210
-159
-253
-251
-255
-255
-255
-242
-255
-252
244
234
-238
-255
-255
-251
-226
166
123
40
-254
-254
-248
-242
-255
-255
-255
-248
225
233
232
-255
-254
-254
-25
-238
-241
-248
106
-238
-119
3
-194
-202
-95
-227
-237
-211
-230
-224
-226
198
-99
194
-99
73
85
-128
120
-206
-235
-158
-219
-113
-250
-243
-254
-254
-255
-255
-255
-253
-249
-221
-251
-255
-255
-255
-254
-254
-254
-254
-249
-215
-244
-244
-249
-242
-248
-229
-244
-219
-224
-216
-229
-240
-229
-210
-251
-252
-252
-254
-255
-253
-255
-255
244
236
-251
-255
-255
-255
-254
165
122
59
-253
-252
-252
-251
-255
-255
-255
-249
225
233
232
-255
-255
-255
-25
-252
-252
-253
-81
-249
-200
-80
-121
-66
-254
-253
-254
-253
-253
-253
-253
-167
-52
-145
-52
135
-255
-255
17
-226
-235
-158
-216
-121
-255
-255
-255
-255
-255
-255
-255
-253
-246
-253
-255
-255
-255
-252
-254
-255
-255
-254
-219
-251
-254
-253
-251
-253
-237
-243
-244
-244
-249
-254
-255
-255
-253
-245
-252
-251
-254
-254
-251
-251
-255
-254
244
235
-249
-254
-254
-254
-251
168
123
58
-253
-243
-246
-251
-254
-255
-255
-254
224
233
232
-254
-254
-255
-25
-233
-243
-250
-93
-252
-185
3
-206
171
-109
-248
-246
-243
-240
-247
-248
45
-80
53
-80
-48
-28
-121
45
-234
-238
-73
-247
-193
-248
-246
-249
-254
-255
-255
-255
-254
-243
-177
-246
-253
-255
-255
-253
-253
-252
-253
-251
-210
-228
-228
-215
-235
-231
-219
-199
-167
-209
-209
-192
-209
-183
-84
-244
-246
-248
-252
-253
-230
-255
-254
244
236
-220
-254
-254
-253
-247
165
122
67
-248
-247
-247
-245
-253
-255
-255
-252
224
233
232
-253
-254
-254
-24
-249
-249
-243
41
-249
-209
-8
-196
213
-219
-223
-231
-230
-227
-224
-227
64
-70
80
-70
29
62
-118
35
-238
-243
85
-224
-195
-253
-254
-255
-255
-255
-255
-255
-255
-252
-202
-238
-254
-255
-255
-251
-251
-247
-252
-252
-226
-198
-218
-214
-226
-210
-235
-239
-230
-239
-236
-218
-224
-235
-230
-250
-251
-253
-254
-253
-238
-255
-254
244
236
-238
-255
-255
-254
-252
166
123
63
-252
-247
-247
-246
-254
-255
-255
-254
225
233
232
-254
-254
-253
-26
-221
-227
-251
-116
-228
-23
-42
-149
53
-221
-249
-249
-248
-248
-249
-248
-134
-82
-121
-82
-143
34
64
-189
27
-31
-219
-245
-140
-254
-253
-248
-252
-253
-253
-254
-253
-249
-248
-252
-254
-254
-254
-254
-254
-252
-254
-251
-220
-239
-249
-251
-251
-252
-252
-253
-253
-242
-243
-247
-246
-252
-238
-252
-253
-254
-255
-255
-251
-255
-255
244
236
-253
-255
-255
-255
-253
165
122
58
-254
-255
-254
-253
-255
-255
-255
-255
225
233
232
-254
-255
-255
-24
-250
-255
-254
118
-251
-233
78
-224
-122
-216
-249
-250
-249
-249
-249
-249
-28
-36
-32
-36
78
-11
-165
109
-237
-247
-134
-208
-89
-250
-242
-211
-235
-252
-253
-252
-234
-225
-250
-246
-251
-253
-246
-254
-254
-247
-248
-194
-250
-252
-250
-248
-243
-231
-239
-246
-244
-248
-249
-249
-250
-254
-254
-248
-249
-253
-253
-229
-239
-255
-255
245
237
-233
-255
-255
-253
-249
166
122
63
-254
-254
-254
-250
-255
-255
-255
-252
225
233
232
-255
-255
-254
-24
-252
-251
-250
69
-206
-158
-168
-71
222
-248
-245
-244
-241
-244
-245
-243
-124
-54
-101
-54
-102
-96
-128
84
-193
-223
-36
-229
-191
-225
-214
-250
-254
-255
-255
-255
-255
-254
-251
-229
-252
-254
-255
-242
-227
-220
-250
-253
-254
-254
-253
-247
-230
-229
-240
-250
-248
-242
-251
-254
-218
-246
-245
-244
-246
-232
-250
-253
-244
-255
-255
244
236
-239
-254
-254
-253
-244
165
122
56
-253
-251
-251
-249
-254
-255
-255
-254
224
233
232
-253
-254
-253
-24
-243
-236
-244
-124
-248
-224
-186
-85
154
-241
-241
-244
-241
-242
-243
-241
-54
-58
-35
-58
-159
-131
-96
37
-227
-234
-97
-244
-92
-255
-254
-255
-255
-255
-255
-253
-201
-191
-247
-254
-255
-255
-255
-255
-255
-253
-251
24
-239
-245
-245
-246
-210
19
-71
64
-212
-239
-241
-233
-186
-221
-223
-131
-138
-215
-225
-172
-221
182
120
-184
-125
-221
-249
-248
-250
-245
193
145
64
-131
-38
-55
-234
-246
-248
-248
-241
230
236
234
-221
-238
-252
-25
54
7
-210
0
-254
-178
-40
-199
151
-226
-248
-248
-248
-248
-247
-248
-24
-57
-6
-57
-52
18
-90
116
-240
-250
36
-247
-179
-231
-227
-244
-247
-254
-254
-254
-253
-248
-248
-249
-254
-254
-255
-253
-251
-247
-252
-242
-244
-247
-243
-244
-241
-215
-226
-240
-240
-241
-245
-248
-220
-234
-213
-241
-240
-250
-251
-250
-236
-254
-254
244
236
-217
-251
-250
-250
-236
199
152
58
-243
-229
-228
-242
-254
-254
-253
-250
225
233
231
96
80
-110
55
-214
-218
-236
115
-208
-200
151
-227
155
-235
-230
-232
-228
-229
-229
-230
-218
-46
-212
-46
-53
164
0
28
-237
-244
0
-224
-201
-255
-255
-255
-255
-255
-255
-255
-255
-255
-227
-245
-254
-255
-255
-235
-238
-231
-251
-249
-247
-243
-141
-130
-142
-168
-240
-244
-249
-240
-244
-240
-153
-159
-181
-250
-251
-254
-255
-250
-242
-255
-254
244
236
-246
-254
-254
-254
-252
165
122
59
-251
-253
-252
-248
-255
-255
-255
-253
225
233
232
-254
-255
-255
-25
-251
-249
-251
105
-233
-201
-104
-157
156
-247
-241
-242
-241
-241
-241
-241
48
-59
70
-59
-52
-32
-120
-32
-195
-212
-73
-252
-83
-251
-253
-254
-255
-255
-255
-254
-241
-167
-237
-254
-254
-255
-252
-254
-254
-253
-253
-143
-238
-243
-251
-252
-242
-58
-44
-32
-212
-204
-238
-241
-170
-239
-232
-237
-240
-232
-248
-252
-248
-255
-254
244
236
-252
-254
-254
-254
-253
166
123
58
-232
-241
-244
-253
-254
-255
-255
-254
226
233
232
-248
-254
-255
-25
-233
-235
-247
137
-253
-232
45
-197
149
-215
-250
-251
-250
-250
-251
-250
-109
-18
-94
-18
-136
-32
-25
51
-230
-238
-49
-249
-192
-250
-253
-251
-254
-255
-255
-255
-255
-251
-231
-255
-255
-255
-255
-255
-255
-255
-255
-254
-240
-249
-246
-251
-252
-252
-253
-244
-240
-237
-233
-237
-247
-242
-232
-251
-252
-249
-253
-254
-251
-255
-255
244
236
-250
-255
-255
-254
-252
166
122
58
-252
-249
-249
-253
-255
-255
-255
-254
225
233
232
-254
-255
-255
-25
-246
-246
-252
-126
-254
-218
-92
-181
222
-237
-252
-253
-253
-252
-252
-252
-183
-51
-160
-51
-168
-96
-32
136
-215
-242
-24
-248
-190
-253
-254
-255
-254
-255
-255
-255
-252
-242
-232
-253
-255
-254
-254
-254
-254
-254
-254
-238
-223
-239
-245
-243
-251
-234
-229
-201
-212
-228
-228
-229
-239
-228
-230
-254
-254
-250
-254
-254
-245
-255
-255
244
236
-250
-255
-255
-254
-248
167
123
54
-254
-254
-253
-250
-255
-255
-255
-254
225
233
232
-254
-254
-254
-24
-248
-251
-251
-115
-253
-223
-5
-198
74
-152
-248
-249
-248
-248
-249
-248
-172
-95
-152
-95
19
125
-85
73
-240
-247
-73
-236
-80
-243
-192
6
-184
-241
-244
-245
-238
-182
-244
-233
-243
-243
-251
-254
-253
-251
-253
-236
-250
-251
-251
-250
-247
-109
-111
-75
-158
-219
-235
-240
-152
-191
-219
-204
-198
-246
-252
-252
36
-255
-254
252
255
-139
-254
-254
-254
-251
165
122
107
-250
-239
-227
98
-255
-255
-255
-251
225
233
233
-254
-253
-166
24
-231
-236
-241
-137
-223
-39
-95
-103
247
-249
-245
-250
-245
-250
-246
-249
-39
-38
-22
-38
-170
-79
0
71
-237
-244
-24
-247
-188
-249
-247
-243
-248
-254
-253
-252
-253
-187
80
-238
-247
-246
-252
-244
-247
-242
-251
-222
-39
-94
-206
-228
-232
-243
-244
-207
-109
-159
-139
-165
-243
-176
-187
-251
-247
-254
-254
-253
-246
-255
-254
244
235
-247
-254
-253
-254
-251
165
122
59
-253
-247
-240
-251
-254
-255
-254
-254
224
233
232
-255
-254
-254
-24
-206
-238
-251
86
-246
-197
-93
-178
19
-201
-246
-247
-246
-246
-246
-246
-159
-58
-136
-58
-79
-42
-106
-3
-184
-209
-134
-25
-112
-248
-249
-252
-254
-255
-255
-255
-255
-255
-215
-247
-254
-255
-255
-246
-252
-252
-254
-254
-251
-247
-226
-194
-236
-248
-251
-254
-254
-253
-252
-245
-241
-245
-241
-248
-248
-245
-252
-250
-249
-251
-251
240
232
-247
-254
-254
-253
-250
169
124
58
-248
-248
-248
-252
-254
-255
-255
-254
225
233
232
-253
-254
-255
-28
-246
-250
-251
90
-249
-242
151
-225
152
-227
-232
-234
-230
-230
-231
-232
180
-60
184
-60
30
41
-128
130
-229
-247
134
-243
-199
-252
-251
-252
-254
-255
-255
-255
-255
-255
-254
-248
-237
-205
-254
-255
-254
-249
-250
-55
-144
-204
-208
-227
-251
-248
-247
-252
-251
-245
-236
-241
-185
-169
-154
-232
-238
-228
-247
-99
-202
-255
-254
247
239
-245
-250
-251
-253
-250
163
120
58
-230
-234
-237
-249
-252
-254
-254
-253
225
233
232
-242
-250
-254
-24
-244
-243
-249
-51
-233
-201
-139
-181
232
-160
-231
-240
-245
-250
-251
-248
-64
-64
-41
-64
79
-255
-255
72
-237
-244
-134
-215
-102
-251
-246
-254
-255
-255
-255
-254
-253
-239
-242
-253
-255
-254
-253
-253
-253
-254
-254
-216
-238
-249
-251
-249
-253
-239
-242
-222
-228
-246
-249
-250
-254
-248
-243
-249
-247
-252
-254
-249
-247
-255
-254
244
235
-249
-254
-254
-254
-252
167
123
58
-252
-246
-242
-247
-254
-255
-254
-252
224
233
232
-251
-252
-254
-25
-199
-231
-247
-215
-238
-134
-55
-173
47
-207
-239
-240
-239
-239
-240
-240
-52
-44
-34
-44
-18
-81
-165
62
-237
-245
12
-9
-171
-181
-128
-171
-220
-246
-250
-253
-253
-252
-226
-222
-247
-248
-255
-247
-243
-226
-248
-248
-247
-237
-226
-211
-209
-211
-200
-227
-243
-240
-251
-246
-192
-227
-130
-201
-208
-238
-245
46
-49
-252
-251
255
246
-196
-234
-230
-242
-212
178
129
46
-148
-76
-92
-224
-114
-177
-172
147
98
165
158
-230
-244
-251
-24
-105
-170
-221
-11
-247
-251
-89
-206
220
-244
-238
-236
-230
-236
-239
-234
43
-57
65
-57
-58
62
-57
126
-219
-242
85
-245
-206
-253
-253
-254
-254
-255
-255
-255
-255
-255
-253
-240
-239
-198
-254
-255
-253
-250
-247
-141
-92
-221
-233
-246
-252
-250
-248
-247
-244
-242
-242
-233
-124
-226
-187
-224
-232
-211
-244
-217
-234
-255
-254
245
236
-243
-241
-246
-252
-246
155
117
56
-232
-238
-240
-248
-253
-254
-254
-254
225
233
232
-247
-252
-254
-24
-245
-246
-247
-102
255
142
255
-232
-70
-237
-231
-233
-230
-231
-232
-230
38
-32
37
-32
-9
219
-18
16
-230
-238
-85
-228
-118
-209
-217
-251
-248
-248
-252
-247
-243
-251
-243
-248
-250
-253
-253
-253
-246
-245
-250
-236
-230
-237
-246
-248
-249
-243
-243
-243
-241
-240
-245
-247
-243
-239
-186
-241
-241
-254
-254
-248
-252
-254
-254
243
235
-251
-254
-254
-254
-252
171
125
58
-231
-225
-230
-253
-255
-255
-255
-254
227
234
233
-254
-254
-254
-25
-240
-252
-251
115
-230
-213
82
-208
-129
-213
-215
-219
-214
-216
-217
-215
212
-28
205
-28
98
111
-128
66
-245
-249
-85
-222
-108
-242
-219
-219
-239
-251
-254
-254
-250
-234
-207
-229
-248
-249
-254
-252
-251
-246
-253
-239
-241
-247
-234
-243
-244
-200
-220
-200
-191
-216
-236
-236
-202
-199
-183
-239
-239
-247
-253
-249
-254
-255
-255
244
235
-253
-253
-254
-255
-254
165
122
58
-245
-250
-250
-254
-254
-255
-255
-255
225
233
232
-251
-254
-255
-25
-244
-246
-251
255
-239
-217
-25
-200
160
-248
-243
-244
-242
-242
-243
-243
-84
-59
-61
-59
30
-8
-149
71
-242
-248
73
-223
-195
-240
-223
-225
-238
-253
-255
-255
-255
-254
-178
-254
-254
-254
-255
-240
-254
-252
-254
-253
-244
-232
-69
-67
-206
-250
-251
-251
-252
-246
-247
-244
-251
-254
-253
-252
-252
-251
-253
-252
-249
-255
-255
244
236
-247
-254
-254
-254
-253
165
122
60
-253
-253
-252
-249
-255
-255
-255
-254
225
233
232
-249
-253
-255
-24
-251
-251
-252
-161
-242
-204
-139
-142
240
-187
-238
-244
-247
-250
-251
-250
-126
-65
-103
-65
-67
-39
-113
74
-236
-244
-146
-126
-139
-250
-245
-235
-249
-254
-254
-255
-255
-253
-244
-163
-244
-251
-255
-246
-235
-203
-233
-249
-253
-252
-252
-241
-207
0
-158
-187
-211
-177
-246
-245
61
74
216
-33
-23
-201
-232
-145
-195
-248
-248
238
233
-156
-186
-221
-241
-203
115
100
55
255
-114
-142
-235
-194
-234
-234
-228
220
219
217
-250
-251
-254
-25
-178
-194
-235
0
-254
-195
33
-207
161
41
-243
-246
-246
-245
-244
-245
-52
-82
-41
-82
127
-6
-175
-12
-195
-205
-73
-248
-193
-221
-93
9
-168
-246
-247
-248
-243
-159
-225
-226
-249
-250
-253
-254
-254
-252
-254
-241
-245
-248
-250
-248
-247
-141
-98
-74
-145
-129
-211
-218
-137
-193
-82
-244
-246
-246
-252
-253
-20
-255
-254
250
251
-169
-254
-254
-253
-246
165
122
89
-250
-235
-218
44
-255
-255
-255
-253
225
234
233
-254
-252
-172
21
-228
-236
-243
-77
-212
-103
18
-201
160
-243
-247
-248
-246
-246
-246
-247
-45
-40
-37
-40
-17
-33
-140
37
-209
-222
-146
-218
-90
-253
-252
-254
-254
-254
-248
-188
-243
-250
-251
-254
-254
-248
-253
-249
-228
-121
-225
-219
-162
-89
-183
-203
-235
-181
-168
-176
-133
-203
-233
-248
-243
-224
-214
-238
-238
-221
-248
-235
-223
-254
-253
243
236
-236
-251
-250
-252
-243
166
123
56
-242
-230
-226
-228
-199
-234
-229
-228
172
213
208
-3
-9
-124
46
-170
-203
-238
-132
-255
-248
27
-199
234
-194
-250
-234
-249
-233
-248
-236
-127
-62
-105
-62
-86
9
-64
19
-225
-231
-36
-248
-192
-194
-213
-231
-234
-248
-249
-253
-247
-168
-22
-216
-244
-248
-254
-248
-249
-248
-254
-236
-207
-227
-211
-230
-232
-203
-220
-122
-48
-58
-213
-175
-182
-164
-18
-253
-253
-255
-255
-254
-252
-255
-255
244
236
-253
-255
-254
-255
-254
166
122
59
-254
-247
-248
-252
-253
-254
-253
-251
223
232
231
-252
-251
-253
-23
-217
-234
-253
-188
-253
-227
37
-202
-89
-157
-250
-250
-249
-250
-250
-250
-35
-10
-27
-10
28
149
-80
11
-229
-239
-158
-190
-20
-235
-224
-234
-244
-254
-250
-242
-253
-254
-253
-253
-254
-252
-254
-248
-239
-247
-250
-249
-224
-243
-250
-252
-249
-227
-217
-223
-241
-248
-253
-254
-253
-249
-245
-229
-236
-224
-250
-244
-248
-255
-254
244
235
-251
-254
-255
-254
-252
166
122
57
-246
-250
-250
-244
-250
-251
-251
-244
221
229
228
-253
-255
-254
-26
-244
-242
-245
-58
-254
-238
32
-208
245
-237
-253
-253
-253
-252
-253
-252
-7
-60
4
-60
-86
-57
-112
97
-236
-244
-97
-246
-176
-219
-183
65
-35
-246
-240
-215
-157
-69
-118
-218
-252
-230
-237
-243
-234
-218
-243
-202
-237
-249
-249
-249
-246
-207
-186
-182
-232
-242
-250
-247
-230
-249
-248
-247
-247
-251
-252
-254
-246
-255
-254
244
236
-217
-255
-255
-251
-238
165
122
60
-253
-253
-252
-248
-255
-255
-255
-249
225
233
232
-254
-255
-254
-24
-250
-250
-245
0
-229
-135
-172
-76
154
-240
-239
-242
-238
-239
-241
-238
-30
-62
-10
-62
-124
-106
-116
36
-220
-231
-85
-227
-193
-237
-237
-247
-251
-254
-254
-254
-254
-253
-249
-225
-249
-254
-255
-246
-233
-211
-250
-249
-254
-254
-252
-247
-244
-232
-247
-247
-245
-246
-248
-252
-236
-239
-246
-243
-245
-232
-249
-254
-242
-255
-254
244
236
-234
-254
-254
-253
-242
165
122
56
-254
-251
-251
-250
-255
-255
-255
-254
225
233
232
-251
-254
-253
-25
-244
-239
-241
-113
-246
-240
-162
-85
26
-244
-242
-244
-242
-243
-242
-242
56
-62
76
-62
-152
-255
-255
26
-233
-238
-61
-21
-100
-253
-254
-254
-255
-255
-255
-255
-255
-251
-205
-240
-254
-254
-255
-253
-253
-250
-255
-254
-217
-236
-229
-234
-242
-253
-239
-238
-246
-240
-213
-237
-244
-245
-231
-254
-254
-254
-254
-254
-252
-255
-255
244
235
-251
-255
-255
-255
-254
165
122
59
-252
-250
-250
-253
-255
-255
-255
-254
225
233
232
-254
-255
-255
-25
-232
-240
-254
97
-250
-204
-44
-195
246
-188
-254
-254
-255
-255
-255
-255
-150
-50
-127
-50
-88
48
-32
-77
-141
-178
-194
-117
-142
-226
-229
-231
-246
-254
-254
-254
-255
-254
-132
-247
-251
-251
-255
-251
-252
-254
-253
-253
-241
-197
-191
-213
-246
-250
-246
-234
-246
-229
-241
-190
-234
-248
-247
-251
-250
-246
-252
-251
-248
-254
-253
243
234
-238
-253
-253
-254
-252
172
128
63
-251
-252
-252
-248
-254
-255
-255
-254
225
233
232
-254
-255
-254
-25
-252
-247
-250
-77
-255
-246
13
-155
245
-143
-223
-220
-212
-212
-213
-211
-127
-87
-106
-87
-46
48
-77
43
-228
-238
-146
-117
-150
-208
-202
-251
-252
-255
-255
-255
-254
-250
68
-170
-253
-254
-255
-213
-244
-232
-253
-249
-246
-214
-195
-96
-183
-243
-241
-247
-247
-247
-238
-222
-175
-224
-209
-252
-251
-254
-254
-253
-252
-255
-255
244
236
-252
-255
-254
-255
-254
166
123
59
-253
-246
-245
-251
-244
-247
-244
-241
214
225
222
-253
-252
-253
-23
-238
-237
-252
105
-241
-201
-94
-148
246
-247
-236
-252
-236
-250
-238
-247
-107
-59
-84
-59
-96
-13
-68
-32
-195
-207
-61
-248
-175
-250
-248
-228
-231
-246
-251
-252
-242
-246
-243
-212
-215
-205
-235
-253
-245
-239
-244
-59
-248
-248
-242
-238
-226
-162
-225
-226
-248
-249
-252
-253
-241
-241
-213
-240
-242
-245
-252
-249
-214
-254
-254
244
237
126
-254
-254
-252
-239
237
197
213
-246
-245
-246
-243
-254
-254
-254
-254
224
233
232
-252
-254
-253
-24
-229
-243
-245
0
-249
-149
-125
-120
-58
-240
-238
-239
-237
-237
-237
-237
20
-55
40
-55
-84
-42
-102
-98
-124
-65
-36
-245
-189
-248
-248
-250
-254
-254
-254
-252
-233
-226
-236
-245
-244
-247
-251
-254
-253
-246
-249
-150
-252
-254
-253
-249
-224
-94
-179
-188
-236
-246
-253
-249
-213
-245
-240
-231
-236
-250
-253
-221
-245
-255
-254
244
236
-251
-254
-254
-254
-252
165
122
57
-243
-245
-247
-253
-254
-255
-255
-255
225
233
232
-251
-254
-255
-25
-243
-244
-250
130
-255
-250
86
-210
-119
-222
-252
-252
-252
-252
-252
-252
-181
-27
-170
-27
-98
71
0
56
-234
-240
-134
-104
-133
-68
-16
-97
-28
-221
-246
-235
-227
-220
-107
-176
-216
-238
-253
-247
-245
-234
-249
-240
-231
-246
-224
-227
-232
-234
-225
-227
-218
-197
-212
-241
-163
-207
-202
-251
-253
-252
-254
-249
-253
-255
-253
244
234
-253
-250
-251
-255
-252
163
120
57
-247
-245
-248
-254
-236
-244
-246
-245
208
223
223
-253
-254
-255
-25
-246
-243
-252
184
-210
124
-81
-166
-121
-226
-241
-242
-241
-241
-241
-241
-102
-74
-90
-74
-137
-11
0
-18
-202
-212
-206
230
166
-236
-220
-243
-245
-253
-248
-219
-248
-243
-249
-252
-252
-249
-253
-246
-236
-213
-233
-248
-159
-211
-210
-202
-209
-210
-202
-150
-218
-234
-246
-241
-244
-243
-206
-253
-253
-244
-252
-249
-222
-253
-254
243
236
-249
-254
-255
-255
-253
166
122
59
-248
-251
-250
-253
-235
-250
-249
-242
206
229
226
-253
-254
-253
-25
-226
-234
-253
-137
-234
-171
93
-204
-70
-234
-240
-241
-239
-240
-240
-240
-78
-33
-65
-33
26
-36
-159
60
-249
-252
0
-80
-151
-253
-254
-254
-254
-255
-255
-255
-255
-254
-234
-250
-252
-255
-255
-252
-251
-251
-253
-254
-239
-241
-241
-235
-234
-238
-230
-191
-242
-238
-244
-239
-247
-248
-244
-242
-245
-246
-253
-232
-251
-251
-255
243
236
-253
-254
-255
-236
-254
166
122
59
-246
-251
-252
-248
-254
-255
-255
-242
225
233
232
-250
-253
-254
-31
-247
-244
-251
236
-230
-237
-51
-200
53
-241
-225
-227
-224
-225
-227
-226
-97
-34
-75
-34
-18
-81
-165
67
-241
-247
24
-228
-200
-255
-255
-255
-255
-255
-255
-255
-255
-255
-255
-196
-252
-255
-255
-254
-229
-180
-230
-252
-255
-254
-252
-248
-227
59
-67
-189
-225
-250
-254
-254
-40
66
31
-251
-252
-255
-255
-249
-228
-255
-254
244
237
-248
-255
-255
-253
-247
165
122
55
-253
-253
-252
-245
-255
-255
-255
-252
225
233
232
-254
-255
-255
-25
-252
-252
-251
-255
-254
-194
4
-203
9
-173
-255
-255
-255
-254
-255
-255
-152
-33
-135
-33
-64
-42
-118
127
-220
-241
-49
-229
-204
-220
-208
-213
-223
-239
-249
-245
-242
-239
-200
-129
-219
-240
-254
-252
-249
-224
-234
-241
-251
-253
-253
-251
-251
-113
-162
-142
-175
-213
-227
-228
-189
-33
-16
-241
-244
-241
-252
-238
-227
-252
-250
241
233
-186
-242
-252
-253
-231
194
152
67
-133
-244
-243
-239
-229
-248
-248
-242
212
226
225
-253
-254
-254
-25
-236
-238
-242
139
-229
-203
105
-224
57
-138
-156
-165
-150
-158
-158
-155
229
-73
231
-73
-59
16
-85
41
-241
-247
85
-226
-198
-220
-231
-230
-244
-254
-255
-255
-255
-255
-250
-206
-252
-252
-255
-243
-230
-231
-236
-253
-250
-250
-241
-130
-139
-117
-197
-236
-251
-253
-254
-252
-211
-246
-232
-251
-252
-250
-252
-252
-246
-255
-255
244
236
-243
-254
-254
-254
-253
166
123
62
-252
-252
-251
-248
-255
-255
-255
-254
225
233
232
-253
-254
-255
-24
-251
-251
-253
-4
-213
-115
-12
-175
-125
-224
-224
-227
-223
-225
-225
-224
56
-66
62
-66
-98
-11
-64
79
-253
-254
-24
-113
-141
-245
-240
-251
-252
-254
-255
-255
-255
-254
-217
-184
-239
-215
-255
-253
-252
-243
-252
-218
-240
-225
-197
-212
-224
-192
-186
-190
-170
-179
-169
-204
-145
-220
-199
-230
-234
-251
-253
-229
-243
-254
-251
243
232
-234
-254
-254
-250
-233
171
125
48
-246
-248
-248
-249
-254
-255
-255
-252
225
233
232
-253
-255
-255
-25
-248
-248
-244
178
-200
-97
35
-194
143
-197
-215
-220
-212
-211
-214
-216
-115
-61
-108
-61
-53
-8
-105
69
-244
-249
73
-250
-197
-250
-252
-254
-254
-254
-255
-254
-254
-242
-215
-241
-252
-254
-255
-253
-247
-250
-252
-250
-216
-227
-229
-239
-242
-222
-225
-205
-222
-205
-232
-230
-216
-240
-222
-229
-234
-237
-251
-191
-247
-255
-254
244
236
-250
-252
-254
-254
-250
166
122
56
-233
-246
-246
-247
-253
-255
-255
-254
225
233
232
-246
-254
-254
-29
-232
-225
-246
98
-252
-224
63
-212
220
-141
-230
-246
-230
-244
-233
-241
-186
-36
-175
-36
52
9
-149
116
-219
-238
-49
-242
-201
-204
-189
-138
-178
-250
-250
-246
-245
-242
-238
-231
-239
-210
-255
-254
-255
-254
-254
-229
-251
-253
-251
-252
-251
-243
-230
-208
-184
-140
-190
-180
-209
-175
-29
-215
-226
-230
-245
-252
-246
-255
-254
244
235
-242
-254
-254
-254
-251
181
132
60
-241
-243
-245
-251
-253
-254
-254
-254
224
233
232
-249
-253
-254
-25
-240
-239
-248
74
-238
-228
155
-222
-136
-243
-232
-234
-232
-232
-232
-232
-181
-4
-186
-4
52
127
-102
158
-208
-240
-97
-133
-139
-243
-244
-228
-243
-251
-251
-252
-253
-253
-246
-237
-235
-213
-254
-253
-248
-249
-246
-150
-212
-240
-251
-251
-251
-249
-246
-241
-248
-232
-249
-245
-209
-245
-231
-232
-236
-232
-250
-252
-249
-255
-254
244
236
-248
-252
-252
-254
-249
165
122
56
-241
-244
-247
-253
-254
-255
-255
-254
225
233
232
-253
-255
-255
-25
-249
-244
-251
-51
-168
-91
31
-202
-67
-245
-239
-240
-239
-239
-240
-239
-168
-51
-169
-51
-150
146
212
73
-248
-251
-24
-89
-178
-250
-247
-252
-252
-255
-255
-255
-255
-252
-227
-158
-226
-234
-255
-253
-249
-239
-247
-215
-223
-231
-237
-199
-212
-190
-149
-83
-144
-191
-207
-165
-157
-168
-136
-239
-242
-252
-254
-218
-237
-255
-255
245
236
-243
-255
-255
-254
-251
168
125
60
-250
-252
-252
-251
-255
-255
-255
-254
225
233
232
-253
-255
-255
-25
-251
-251
-252
191
-248
-188
16
-210
-48
-168
-230
-232
-229
-231
-231
-230
30
-91
41
-91
-29
113
-55
51
-243
-248
0
-61
-142
-207
-161
-170
-171
-251
-252
-240
-238
-244
-228
-179
-233
-238
-254
-243
-236
-234
-249
-239
-246
-249
-243
-232
-225
-199
-236
-204
-227
-174
-228
-230
-141
-188
-166
-251
-252
-248
-253
-252
-243
-255
-254
244
236
-234
-255
-255
-255
-250
166
122
63
-238
-250
-250
-249
-254
-255
-255
-254
226
233
232
-254
-255
-255
-25
-244
-245
-248
-89
-254
-192
-3
-199
216
-62
-241
-239
-235
-234
-235
-234
-62
-85
-44
-85
-5
91
-85
-47
-184
-211
-170
-123
-148
-248
-253
-245
-250
-254
-254
-255
-255
-255
-253
-223
-253
-254
-255
-252
-222
-233
-251
-250
-254
-254
-254
-249
-181
-231
-241
-248
-244
-242
-251
-255
-119
-228
-232
-236
-237
-234
-252
-221
-213
-224
-251
233
235
-232
-246
-254
132
-240
165
122
55
-237
-247
-240
-214
-252
-255
-254
-161
224
233
232
-241
-252
-249
-177
-231
-218
-210
-8
-234
-158
-112
-186
232
-185
-236
-235
-241
-237
-231
-234
10
-58
31
-58
-5
135
-64
80
-235
-245
-134
-217
-137
-250
-195
-152
-230
-252
-252
-251
-246
-222
-199
-238
-250
-251
-254
-253
-252
-252
-253
-220
-187
-224
-245
-236
-223
-219
-171
-174
-170
-184
-189
-204
-160
-192
-177
-214
-219
-251
-253
-253
-196
-251
-246
242
231
-119
-254
-254
-239
-201
185
142
70
-249
-245
-244
-230
-254
-254
-254
-235
225
233
232
-253
-254
-253
-27
-244
-245
-156
-55
-236
-219
-79
-177
248
-253
-240
-252
-240
-251
-242
-249
-62
-58
-41
-58
-33
96
-61
38
-233
-240
61
-227
-200
-255
-255
-255
-255
-255
-255
-255
-255
-255
-225
-232
-254
-254
-255
-235
-235
-218
-251
-251
-243
-235
-163
-64
-178
-187
-227
-225
-243
-245
-240
-234
54
-152
-209
-250
-251
-254
-255
-252
-247
-255
-254
244
236
-250
-255
-255
-255
-254
165
122
60
-251
-252
-251
-242
-255
-255
-255
-251
225
233
232
-254
-255
-254
-25
-249
-249
-251
-114
-250
-240
135
-218
-80
-212
-231
-234
-231
-232
-232
-231
87
1
96
1
152
223
-111
52
-234
-237
-134
-220
-122
-182
-220
-193
-195
-245
-251
-252
-248
-237
-238
-245
-243
-250
-249
-250
-253
-249
-251
-214
-242
-243
-244
-243
-246
-225
-221
-217
-239
-246
-251
-251
-235
-229
-192
-218
-220
-246
-251
-246
-248
-254
-254
244
235
-243
-245
-248
-252
-250
166
123
60
-237
-227
-229
-249
-250
-252
-252
-251
222
231
230
-249
-252
-254
-29
-238
-242
-251
0
-254
-249
43
-199
129
-137
-213
-211
-216
-211
-221
-209
-61
11
-49
11
-19
39
-102
55
-245
-249
-134
-219
-141
-213
-224
-211
-231
-250
-252
-250
-248
-167
-59
-128
-234
-236
-251
-243
-235
-232
-249
-225
-185
-200
-212
-207
-236
-196
-160
-104
-125
-165
-186
-190
-82
-90
-111
-254
-254
-255
-254
-254
-254
-255
-255
244
236
-254
-255
-255
-255
-254
166
123
58
-254
-252
-252
-254
-255
-255
-255
-255
225
233
232
-255
-254
-254
-24
-243
-241
-254
91
-241
-128
-141
-144
24
-236
-238
-239
-237
-238
-238
-237
-86
-59
-63
-59
-138
-72
-64
56
-243
-248
-24
-22
-104
-245
-235
-233
-245
-255
-255
-255
-254
-253
-228
-241
-254
-254
-254
-245
-246
-242
-249
-253
-247
-249
-244
-245
-245
-224
-247
-248
-250
-248
-241
-241
-246
-250
-245
-246
-247
-246
-253
-252
-236
-255
-254
244
236
-239
-254
-254
-252
-239
165
122
51
-254
-253
-252
-248
-254
-255
-255
-253
224
233
232
-253
-254
-253
-24
-244
-239
-245
-106
-253
-226
39
-216
112
-93
-246
-248
-245
-246
-247
-247
-7
-96
6
-96
-76
-32
-102
149
-170
-230
12
-236
-186
-232
-179
-177
-211
-248
-253
-254
-250
-250
-248
-226
-204
-218
-254
-254
-253
-253
-253
-233
-249
-252
-253
-253
-251
-230
-192
-178
-131
-111
-161
-207
-176
-149
-116
-229
-236
-237
-249
-251
-250
-255
-254
244
235
-252
-254
-255
-254
-252
165
122
57
-246
-249
-250
-253
-254
-255
-255
-255
225
233
232
-246
-253
-255
-25
-245
-242
-249
74
-254
-229
7
-197
128
-130
-227
-230
-228
-231
-230
-227
-20
-70
2
-70
-65
-8
-96
70
-239
-246
-36
-249
-189
-252
-250
-250
-252
-255
-255
-255
-254
-245
-236
-255
-255
-255
-255
-255
-255
-255
-255
-253
-240
-250
-252
-252
-254
-251
-245
-222
-235
-227
-237
-245
-246
-237
-228
-252
-252
-249
-253
-254
-252
-255
-255
244
235
-250
-255
-255
-254
-251
166
122
58
-251
-249
-248
-254
-255
-255
-255
-254
225
233
232
-254
-254
-255
-25
-243
-244
-251
-119
-251
-201
9
-199
193
-126
-245
-244
-242
-244
-245
-244
-107
-65
-85
-65
7
17
-128
104
-219
-239
36
-240
-208
-188
-35
-103
-223
-240
-249
-251
-252
-247
-244
-230
-214
-143
-253
-254
-253
-249
-251
-115
-251
-253
-253
-254
-253
-243
-239
-226
-217
-133
-163
-161
-248
-238
-199
-237
-240
-251
-252
-251
-249
-255
-255
244
236
-247
-255
-254
-254
-250
165
124
58
-251
-242
-240
-250
-255
-254
-254
-254
225
233
232
-254
-253
-255
-25
-147
-119
-250
0
-240
-185
16
-197
91
-227
-232
-234
-231
-232
-232
-232
-86
-56
-69
-56
-111
-65
-93
38
-242
-239
12
-243
-84
30
-226
-215
-232
-251
-249
-238
-241
-238
-229
-248
-244
-250
-250
-250
-250
-250
-252
-195
-248
-249
-246
-213
-237
-207
-219
-231
-235
-242
-249
-247
-210
-237
-230
-252
-252
-253
-254
-251
-235
-255
-255
244
236
-246
-252
-252
-252
-240
164
121
48
-194
-230
-236
-247
-255
-255
-255
-253
231
234
232
-204
-213
-237
-15
-243
-247
-249
115
-226
-199
55
-197
159
-244
-241
-242
-240
-240
-241
-241
-129
-59
-122
-59
-17
-8
-128
31
-239
-243
36
-223
-191
-231
-226
-218
-208
-251
-250
-253
-254
-246
-200
-241
-251
-248
-255
-253
-253
-252
-251
-248
-225
-231
-223
-232
-233
-229
-244
-212
-189
-215
-226
-226
-233
-238
-209
-249
-249
-253
-254
-254
-245
-255
-253
244
235
-241
-255
-254
-253
-244
166
122
55
-252
-249
-248
-249
-255
-255
-255
-251
225
233
232
-254
-255
-254
-26
-218
-231
-251
83
-252
-239
107
-222
-73
-197
-216
-219
-215
-216
-216
-216
106
-55
121
-55
-32
-77
-157
-17
-201
-210
-12
-244
-172
-234
-229
-242
-252
-255
-255
-255
-252
-206
-217
-246
-253
-254
-255
-254
-254
-253
-254
-232
-220
-247
-243
-246
-245
-208
-193
-106
-102
-182
-218
-235
-187
-134
-138
-253
-252
-255
-254
-255
-251
-255
-255
244
235
-251
-255
-255
-254
-251
165
122
57
-255
-254
-249
-245
-255
-255
-255
-241
225
233
232
-255
-254
-255
-25
-235
-240
-252
58
-254
-231
32
-202
242
-169
-223
-219
-209
-209
-209
-208
-57
-50
-34
-50
-5
178
-42
-26
-203
-221
-146
-224
-110
-184
-202
-178
-181
-249
-251
-251
-253
-242
255
-104
-242
-248
-249
-209
-157
-125
-220
-218
-88
255
-43
-167
-179
-182
-170
-175
-153
-145
-165
-98
-125
-172
-4
-239
-243
-235
-250
-246
-248
-255
-255
244
236
-245
-254
-254
-254
-253
170
125
62
-241
-242
-238
-236
-253
-254
-254
-251
225
233
232
-252
-254
-254
-24
-242
-242
-250
81
-208
-196
-156
-34
95
-242
-241
-241
-239
-240
-241
-240
-113
-57
-90
-57
-177
-147
-85
11
-214
-227
-121
-255
-255
-252
-253
-255
-255
-255
-255
-255
-255
-254
-192
-254
-255
-255
-255
-247
-251
-251
-254
-254
-202
-160
-197
-191
-247
-249
-250
-250
-251
-248
-238
-185
-244
-249
-242
-249
-249
-242
-252
-218
-248
-255
-255
244
236
-252
-251
-252
-254
-254
167
123
59
-239
-239
-240
-254
-252
-254
-254
-253
223
232
231
-251
-254
-255
-25
-252
-245
-252
15
-244
-206
-29
-203
248
-250
-248
-248
-248
-248
-248
-247
-192
-58
-177
-58
-96
-123
-153
45
-231
-237
24
-247
-195
190
-196
-225
-241
-247
-248
-241
-246
-227
-231
-221
-238
-241
-254
-253
-252
-251
-251
-224
-236
-244
-246
-243
-250
-221
-217
-184
-193
-215
-234
-247
-238
-227
-210
-222
-223
-253
-254
-247
-245
-255
-255
244
236
-247
-255
-255
-253
-247
169
124
55
-151
-111
-120
-242
-255
-255
-255
-254
236
239
238
-254
-253
-253
-24
-245
-250
-250
148
-254
-246
35
-210
232
-196
-237
-249
-236
-248
-238
-245
-214
-58
-190
-58
-43
96
-51
-37
-158
-112
-109
-249
-188
-209
-174
-209
-236
-249
-252
-253
-252
-225
-144
-191
-247
-251
-254
-252
-246
-243
-247
-244
-186
-218
-212
-239
-217
-199
-194
-180
-166
-135
-147
-179
-125
-171
-24
-251
-248
-254
-254
-255
-249
-255
-254
244
235
-249
-255
-254
-253
-248
165
122
55
-254
-251
-245
-233
-255
-255
-254
-246
225
233
232
-255
-254
-255
-25
-228
-223
-250
-72
-242
-205
-50
-204
-28
-232
-243
-245
-243
-243
-243
-243
-22
-64
1
-64
3
113
-80
61
-229
-240
-109
-72
-254
-213
-188
-198
-238
-253
-253
-254
-254
-254
-253
-227
-110
-210
-255
-255
-253
-245
-234
-71
-254
-255
-255
-255
-254
-232
-195
-151
-85
-93
-173
-237
-250
-236
-182
-214
-217
-232
-237
-250
-244
-254
-253
244
235
-236
-253
-254
-250
-241
165
122
55
-247
-249
-246
-248
-254
-255
-254
-254
225
233
232
-253
-254
-255
-25
-238
-235
-250
-130
-253
-225
26
-218
-119
-44
-238
-240
-238
-239
-239
-238
-77
-103
-55
-103
61
0
-156
153
-221
-243
-182
-92
-92
-174
-121
-37
-175
-233
-241
-234
-231
-225
-208
-206
-226
-214
-253
-254
-254
-253
-254
-226
-249
-252
-252
-250
-249
-219
-215
-189
-201
-135
-199
-166
-210
-198
-115
-240
-243
-239
-251
-253
-254
-255
-255
244
236
-254
-255
-255
-255
-254
165
122
58
-250
-252
-253
-254
-254
-255
-255
-255
225
233
232
-250
-254
-255
-25
-251
-247
-253
123
-248
-209
135
-229
-71
-223
-248
-249
-248
-248
-248
-248
26
-79
35
-79
114
255
-85
62
-242
-247
-109
-81
-107
-166
-65
-98
-162
-231
-247
-247
-248
-248
-205
-234
-252
-252
-255
-251
-251
-251
-254
-254
-245
-235
-240
-232
-226
-239
-247
-254
-250
-248
-243
-239
-241
-231
-235
-251
-251
-249
-253
-245
-249
-255
-255
244
236
-246
-254
-254
-254
-251
169
124
59
-250
-251
-251
-241
-255
-255
-255
-253
225
233
232
-254
-255
-253
-29
-251
-251
-251
159
-254
-243
-20
-193
139
-117
-252
-252
-252
-252
-252
-252
-144
-75
-121
-75
28
39
-128
59
-251
-252
-73
-219
-116
-252
-244
-240
-247
-253
-253
-253
-251
-211
-192
-244
-253
-253
-254
-238
-238
-253
-253
-245
-228
-238
-250
-240
-236
-250
-243
-207
-231
-235
-243
-240
-240
-239
-243
-246
-246
-251
-253
-253
-244
-255
-254
244
236
-225
-255
-255
-251
-239
165
122
57
-251
-252
-252
-248
-255
-255
-255
-250
225
233
232
-254
-255
-254
-25
-251
-247
-239
-204
-226
-150
-28
-187
42
-207
-224
-226
-222
-223
-225
-223
23
-77
29
-77
-60
34
-73
11
-232
-237
-61
-237
-127
-231
-234
-111
-150
-249
-248
-251
-247
-186
-212
-238
-246
-246
-251
-252
-252
-246
-250
-165
-217
-246
-249
-243
-232
-58
-95
-179
-190
-199
-219
-221
-193
-224
-164
-46
-91
-211
-236
-119
-211
-254
-254
248
238
-249
-242
-251
-253
-250
158
121
57
-224
-235
-237
-251
-252
-254
-254
-254
225
233
232
-246
-254
-254
-25
-230
-234
-245
44
-253
-230
15
-200
-76
-199
-248
-249
-248
-248
-248
-248
-125
-107
-104
-107
-9
36
-109
-24
-190
-209
-182
-225
-96
-253
-249
-223
-231
-253
-253
-253
-254
-247
-238
-247
-251
-253
-255
-255
-255
-255
-255
-255
-244
-251
-254
-254
-255
-254
-252
-246
-236
-236
-243
-243
-252
-243
-216
-254
-254
-252
-254
-255
-254
-255
-255
244
236
-253
-255
-255
-255
-253
165
122
58
-253
-251
-251
-254
-255
-255
-255
-254
225
233
232
-254
-255
-255
-25
-251
-251
-254
-133
-245
-242
-22
-202
24
-239
-238
-240
-238
-239
-238
-238
-27
-71
-5
-71
38
49
-128
113
-232
-247
49
-230
-185
-253
-253
-254
-253
-255
-255
-255
-254
-253
-244
-162
-217
-226
-255
-245
-233
-205
-213
-167
-250
-251
-251
-242
-234
-197
-195
-213
-226
-213
-230
-242
-229
-240
-218
-244
-247
-239
-251
-247
-230
-255
-254
244
236
-246
-23
-56
-214
-222
-28
-25
32
-242
-242
-243
-249
-253
-254
-254
-254
225
233
232
-252
-254
-255
-25
-245
-244
-246
-153
-156
-110
108
-215
-78
-229
-223
-226
-223
-224
-223
-223
34
-84
30
-84
11
113
-85
146
-223
-244
-85
-97
-136
-253
-251
-252
-253
-255
-255
-255
-255
-254
-249
-182
-217
-180
-255
-254
-253
-247
-246
-73
-245
-250
-246
-244
-236
-168
-140
-147
-147
-109
-120
-119
-222
-200
-149
-240
-243
-250
-253
-235
-240
-255
-254
244
236
-227
-255
-255
-254
-245
168
124
62
-247
-248
-248
-235
-254
-255
-255
-251
225
233
232
-253
-254
-252
-25
-247
-247
-242
107
-234
-224
-207
-77
54
-240
-236
-237
-236
-236
-237
-235
-7
-57
16
-57
149
-255
-255
10
-221
-231
-85
-248
-160
-252
-255
-255
-255
-255
-255
-255
-255
-253
-199
-251
-254
-255
-255
-253
-254
-252
-254
-255
-222
-217
-228
-233
-244
-242
-249
-248
-245
-245
-219
-213
-245
-244
-237
-253
-253
-254
-254
-254
-251
-255
-255
244
235
-249
-254
-254
-254
-251
165
122
58
-253
-252
-251
-252
-255
-255
-255
-253
225
233
232
-254
-255
-255
-25
-226
-244
-254
-222
-255
-247
-6
-192
-79
-195
-237
-239
-236
-237
-237
-237
-47
-41
-28
-41
-115
36
0
18
-243
-246
-12
-229
-119
-176
-79
-153
-167
-228
-239
-238
-241
-158
-102
-191
-185
-242
-252
-253
-247
-243
-246
-238
-230
-231
-245
-245
-247
-187
-183
-161
-178
-106
-188
-218
-222
-176
-21
-253
-253
-254
-254
-253
-254
-252
-253
241
233
-254
-253
-254
-255
-254
165
122
58
-252
-250
-249
-254
-252
-253
-254
-253
222
232
231
-254
-254
-255
-24
-246
-246
-254
106
-165
-99
24
-150
-77
-219
-217
-221
-216
-218
-217
-216
147
-61
156
-61
-255
-255
-255
52
-251
-251
-36
-223
-73
-239
-221
-241
-248
-248
-253
-249
-239
-182
-166
-206
-231
-214
-249
-244
-249
-253
-243
-143
-209
-247
-248
-231
-224
-181
-190
-153
-193
-210
-239
-242
-164
-198
-197
-230
-234
-232
-249
-229
-240
-255
-254
244
236
-252
-252
-254
-254
-253
165
123
58
-228
-241
-243
-253
-253
-255
-255
-255
226
233
232
-247
-254
-255
-25
-234
-236
-248
180
-251
-246
-94
-189
-132
-238
-241
-242
-240
-240
-240
-240
-61
-75
-38
-75
-52
82
-51
39
-241
-243
-134
-217
-127
-206
-172
-182
-186
-246
-253
-253
-240
-222
-226
-236
-252
-252
-252
-249
-250
-248
-252
-227
-249
-250
-248
-249
-253
-240
-238
-226
-248
-243
-251
-252
-246
-251
-250
-238
-241
-244
-250
-254
-249
-255
-255
244
236
-237
-255
-255
-254
-249
165
122
62
-251
-252
-252
-246
-255
-255
-255
-252
225
233
232
-254
-255
-253
-24
-251
-250
-251
0
-251
-195
-1
-180
-149
-161
-247
-248
-247
-248
-248
-248
-112
22
-101
22
-32
82
-70
42
-242
-246
-85
-215
-110
-254
-253
-255
-255
-255
-255
-254
-246
-198
-220
-254
-254
-254
-255
-254
-255
-254
-254
-115
-219
-233
-233
-237
-240
-98
-40
-133
-174
-222
-234
-234
-105
-208
-217
-210
-206
-237
-244
-219
-237
-94
-77
86
65
-236
-253
-252
-253
-249
177
129
61
-202
-184
-176
-244
-253
-253
-253
-251
229
234
234
-241
-248
-253
-25
-132
-149
-234
70
-254
-229
-61
-200
240
-172
-216
-207
-204
-197
-202
-199
-98
36
-95
36
-26
5
-116
120
-214
-241
-85
-130
-171
-204
-162
-194
-198
-253
-252
-247
-245
-245
-232
-197
-186
-201
-253
-254
-252
-244
-245
-236
-250
-249
-250
-251
-250
-210
-99
-101
-122
-135
-134
-193
-65
-66
188
-233
-239
-240
-249
-252
-240
-255
-252
244
234
-246
-254
-255
-254
-239
165
122
48
-247
-248
-250
-245
-254
-255
-255
-253
225
233
232
-248
-253
-254
-25
-246
-241
-248
0
-254
-245
93
-217
176
-72
-243
-245
-244
-243
-243
-243
-27
-88
-16
-88
-4
-6
-133
75
-243
-248
-36
-247
-178
-246
-232
-245
-253
-255
-255
-255
-250
-200
-249
-254
-255
-254
-246
-254
-254
-254
-254
-124
-242
-252
-253
-253
-253
-165
-179
-173
-173
-237
-251
-254
-210
-168
-57
-248
-248
-250
-253
-251
-250
-255
-254
244
235
-248
-253
-253
-254
-250
166
122
57
-249
-249
-247
-253
-255
-255
-255
-255
225
233
232
-254
-254
-255
-28
-241
-241
-251
87
-255
-216
23
-207
25
-123
-251
-252
-251
-252
-251
-252
-167
-20
-147
-20
-4
34
-113
99
-219
-237
-61
-230
-198
5
-124
-121
-185
-245
-250
-252
-251
-249
-244
-222
-234
-246
-254
-251
-237
-212
-241
-225
-251
-254
-253
-252
-238
-217
-220
-230
-206
-239
-244
-250
-225
-239
-220
-245
-243
-246
-252
-250
-240
-250
-250
239
232
-250
-251
-252
-254
-248
164
123
55
-248
-221
-224
-252
-249
-254
-253
-254
220
233
232
-253
-252
-255
-25
-190
-205
-249
0
-223
-150
-72
-233
-137
-238
-232
-234
-231
-233
-232
-232
134
-63
140
-63
52
-255
-255
-3
-228
-238
-121
-218
-118
-254
-254
-253
-251
-254
-255
-255
-254
-211
-239
-252
-253
-253
-254
-253
-254
-253
-255
-240
-243
-247
-252
-250
-246
-222
-234
-188
-92
-190
-239
-247
-212
-198
-170
-242
-245
-251
-254
-228
-239
-255
-254
245
236
-252
-254
-255
-254
-253
165
123
58
-244
-245
-247
-253
-254
-255
-255
-255
225
233
232
-251
-255
-255
-25
-247
-247
-251
151
-232
-206
128
-217
146
-193
-220
-214
-221
-212
-225
-211
46
10
35
10
52
-108
-196
66
-239
-246
-134
-150
-145
-252
-237
-238
-247
-255
-255
-254
-253
-253
-252
-53
-63
-215
-255
-254
-250
-219
-145
-83
-254
-254
-255
-255
-252
-101
12
-12
-10
-159
-218
-232
-230
-154
165
-233
-236
-219
-241
-249
-241
-254
-252
244
234
-225
-253
-253
-251
-208
165
122
30
-250
-244
-241
-228
-254
-254
-254
-253
225
233
232
-254
-254
-254
-25
-235
-230
-244
-8
-217
-137
19
-199
-135
-219
-241
-242
-240
-241
-241
-240
66
-22
68
-22
-133
124
128
6
-238
-244
-73
-117
-135
-255
-255
-254
-255
-254
-255
-255
-254
-252
-250
-241
-249
-251
-254
-241
-239
-248
-243
-250
-252
-253
-251
-194
-113
-202
-218
-192
-221
-251
-253
-250
-214
-202
-215
-251
-252
-254
-255
-186
-203
-255
-254
246
239
-245
-254
-255
-254
-246
165
122
55
-253
-254
-253
-247
-255
-255
-255
-253
225
233
232
-254
-255
-255
-24
-252
-251
-251
0
-255
-170
-14
-205
-98
-65
-246
-239
-243
-249
-247
-250
45
-65
55
-65
79
146
-107
85
-221
-239
-97
-218
-91
-247
-231
-241
-249
-254
-255
-254
-252
-228
-240
-253
-254
-255
-255
-255
-255
-254
-254
-237
-236
-245
-245
-247
-251
-237
-154
-135
-214
-237
-229
-238
-193
-221
-217
-252
-253
-253
-254
-255
-251
-255
-255
244
235
-248
-255
-255
-254
-253
165
122
60
-253
-252
-252
-250
-255
-255
-255
-251
225
233
232
-255
-255
-255
-25
-251
-253
-252
119
-231
-133
-51
-171
-128
-209
-217
-220
-217
-217
-218
-217
18
-65
26
-65
-39
-51
-139
62
-236
-243
-134
-219
-112
-245
-235
-247
-252
-255
-255
-255
-253
-249
-248
-253
-254
-254
-254
-255
-254
-252
-254
-246
-244
-249
-252
-252
-252
-243
-228
-242
-234
-233
-239
-246
-235
-239
-223
-254
-254
-249
-254
-254
-249
-255
-255
244
236
-252
-255
-255
-255
-253
166
123
58
-254
-255
-254
-251
-255
-255
-255
-255
225
233
232
-254
-253
-254
-24
-251
-253
-254
96
-250
-172
-52
-177
-30
-235
-228
-231
-229
-229
-229
-229
-97
-64
-76
-64
-29
-88
-164
54
-231
-240
-97
-58
-134
-251
-254
-254
-254
-255
-255
-255
-255
-255
-248
-248
-255
-255
-255
-250
-244
-248
-251
-254
-252
-248
-243
-226
-224
-230
-236
-243
-252
-251
-252
-251
-199
-243
-239
-247
-246
-243
-254
-223
-197
-228
-246
232
231
-208
-251
-254
-131
-224
165
122
51
-178
-251
-243
-216
-254
-255
-255
-204
232
233
232
-229
-250
-246
-155
-243
-232
-186
98
-254
-248
105
-213
69
-161
-206
-212
-206
-208
-208
-207
153
-21
162
-21
6
-11
-140
145
-224
-244
-36
-226
-181
-231
-209
-228
-250
-254
-255
-255
-253
-245
-183
21
-218
-250
-255
-251
-239
-216
-229
-248
-243
-235
-245
-229
-219
-93
-74
-118
-159
-222
-235
-232
-59
-42
-15
-217
-207
-58
-196
-249
-150
-255
-255
245
242
-33
-254
-254
-255
-253
167
126
155
-244
-228
-222
-163
-241
-244
-243
-239
212
224
222
-247
-244
-207
2
-222
-238
-251
112
-247
-38
-91
-172
-198
42
-237
-227
-231
-206
-234
-248
159
-59
164
-59
-7
-34
-146
18
-225
-228
-146
-221
-140
-239
-233
-246
-249
-254
-254
-254
-251
-234
-240
-249
-254
-253
-255
-254
-254
-253
-253
-236
-238
-240
-245
-251
-242
-225
-183
-195
-202
-214
-231
-245
-210
-225
-198
-252
-252
-253
-254
-254
-238
-255
-253
244
235
-16
-255
-255
-253
-244
184
129
155
-253
-252
-250
-238
-255
-255
-255
-251
225
233
232
-254
-254
-254
-25
-251
-251
-241
36
-248
-210
18
-205
-90
-204
-201
-206
-199
-203
-203
-201
37
-70
51
-70
46
39
-135
49
-251
-252
-61
-82
-125
-239
-243
-244
-252
-254
-254
-255
-255
-254
-204
-228
-253
-254
-255
-252
-240
-231
-250
-254
-248
-228
-143
-210
-226
-214
-243
-254
-255
-253
-252
-247
-219
-245
-247
-255
-255
-254
-254
-254
-252
-250
-240
239
221
-248
-255
-255
-254
-252
166
123
59
-254
-254
-253
-253
-255
-255
-255
-255
225
233
232
-249
-252
-254
-24
-252
-252
-252
-255
-242
-150
-101
-157
161
-245
-250
-251
-250
-249
-250
-250
-60
-59
-40
-59
-112
-82
-106
-6
-207
-213
-109
-244
-54
-242
-243
-250
-253
-255
-254
-252
-222
-211
-241
-254
-255
-254
-250
-254
-254
-248
-246
-133
-242
-248
-243
-220
-187
-89
-199
-196
-215
-214
-241
-227
-219
-233
-231
-242
-245
-239
-250
-248
-241
-255
-254
244
236
-250
-253
-254
-254
-253
165
122
59
-238
-242
-244
-251
-254
-255
-255
-255
226
233
232
-249
-254
-254
-25
-235
-229
-247
178
-222
-186
-182
-30
-54
-249
-243
-244
-243
-243
-243
-243
-31
-55
-8
-55
-118
-42
-64
24
-233
-239
134
-234
-193
-245
-247
-254
-255
-255
-255
-255
-255
-255
-236
-247
-254
-255
-255
-247
-250
-246
-252
-255
-253
-248
-250
-247
-247
-245
-253
-251
-252
-254
-249
-238
-250
-251
-252
-253
-253
-251
-254
-255
-250
-255
-255
244
236
-247
-255
-255
-254
-250
165
122
58
-255
-254
-254
-253
-255
-255
-255
-255
225
233
232
-255
-255
-254
-24
-248
-245
-249
102
-176
-123
-93
-152
155
-245
-239
-243
-239
-240
-241
-239
-71
-58
-48
-58
56
43
-137
8
-225
-234
-36
-249
-189
-255
-255
-255
-254
-254
-254
-254
-254
-153
40
-240
-254
-252
-253
-238
-243
-252
-253
-248
-124
-152
-207
-242
-240
-250
-251
-245
-210
-19
-195
-184
-239
-243
-157
-251
-248
-254
-254
-252
-250
-255
-255
244
236
-251
-254
-254
-254
-253
166
123
59
-252
-247
-239
-252
-255
-255
-254
-254
225
233
232
-254
-254
-255
-25
22
-240
-252
65
-241
-255
-247
47
151
-218
-211
-202
-213
-200
-217
-198
-14
-69
8
-69
-184
-255
-255
28
-240
-245
-97
-141
-124
-255
-255
-255
-255
-255
-255
-255
-255
-251
-197
-236
-252
-255
-255
-253
-253
-247
-253
-254
-239
-217
-212
-237
-235
-203
-223
-251
-251
-247
-232
-206
-212
-220
-221
-251
-250
-254
-255
-254
-253
-255
-255
244
235
-252
-255
-254
-254
-254
165
122
59
-252
-251
-249
-253
-255
-255
-255
-254
225
233
232
-254
-255
-255
-25
-231
-245
-253
-232
-249
-207
62
-219
-103
-111
-245
-246
-245
-245
-245
-245
-102
-26
-88
-26
117
-34
-182
186
-181
-230
-73
-103
-133
-237
-193
-132
-220
-241
-246
-250
-248
-247
-245
-222
-235
-229
-254
-255
-254
-253
-253
-244
-248
-253
-253
-253
-253
-247
-232
-228
-226
-226
-215
-183
-221
-233
-196
-243
-246
-249
-252
-252
-245
-255
-254
244
235
-249
-255
-255
-254
-248
166
123
55
-251
-252
-252
-246
-254
-255
-255
-254
224
233
232
-249
-254
-254
-24
-251
-248
-251
69
-253
-96
-85
-175
219
-238
-238
-243
-244
-240
-238
-241
-130
-55
-107
-55
-168
-164
-128
46
-238
-241
0
-247
-164
-227
-245
-247
-238
-252
-251
-243
-201
-183
-212
-209
-232
-236
-242
-246
-245
-232
-224
-72
-219
-233
-221
-207
-195
-158
-145
-123
-205
-229
-225
-229
-206
-238
-245
-249
-249
-253
-254
-253
-249
-255
-254
244
235
-247
-254
-254
-254
-247
168
122
55
-248
-252
-250
-250
-252
-255
-255
-253
223
233
232
-249
-254
-255
-25
-243
-244
-250
-137
-247
-251
-36
-206
-53
-251
-246
-247
-246
-247
-247
-247
68
-46
89
-46
-58
-6
-100
159
-195
-238
194
-251
-227
-254
-254
-254
-255
-255
-255
-255
-255
-255
-252
-243
-231
-188
-255
-253
-251
-243
-245
-99
-226
-237
-247
-251
-253
-248
-247
-245
-235
-242
-242
-237
-213
-238
-237
-239
-243
-227
-247
-19
-225
-255
-254
247
237
-248
-244
-251
-253
-249
160
121
57
-228
-230
-232
-251
-252
-254
-254
-254
225
233
232
-225
-246
-254
-24
-245
-245
-251
-102
-238
-138
-66
-143
-76
-204
-233
-235
-233
-234
-234
-233
-125
33
-111
33
-27
36
-98
40
-233
-241
-73
-79
-133
-251
-252
-254
-254
-255
-255
-255
-254
-253
-221
-251
-255
-255
-255
-244
-246
-246
-252
-253
-246
-220
-214
-182
-217
-237
-252
-250
-251
-252
-254
-227
-230
-234
-244
-96
-101
-225
-233
-138
-219
-250
-248
241
232
-220
-201
-208
-232
-218
168
125
41
-79
18
13
-237
255
255
255
120
-255
-255
-255
-206
-231
-252
-24
121
-135
-220
79
-252
-248
-66
-213
-32
-226
-230
-231
-228
-228
-228
-227
-86
-59
-63
-59
19
113
-90
65
-237
-246
-85
-233
-133
-216
-115
-153
-224
-250
-253
-252
-250
-232
63
-226
-250
-249
-253
-201
-185
-230
-248
-220
-94
-31
-123
-171
-126
-218
-225
-197
-172
-182
-208
-108
-184
-205
-107
-240
-240
-241
-252
-250
-250
-255
-255
244
236
-243
-254
-255
-254
-252
174
127
61
-248
-250
-248
-243
-254
-255
-255
-254
225
233
232
-253
-254
-254
-24
-247
-248
-251
-83
-235
-195
33
-208
-25
-243
-241
-243
-241
-242
-242
-241
74
-51
84
-51
-126
13
0
-4
-226
-236
-49
-53
-110
-255
-255
-255
-255
-255
-255
-255
-255
-254
-204
-246
-254
-255
-255
-253
-252
-245
-248
-247
-205
-192
-156
-217
-248
-221
-207
-219
-232
-216
-199
-205
-248
-204
-202
-252
-253
-254
-255
-251
-250
-255
-255
244
236
-248
-255
-255
-255
-254
166
122
60
-253
-253
-252
-248
-255
-255
-255
-253
225
233
232
-254
-255
-255
-25
-253
-252
-252
-135
-229
-133
9
-183
99
-253
-249
-250
-249
-249
-250
-249
-119
-74
-107
-74
-150
-119
-96
-1
-203
-220
-121
-236
-70
-252
-252
-250
-251
-254
-255
-254
-248
-241
-253
-254
-255
-255
-252
-255
-254
-253
-253
-93
-245
-253
-253
-251
-248
-185
-174
-238
-248
-247
-253
-254
-242
-251
-239
-249
-249
-251
-253
-249
-239
-255
-254
244
236
52
-233
-220
-247
-233
183
160
174
-250
-248
-247
-237
-254
-254
-254
-252
225
233
232
-254
-254
-253
-25
-238
-244
-243
109
-254
-196
-81
-168
26
-245
-237
-238
-236
-237
-238
-236
27
-59
49
-59
9
19
-128
-19
-214
-225
-109
-226
-112
-251
-249
-252
-254
-255
-255
-255
-231
-226
-241
-247
-255
-255
-251
-255
-254
-252
-254
-150
-241
-248
-250
-248
-245
-109
-190
-176
-201
-235
-240
-239
-228
-222
-237
-236
-240
-238
-248
-253
-242
-255
-254
244
236
-250
-254
-255
-254
-251
166
123
58
-237
-243
-246
-252
-253
-255
-255
-254
225
233
232
-250
-254
-255
-25
-240
-242
-244
255
-230
-13
-87
-142
-28
-228
-248
-249
-248
-248
-248
-247
-140
-68
-129
-68
-110
46
0
63
-231
-240
-134
-54
-121
-210
-181
-212
-239
-253
-254
-255
-254
-252
-231
-246
-254
-255
-255
-242
-250
-244
-253
-253
-235
-226
-218
-203
-214
-240
-250
-247
-252
-246
-239
-244
-230
-234
-241
-250
-251
-247
-253
-215
-252
-255
-255
244
236
-252
-252
-254
-255
-253
169
123
59
-233
-241
-242
-253
-224
-237
-241
-234
197
216
218
-250
-254
-255
-25
-247
-250
-253
0
-251
-244
157
-222
-130
-241
-247
-247
-246
-247
-247
-246
34
-78
28
-78
49
166
-85
140
-220
-242
-61
-134
-131
-253
-253
-253
-254
-255
-255
-255
-255
-255
-254
-245
-248
-221
-255
-255
-254
-250
-250
-194
-187
-224
-240
-252
-254
-251
-250
-247
-250
-253
-252
-245
-198
-216
-244
-232
-237
-230
-247
-230
-242
-255
-254
244
236
-248
-254
-254
-254
-249
165
122
57
-240
-246
-247
-252
-254
-255
-255
-254
225
233
232
-251
-254
-255
-25
-249
-250
-250
-102
-250
-224
-71
-163
150
-221
-242
-245
-242
-243
-244
-242
-187
-55
-163
-55
-64
-81
-143
65
-214
-232
-61
-231
-203
-234
-226
-248
-252
-255
-255
-255
-255
-255
-253
-112
-242
-252
-255
-253
-249
-193
-224
-246
-255
-255
-254
-252
-248
-99
1
-145
-212
-244
-236
-243
-114
52
255
-249
-250
-246
-252
-255
-252
-255
-255
244
235
-250
-255
-255
-255
-253
166
123
59
-251
-249
-249
-250
-255
-255
-255
-254
225
233
232
-254
-255
-254
-24
-236
-241
-252
155
-253
-246
21
-204
-72
-236
-250
-250
-249
-250
-250
-249
-198
-39
-175
-39
11
-34
-153
18
-236
-240
-85
-229
-105
-247
-249
-247
-250
-255
-255
-254
-253
-236
-194
-230
-248
-253
-255
-254
-254
-253
-254
-247
-224
-235
-242
-240
-240
-231
-194
-190
-168
-176
-197
-200
-228
-175
-26
-254
-252
-255
-255
-255
-252
-255
-255
244
235
-252
-255
-255
-254
-252
165
122
57
-255
-254
-249
-239
-255
-255
-255
-253
225
233
232
-255
-255
-255
-25
-243
-241
-252
48
-250
-250
8
-238
-133
-240
-235
-238
-234
-234
-236
-234
29
-61
50
-61
29
-255
-255
133
-237
-248
-158
-218
-110
-255
-255
-255
-255
-255
-255
-255
-251
-251
-224
-255
-255
-255
-254
-254
-255
-255
-255
-248
-238
-248
-249
-251
-251
-246
-245
-244
-237
-238
-240
-239
-251
-251
-239
-252
-252
-251
-254
-254
-254
-255
-255
244
235
-254
-255
-255
-254
-250
165
122
54
-253
-252
-253
-255
-255
-255
-255
-254
225
233
232
-254
-255
-255
-25
-249
-249
-254
57
-251
-109
-89
-132
-116
-230
-255
-255
-255
-255
-255
-255
-95
-85
-80
-85
-118
-11
-36
27
-236
-242
-109
-109
-151
-192
-231
-252
-251
-254
-255
-255
-255
-254
-240
-238
-250
-253
-255
-246
-245
-237
-251
-253
-254
-252
-232
-209
-230
-226
-238
-245
-232
-246
-253
-252
-204
-228
-218
-255
-254
-249
-254
-254
-255
-255
-255
244
236
-254
-255
-254
-254
-253
166
122
58
-254
-253
-252
-254
-255
-255
-255
-255
225
233
232
-255
-255
-255
-25
-255
-253
-254
23
-254
-175
-123
-118
-133
-234
-236
-238
-236
-237
-237
-237
-20
-83
1
-83
90
-255
-255
46
-238
-242
-170
-214
-99
-254
-254
-254
-253
-254
-254
-253
-245
-225
-239
-253
-254
-254
-253
-254
-253
-254
-253
-227
-240
-250
-251
-244
-226
-218
-191
-205
-223
-228
-242
-232
-224
-241
-237
-244
-245
-250
-253
-233
-135
-255
-254
247
243
-246
-252
-254
-254
-251
169
126
59
-195
-156
-157
-247
-253
-254
-254
-253
230
237
235
-246
-251
-254
-25
-247
-243
-248
97
-253
-241
56
-216
94
-229
-251
-252
-251
-251
-251
-251
-14
-22
-8
-22
-59
16
-85
0
-210
-222
-134
-254
-83
-249
-234
-208
-232
-253
-253
-254
-254
-235
-151
-243
-253
-254
-255
-250
-251
-244
-251
-251
-213
-234
-236
-249
-250
-244
-249
-247
-239
-226
-240
-236
-248
-243
-236
-250
-250
-253
-254
-253
-245
-255
-254
244
236
-228
-255
-255
-252
-245
166
123
61
-253
-254
-253
-245
-255
-255
-255
-249
225
233
232
-255
-255
-254
-24
-252
-250
-248
102
-248
-221
-31
-203
123
-106
-231
-228
-231
-227
-236
-227
-95
-58
-72
-58
76
-59
-182
32
-246
-248
-109
-221
-133
-239
-183
-60
-173
-246
-252
-252
-254
-244
-234
-248
-252
-252
-255
-254
-254
-254
-254
-252
-250
-252
-253
-253
-253
-246
-243
-230
-235
-207
-248
-251
-239
-224
-203
-253
-253
-249
-252
-254
-251
-255
-255
244
235
-250
-255
-255
-254
-250
165
122
57
-252
-248
-248
-253
-255
-255
-255
-254
225
233
232
-254
-254
-255
-25
-244
-247
-252
-126
-247
-216
52
-213
-52
112
-115
-129
-114
-132
-150
-149
-109
-203
-87
-203
52
92
-116
28
-222
-230
-109
-235
-74
-176
-24
-148
-188
-248
-248
-252
-245
-194
-227
-246
-253
-253
-253
-254
-254
-254
-254
-244
-247
-252
-248
-249
-245
-197
-146
-107
-160
-123
-231
-226
-130
-194
-85
-244
-246
-247
-253
-253
-234
-255
-254
244
236
-244
-255
-254
-254
-250
165
122
59
-252
-249
-245
-210
-255
-255
-255
-252
225
233
232
-254
-254
-248
-21
-240
-241
-249
-91
-254
-233
26
-212
54
-224
-254
-254
-254
-254
-254
-254
-24
9
-15
9
-18
179
-30
169
-194
-237
0
-234
-197
-233
-225
-134
-159
-236
-247
-248
-249
-241
-242
-218
-223
-209
-254
-254
-254
-252
-253
-232
-248
-252
-254
-254
-252
-232
-210
-208
-172
-177
-184
-168
-147
-178
-63
-231
-237
-237
-248
-252
-247
-255
-254
244
235
-251
-254
-255
-254
-251
165
122
57
-248
-249
-250
-250
-253
-255
-255
-254
224
233
232
-250
-254
-255
-25
-246
-243
-250
-126
-232
-199
-56
-171
-121
-225
-238
-239
-237
-239
-239
-238
-22
-62
-1
-62
-20
152
-42
35
-232
-240
-109
-225
-135
-254
-254
-254
-255
-255
-255
-255
-255
-251
-217
-245
-254
-255
-255
-253
-252
-250
-254
-253
-229
-234
-229
-242
-241
-243
-239
-243
-239
-237
-239
-227
-241
-250
-235
-239
-243
-241
-252
-242
-253
-255
-255
244
236
-254
-254
-255
-255
-254
166
122
58
-241
-250
-250
-252
-254
-255
-255
-255
225
233
232
-249
-254
-255
-26
-242
-238
-252
111
-253
-199
-70
-170
56
-234
-252
-252
-252
-252
-252
-252
-131
-53
-108
-53
-102
5
-46
-23
-210
-219
-109
-232
-126
-249
-234
-237
-241
-253
-254
-253
-228
-194
-217
-228
-243
-251
-239
-252
-251
-253
-251
25
-239
-230
-237
-240
-244
-91
-40
-203
-231
-230
-247
-242
-179
-250
-250
-242
-245
-254
-254
-249
-252
-255
-255
244
235
-251
-253
-254
-254
-251
166
123
57
-250
-252
-251
-251
-255
-255
-255
-254
225
233
232
-251
-254
-255
-25
-248
-248
-252
156
-255
-252
110
-215
-133
-220
-249
-250
-250
-250
-250
-250
-59
-177
-56
-177
90
39
-150
19
-235
-241
-109
-223
-86
-246
-210
-238
-248
-251
-253
-253
-250
-237
-114
-225
-249
-252
-254
-249
-252
-242
-251
-249
-187
-242
-247
-234
-246
-236
-235
-198
-216
-192
-173
-219
-231
-191
-157
-241
-245
-253
-252
-249
-253
-255
-255
244
236
-253
-254
-255
-255
-255
167
125
59
-247
-229
-235
-253
-221
-199
-214
-214
192
179
192
-252
-253
-254
-24
-227
-241
-254
125
-254
-242
96
-219
-126
-204
-253
-253
-253
-253
-253
-253
-42
-8
-35
-8
20
-11
-146
90
-245
-250
-85
-225
-124
-131
105
-8
-112
-241
-243
-246
-245
-241
-17
-232
-249
-245
-252
-152
-234
-229
-247
-220
-87
-167
-106
-90
-183
-232
-235
-228
-214
-200
-161
-169
-221
-233
-197
-246
-248
-241
-250
-249
-251
-255
-255
244
236
-245
-254
-254
-254
-254
170
124
62
-248
-248
-247
-241
-254
-255
-255
-254
225
233
232
-252
-254
-254
-24
-247
-247
-251
93
-221
-247
-202
13
237
-186
-227
-240
-247
-253
-254
-252
-23
-52
0
-52
-192
-255
-255
9
-231
-238
-146
-214
-106
-254
-254
-254
-255
-255
-255
-255
-232
-180
-215
-250
-254
-254
-251
-252
-254
-253
-252
-60
-224
-234
-243
-240
-234
45
-115
-27
-168
-120
-152
-234
-183
-214
-235
-225
-231
-229
-247
-247
-234
-255
-254
244
236
-249
-249
-253
-253
-250
164
122
57
-222
-235
-239
-252
-253
-255
-255
-254
226
233
232
-245
-253
-255
-25
-226
-231
-241
86
-251
-183
-7
-198
155
-230
-253
-253
-253
-253
-253
-253
-172
-72
-154
-72
-112
-32
-64
72
-232
-243
24
-230
-200
-252
-253
-249
-252
-255
-255
-255
-255
-255
-254
-240
-251
-254
-255
-254
-248
-234
-243
-250
-255
-254
-253
-251
-248
-215
-174
-204
-241
-242
-251
-254
-173
-216
-177
-242
-223
-235
-252
-221
255
-156
-187
166
205
-79
-211
-254
255
158
138
122
-238
-207
-243
-173
255
-247
-255
-254
164
222
233
234
-234
-251
-238
-255
-233
-195
197
98
-251
-247
11
-220
116
-95
-168
-160
-187
-165
-192
-165
-140
-60
-116
-60
123
-59
-191
19
-234
-242
-146
-139
-136
-209
-107
-77
-166
-245
-251
-249
-252
-246
167
-121
-250
-246
-252
-166
-149
-134
-233
-241
-222
-55
59
-40
-137
-215
-241
-222
-213
-181
-223
-191
-96
-184
-189
-243
-246
-223
-248
-245
-251
-255
-255
244
236
-242
-253
-254
-254
-252
175
127
61
-242
-245
-246
-249
-253
-255
-255
-254
225
233
232
-249
-251
-253
-24
-242
-243
-251
-196
-253
-217
32
-209
123
-136
-238
-238
-238
-238
-237
-238
-103
-63
-80
-63
-52
43
-75
75
-220
-228
-36
-229
-197
-45
-68
-91
-173
-238
-248
-249
-248
-247
-239
-195
-246
-247
-253
-240
-227
-165
-188
-237
-240
-243
-249
-228
-232
-215
-180
-219
-238
-226
-247
-249
-240
-236
-211
-242
-240
-245
-250
-250
-237
-254
-254
244
236
-245
-253
-251
-253
-248
166
123
57
-188
-222
-221
-249
-253
-254
-253
-254
230
233
232
-252
-252
-254
-31
-195
-205
-248
-102
-249
-157
-125
-74
-132
-244
-254
-254
-254
-254
-254
-254
-75
41
-61
41
-30
-255
-255
-32
-215
-231
-134
-114
-142
-203
-220
-248
-254
-254
-255
-255
-255
-254
-234
-250
-250
-253
-255
-246
-252
-252
-254
-255
-255
-251
-244
-247
-251
-250
-253
-255
-240
-245
-255
-253
-251
-254
-252
-253
-253
-251
-254
-254
-251
-255
-255
244
236
-248
-255
-254
-254
-249
165
122
56
-255
-253
-253
-253
-255
-255
-255
-254
225
233
232
-255
-255
-254
-24
-249
-247
-250
194
-254
-245
62
-200
46
-200
-249
-249
-248
-249
-249
-249
-133
-132
-118
-132
-32
63
-80
-84
-118
-169
-231
-192
-82
-254
-255
-255
-255
-255
-243
-248
-254
-254
-255
-253
-254
-253
-255
-239
-249
-252
-253
-240
-234
-251
-253
-253
-250
-217
-192
-236
-248
-253
-254
-254
-253
-250
-236
-244
-245
-243
-253
-251
-247
-255
-254
244
236
-249
-253
-253
-254
-252
165
122
59
-246
-244
-243
-250
-199
-201
-194
-103
171
180
172
-252
-254
-254
-25
-214
-237
-245
-255
-254
-241
23
-180
-132
-245
-253
-254
-253
-253
-253
-253
-158
27
-142
27
32
127
-91
11
-225
-234
-121
-211
-121
-252
-251
-254
-255
-255
-255
-255
-245
-238
-249
-254
-255
-255
-242
-254
-255
-254
-254
-172
-252
-251
-252
-252
-253
-204
-196
-243
-242
-243
-253
-254
-227
-246
-192
-252
-252
-253
-254
-253
-252
-255
-255
244
235
-251
-254
-254
-254
-252
166
122
58
-253
-251
-249
-254
-255
-255
-255
-255
225
233
232
-255
-254
-255
-28
-246
-246
-253
39
-241
-187
123
-229
-94
255
-168
-181
-167
-174
-169
-171
113
-4
118
-4
97
-11
-170
54
-204
-211
-146
-232
-197
-7
-46
-186
-191
-241
-249
-250
-249
-249
-248
-243
-234
-248
-253
-251
-250
-232
-243
-184
-252
-254
-251
-250
-249
-233
-235
-185
-195
-233
-242
-244
-248
-236
-239
-242
-243
-247
-250
-252
-244
-254
-255
244
236
-244
-253
-251
-253
-252
164
121
61
-245
-233
-232
-248
-254
-254
-254
-252
225
233
232
-254
-254
-254
-25
-225
-232
-250
115
-226
-178
61
-198
-147
-184
-216
-221
-215
-216
-216
-215
-82
-24
-79
-24
9
-45
-157
147
-222
-248
-36
-126
-95
-253
-249
-252
-251
-254
-255
-254
-253
-251
-242
-191
-224
-238
-255
-254
-251
-251
-248
-191
-218
-245
-244
-235
-232
-159
-184
-166
-183
-93
-207
-169
-198
-190
-149
-211
-218
-244
-253
-213
-243
-254
-251
244
233
-246
-254
-255
-252
-236
166
123
46
-242
-248
-249
-250
-254
-255
-255
-253
225
233
232
-250
-254
-254
-25
-249
-247
-245
79
-218
-39
-46
-160
-70
-242
-250
-250
-250
-250
-250
-250
-52
-57
-31
-57
-7
186
-36
21
-229
-237
-97
-227
-109
-241
-237
-245
-252
-254
-253
-254
-254
-250
-248
-251
-248
-250
-254
-254
-254
-253
-253
-254
-242
-250
-251
-252
-254
-253
-254
-249
-248
-249
-251
-251
-249
-240
-214
-254
-254
-253
-254
-249
-253
-255
-255
244
235
-253
-255
-255
-255
-254
166
123
58
-254
-254
-254
-254
-255
-255
-255
-255
225
233
232
-254
-255
-254
-24
-249
-253
-253
0
-252
-172
26
-203
-186
56
-246
-247
-246
-246
-246
-246
-101
-130
-87
-130
118
71
-148
35
-237
-243
-121
-212
-105
-245
-147
-100
-111
-233
-246
-246
-233
-217
-243
-253
-253
-254
-251
-255
-255
-255
-254
-222
-250
-253
-252
-251
-249
-176
-210
-213
-191
-224
-241
-242
-219
-217
-197
-246
-247
-248
-253
-253
-217
-255
-254
245
237
-235
-255
-255
-254
-245
165
122
59
-252
-249
-245
-167
-255
-255
-255
-252
225
233
232
-254
-254
-239
-16
-246
-247
-246
30
-250
-200
-3
-206
-64
-208
-250
-250
-249
-249
-250
-250
-95
-25
-74
-25
-84
-77
-128
102
-237
-247
170
-242
-196
-253
-251
-251
-253
-254
-254
-254
-254
-246
-227
-171
-213
-236
-255
-253
-248
-238
-244
-209
-223
-245
-227
-220
-195
-147
-107
-42
-107
-119
-178
-212
-68
-170
-95
-235
-238
-252
-254
-240
-245
-255
-254
244
235
-235
-255
-255
-254
-247
168
125
60
-249
-252
-252
-251
-254
-255
-255
-254
225
233
232
-252
-254
-255
-25
-250
-250
-251
81
-227
-206
-162
-105
52
-238
-233
-235
-232
-233
-234
-232
54
-59
75
-59
-102
-52
-93
-255
255
255
-255
-11
-190
-231
-220
-228
-231
-251
-253
-253
-250
-245
-219
-239
-249
-251
-255
-239
-244
-247
-253
-253
-251
-248
-242
-234
-244
-254
-255
-255
-253
-248
-249
-244
-246
-255
-254
-251
-251
-249
-254
-253
-247
-255
-255
244
236
-242
-255
-254
-253
-245
166
122
55
-254
-252
-252
-250
-255
-255
-255
-254
225
233
232
-254
-254
-253
-24
-241
-241
-248
-144
-255
-226
69
-216
37
-168
-254
-254
-254
-254
-254
-254
5
-177
17
-177
38
150
-85
21
-237
-241
-73
-6
-109
-157
-137
26
-148
-246
-251
-249
-249
-220
17
-150
-215
-242
-251
-229
-107
-207
-236
-129
64
-162
-213
-162
-82
-193
-148
-65
-128
-95
-114
-202
-113
-154
-108
-242
-245
-236
-251
-248
-252
-255
-255
244
236
-246
-254
-254
-254
-254
168
124
62
-242
-247
-246
-247
-253
-254
-254
-253
224
233
232
-252
-255
-255
-24
-245
-244
-252
-98
-252
-193
-70
-185
-132
-247
-248
-248
-247
-248
-248
-248
16
191
15
191
93
-255
-255
57
-251
-252
-36
-116
-153
-254
-254
-251
-250
-253
-254
-254
-253
-251
-235
-239
-250
-249
-254
-247
-246
-231
-243
-251
-250
-221
-209
-216
-219
-114
-229
-237
-239
-244
-251
-246
-179
-193
-8
-253
-253
-255
-255
-250
-195
-255
-254
244
239
-253
-255
-255
-255
-254
165
122
59
-253
-255
-254
-251
-255
-255
-255
-253
225
233
232
-255
-255
-255
-25
-254
-253
-253
8
-160
88
-141
-91
250
-213
-237
-242
-244
-246
-247
-246
-83
-62
-60
-62
16
-255
-255
-22
-214
-229
-134
-222
-120
-125
-28
-25
-87
-159
-229
-210
-176
-143
121
169
-144
-164
-249
-235
-219
-134
-198
-166
74
-114
-221
-228
-240
-184
-164
-235
-160
-105
-125
-102
-177
-223
-119
-244
-241
-251
-253
-242
-244
-254
-254
243
235
-245
-243
-251
-253
-250
161
121
58
-237
-241
-236
-249
-251
-253
-253
-252
222
232
231
-246
-250
-253
-24
-203
-233
-245
0
-244
-204
-157
-138
-70
-245
-248
-249
-247
-248
-248
-248
-108
-67
-85
-67
-42
-34
-128
25
-226
-234
-158
-216
-126
-255
-255
-255
-255
-255
-255
-254
-242
-218
-245
-253
-255
-255
-253
-254
-255
-255
-255
-219
-246
-251
-251
-245
-249
-190
-165
-162
-218
-225
-248
-250
-213
-235
-244
-243
-243
-247
-252
-237
-240
-255
-254
244
236
-250
-254
-254
-254
-251
166
123
58
-249
-250
-251
-249
-254
-255
-255
-255
225
233
232
-253
-255
-254
-25
-247
-249
-249
76
-248
-207
48
-220
-46
-164
-243
-244
-242
-243
-243
-242
-158
-66
-138
-66
35
80
-113
54
-242
-247
-49
-224
-96
-230
-213
72
-38
-235
-236
-239
-238
-192
-210
-221
-247
-251
-254
-254
-254
-254
-254
-248
-242
-250
-251
-252
-251
-211
-154
-118
-188
-197
-225
-223
-179
-212
-164
-240
-242
-245
-252
-252
-192
-255
-254
245
239
-215
-254
-255
-253
-248
165
122
70
-251
-247
-243
-146
-255
-255
-255
-252
225
233
232
-254
-254
-236
-15
-242
-245
-245
-181
-252
-250
99
-244
148
-215
-217
-222
-213
-215
-217
-219
59
-60
78
-60
6
41
-116
99
-243
-250
24
-249
-177
-255
-255
-255
-255
-255
-255
-255
-249
-238
-221
-254
-255
-255
-254
-254
-255
-254
-254
-240
-240
-246
-246
-249
-250
-239
-234
-219
-211
-222
-228
-236
-248
-240
-227
-246
-249
-251
-253
-253
-252
-255
-254
244
235
-253
-255
-254
-253
-245
165
122
51
-251
-249
-250
-252
-255
-255
-255
-249
225
233
232
-252
-254
-255
-25
-224
-235
-252
154
-253
-250
-8
-195
220
-244
-242
-240
-236
-240
-243
-239
-78
-66
-56
-66
18
62
-112
52
-240
-245
73
-248
-182
-232
-205
-244
-250
-254
-255
-254
-252
-221
-58
-173
-245
-249
-254
-249
-245
-243
-244
-244
-205
-203
-216
-225
-225
-205
-149
-155
-199
-136
-182
-162
-115
-163
41
-246
-247
-251
-253
-249
-252
-252
-251
241
232
-252
-249
-249
-252
-251
162
120
56
-248
-237
-240
-252
-254
-254
-254
-253
224
233
231
-253
-254
-255
-25
-224
-235
-252
-105
-228
-158
78
-217
44
-202
-236
-237
-235
-236
-237
-235
-21
-56
-15
-56
-46
-23
-119
5
-221
-234
-146
-204
-87
-255
-255
-255
-255
-255
-250
-204
-244
-251
-254
-254
-255
-254
-254
-251
-228
-140
-243
-210
-139
-157
-161
-216
-246
-230
-188
-178
-175
-182
-242
-248
-237
-221
-205
-250
-250
-249
-253
-246
-227
-255
-254
244
237
-250
-254
-254
-254
-252
166
123
58
-242
-245
-244
-253
-216
-225
-225
-213
188
204
203
-253
-254
-254
-24
-208
-226
-252
-158
-209
-234
-164
-34
-78
-228
-225
-228
-224
-225
-225
-225
-147
-51
-123
-51
-184
39
255
50
-234
-242
-85
-83
-100
-254
-254
-255
-255
-255
-255
-255
-255
-253
-228
-244
-253
-254
-255
-248
-250
-246
-249
-252
-229
-222
-234
-220
-228
-237
-223
-232
-237
-248
-238
-233
-232
-239
-213
-206
-205
-241
-246
-34
-160
-253
-251
249
238
-220
-236
-239
-248
-234
174
130
55
-171
-118
-124
-234
-179
-166
-156
-28
159
152
141
-235
-245
-252
-24
-167
-189
-237
49
-244
-205
-53
-187
-140
-212
-243
-244
-243
-243
-243
-243
-116
-87
-93
-87
-30
0
-116
24
-223
-233
-158
-214
-118
-254
-254
-255
-255
-255
-255
-255
-254
-244
-253
-255
-255
-255
-254
-255
-255
-255
-255
-238
-250
-254
-254
-254
-255
-246
-235
-246
-243
-251
-253
-255
-255
-253
-252
-250
-251
-252
-254
-252
-253
-255
-255
244
235
-253
-255
-255
-255
-254
166
122
59
-250
-250
-250
-253
-255
-255
-255
-254
225
233
232
-254
-254
-255
-25
-235
-245
-253
22
-254
-227
119
-229
26
42
-251
-251
-250
-251
-251
-251
-97
-62
-84
-62
19
98
-97
226
-143
-221
-85
-239
-206
-243
-220
-160
-203
-251
-254
-254
-253
-252
-252
-244
-250
-236
-255
-255
-255
-254
-254
-246
-233
-250
-252
-253
-254
-253
-246
-227
-213
-230
-244
-235
11
-156
-155
-230
-236
-242
-249
-252
-233
-255
-252
244
235
-243
-254
-255
-253
-241
165
122
51
-246
-247
-247
-223
-246
-254
-254
-251
217
232
231
-251
-254
-254
-25
-246
-243
-248
72
-226
-172
-17
-199
245
-244
-240
-239
-240
-238
-240
-238
36
-57
51
-57
-107
-145
-164
43
-240
-244
36
-246
-182
-252
-253
-253
-252
-247
-251
-251
-232
-162
-183
-218
-235
-233
-244
-246
-244
-226
-245
-168
-231
-240
-239
-239
-217
-148
-170
-21
-180
-229
-221
-222
-203
-211
-168
-225
-232
-244
-251
-249
-248
-254
-254
244
235
-251
-253
-254
-253
-251
166
123
57
-232
-239
-242
-252
-253
-255
-255
-254
226
233
232
-248
-254
-255
-25
-228
-230
-245
119
-242
-183
90
-221
-157
-149
-231
-233
-230
-231
-231
-231
-120
0
-123
0
29
-45
-164
82
-232
-242
-109
-126
-153
-222
-220
-210
-236
-252
-254
-253
-251
-251
-251
-228
-221
-221
-255
-255
-254
-250
-251
-211
-253
-253
-254
-254
-253
-236
-229
-231
-203
-177
-221
-238
-206
-206
-141
-249
-249
-252
-254
-251
-251
-255
-255
244
236
-250
-255
-255
-254
-252
165
123
58
-252
-250
-248
-249
-255
-255
-255
-254
225
233
232
-254
-254
-255
-25
-214
-218
-252
0
-254
-193
7
-212
153
-213
-250
-250
-250
-251
-250
-250
-47
-67
-29
-67
-41
-107
-170
102
-217
-239
24
-231
-201
-250
-253
-252
-253
-255
-255
-255
-254
-254
-247
-95
-179
-236
-255
-250
-224
-123
-165
-186
-245
-251
-253
-248
-232
-73
-67
-153
-166
-195
-234
-241
-169
-81
44
-244
-244
-236
-250
-253
-242
-255
-253
244
235
-209
-255
-254
-252
-227
165
122
53
-253
-248
-245
-175
-255
-255
-254
-251
225
233
232
-254
-254
-253
-24
-234
-231
-240
95
-253
-232
29
-202
115
-47
-223
-229
-222
-228
-225
-227
-39
-60
-17
-60
99
137
-119
12
-231
-239
-146
75
209
-241
-213
-232
-249
-254
-255
-253
-245
-175
-239
-254
-254
-254
-253
-255
-254
-255
-255
-231
-244
-245
-252
-252
-250
-152
115
-120
-207
-140
-237
-211
54
-220
-191
-185
-165
-249
-253
-253
-228
-255
-254
245
237
-240
-254
-254
-254
-252
165
122
62
-252
-246
-242
-210
-255
-255
-254
-251
225
233
232
-254
-254
-245
-19
-238
-238
-246
-77
-245
-198
-55
-148
-23
-248
-249
-249
-249
-249
-249
-249
-15
-81
-3
-81
-45
46
-78
14
-226
-235
-134
-203
-64
-255
-255
-255
-255
-255
-254
-213
-225
-245
-251
-255
-255
-254
-253
-253
-247
-199
-195
-182
-213
-211
-185
-152
-213
-192
-228
-199
-199
-217
-227
-237
-243
-232
-179
-251
-251
-249
-254
-247
-237
-254
-254
244
236
-250
-254
-254
-254
-251
167
123
57
-236
-244
-244
-252
-223
-233
-230
-218
195
212
207
-251
-251
-252
-23
-232
-237
-252
-165
-253
-150
14
-220
-97
235
-251
-251
-248
-248
-248
-251
208
-57
216
-57
-98
152
64
72
-225
-238
-85
-254
-156
-249
-236
-228
-244
-253
-254
-254
-254
-243
-199
-245
-251
-253
-255
-253
-251
-252
-254
-246
-199
-230
-236
-230
-227
-241
-241
-197
-215
-217
-189
-226
-225
-214
-212
-237
-240
-244
-251
-254
-233
-254
-250
244
232
-227
-254
-254
-252
-230
165
122
48
-239
-241
-244
-245
-254
-255
-255
-250
225
233
232
-253
-254
-254
-25
-248
-245
-216
-88
-235
-179
70
-206
-142
-226
-222
-226
-221
-223
-223
-222
100
-35
108
-35
-30
42
-93
77
-230
-241
-146
-212
-104
-245
-240
-243
-250
-254
-252
-248
-244
-240
-253
-217
-225
-226
-249
-251
-250
-250
-254
-211
-248
-253
-254
-252
-252
-232
-210
-213
-245
-248
-254
-253
-245
-244
-245
-250
-251
-250
-254
-252
-252
-255
-255
244
236
-147
-255
-255
-253
-249
204
131
101
-251
-253
-252
-254
-254
-255
-255
-254
225
233
232
-254
-255
-255
-25
-245
-250
-252
128
-248
-196
-16
-207
215
-215
-245
-246
-245
-245
-245
-245
4
-59
24
-59
-146
108
153
92
-245
-251
97
-246
-173
-228
-197
-40
-148
-235
-249
-250
-247
-224
-199
-209
-250
-248
-253
-251
-243
-238
-249
-199
-224
-233
-241
-238
-228
-111
-179
-160
-226
-218
-210
-225
-158
-209
-116
-166
-184
-209
-236
-203
-236
-254
-253
244
235
-232
-239
-250
-253
-249
165
127
63
-205
-227
-230
-247
-251
-254
-254
-253
226
233
232
-240
-252
-254
-25
-225
-225
-241
91
-255
-239
-75
-181
-26
-241
-241
-242
-241
-242
-242
-241
29
-68
51
-68
84
113
-121
-1
-229
-237
-73
-234
-165
-255
-255
-255
-255
-255
-255
-255
-255
-252
-203
-246
-251
-254
-255
-255
-254
-253
-253
-253
-204
-239
-236
-241
-248
-226
-234
-221
-240
-217
-210
-242
-249
-236
-220
-254
-254
-254
-255
-254
-254
-255
-255
244
235
-254
-255
-255
-255
-254
165
122
58
-253
-252
-251
-254
-255
-255
-255
-254
225
233
232
-255
-255
-255
-25
-239
-245
-254
-198
-253
-237
56
-214
142
-165
-246
-247
-246
-247
-247
-246
17
-72
31
-72
-16
-7
-128
12
-225
-231
-49
-249
-191
-243
-228
-179
-202
-249
-254
-254
-245
-181
-210
-236
-254
-253
-253
-250
-251
-241
-247
-224
-230
-246
-244
-250
-253
-238
-212
-223
-230
-237
-239
-248
-232
-242
-243
-249
-249
-253
-253
-254
-248
-255
-254
244
235
-228
-255
-255
-252
-244
165
122
60
-253
-253
-253
-250
-255
-255
-255
-250
225
233
232
-254
-255
-254
-25
-251
-247
-239
-70
-253
-161
15
-209
-52
-249
-255
-255
-255
-255
-255
-255
-112
-59
-92
-59
-84
-24
-89
71
-238
-246
194
-243
-196
-251
-252
-252
-254
-255
-255
-255
-255
-255
-254
-103
-231
-253
-255
-252
-224
-139
-213
-253
-254
-254
-253
-249
-229
-119
-135
-192
-226
-251
-254
-255
-158
-99
-1
-245
-246
-221
-249
-251
-248
-255
-254
244
235
-242
-254
-254
-252
-241
165
122
52
-252
-251
-250
-254
-255
-255
-255
-254
225
233
232
-254
-254
-255
-25
-247
-245
-252
-231
-251
-236
-69
-177
26
-233
-245
-247
-245
-246
-246
-246
-101
-62
-78
-62
-79
-103
-149
81
-242
-249
-36
-239
-112
-247
-243
-247
-244
-254
-252
-253
-253
-243
-232
-250
-250
-253
-254
-254
-255
-254
-255
-254
-249
-249
-252
-252
-252
-254
-248
-244
-245
-234
-249
-237
-249
-250
-228
-254
-254
-252
-254
-254
-253
-255
-255
244
236
-253
-255
-255
-255
-252
165
122
57
-253
-248
-250
-254
-255
-255
-255
-255
225
233
232
-254
-255
-255
-25
-250
-249
-253
-104
-231
255
-157
32
223
-245
-252
-252
-252
-252
-253
-252
-135
-60
-116
-60
-189
-187
-128
25
-213
-229
-73
-249
-188
-247
-248
-243
-246
-253
-253
-253
-254
-248
-238
-238
-246
-246
-254
-252
-253
-251
-252
-245
-214
-243
-252
-252
-251
-251
-250
-245
-242
-233
-238
-246
-250
-239
-190
-252
-252
-254
-255
-254
-253
-255
-255
244
235
-253
-255
-254
-255
-253
165
122
58
-254
-253
-253
-254
-254
-254
-254
-254
224
232
231
-254
-255
-255
-24
-247
-246
-253
-13
-250
-177
21
-218
31
158
-201
-194
-166
-226
-200
-201
183
-57
194
-57
-112
-7
-42
44
-231
-237
-24
-249
-186
-241
-214
-204
-227
-251
-254
-253
-247
-232
-185
-240
-251
-254
-255
-253
-252
-250
-254
-236
-215
-226
-233
-240
-235
-192
-188
-177
-183
-207
-215
-224
-187
-201
-157
-253
-253
-251
-253
-254
-239
-255
-254
244
235
181
-254
-254
-253
-243
185
167
240
-252
-247
-245
-246
-254
-255
-254
-252
224
233
232
-254
-254
-254
-25
-247
-247
-242
-43
-255
-213
0
-198
-102
-88
-250
-251
-250
-250
-250
-250
-87
-30
-72
-30
-44
146
-21
21
-232
-239
-121
-214
-94
-241
-210
-160
-205
-251
-251
-252
-239
-229
-247
-253
-254
-254
-252
-255
-255
-255
-255
-240
-249
-253
-253
-252
-247
-134
-167
-196
-222
-218
-244
-246
-134
-228
-227
-244
-246
-249
-254
-253
-178
-255
-255
246
240
-220
-255
-255
-254
-253
165
122
72
-252
-248
-243
-139
-255
-255
-255
-252
225
233
232
-254
-254
-229
-10
-247
-247
-249
101
-250
-95
-80
-157
161
-245
-250
-251
-250
-251
-250
-250
-146
-63
-131
-63
-112
-132
-149
-7
-206
-217
-85
-249
-188
-238
-249
-251
-253
-254
-254
-254
-254
-252
-247
-251
-253
-252
-255
-254
-253
-253
-253
-250
-228
-239
-247
-250
-252
-247
-248
-245
-235
-235
-245
-246
-251
-239
-188
-221
-215
-252
-253
-251
-250
-255
-255
244
236
-251
-253
-253
-254
-253
165
122
58
-250
-246
-247
-251
-239
-243
-243
-234
209
221
220
-253
-254
-254
-24
-235
-174
-236
94
-191
-181
-203
54
243
-248
-215
-248
-215
-244
-220
-239
-107
-57
-83
-57
-96
74
0
12
-192
-212
-73
-226
-201
-249
-242
-249
-252
-255
-255
-255
-254
-254
-239
-249
-254
-254
-254
-223
-242
-243
-253
-254
-251
-243
-204
-112
-106
-237
-247
-248
-252
-252
-252
-250
-198
-240
-241
-245
-247
-237
-251
-143
-249
-255
-255
244
236
-251
-238
-241
-250
-246
166
117
52
-203
-212
-224
-252
-245
-250
-250
-248
221
230
228
-242
-253
-255
-25
-233
-231
-249
0
