-255
-255
-255
-208
-44
-255
-255
-155
-255
-255
-255
-55
-255
-255
-255
-255
-150
-255
-255
-255
-255
-255
-255
-120
-255
-73
-255
-255
-255
-108
-255
-82
-255
-255
-255
-211
-255
-255
-255
-255
-130
-16
-255
-255
-75
-178
-255
-255
-255
-255
-255
-255
-255
-255
-255
-255
-255
-255
-255
-255
-255
-255
-241
-46
-255
-72
-116
-255
-255
-255
-248
-255
159
255
255
255
255
72
255
255
255
255
121
255
255
213
255
255
49
98
255
255
117
255
255
99
255
255
255
255
244
255
188
255
255
255
255
255
255
72
255
255
255
255
255
255
207
255
255
255
255
255
255
133
255
255
191
255
227
195
255
255
255
129
53
255
240
255
255
255
255
255
0
31
